"LineNumber","Kind","Name","TypeDefIndex","Declaration"
"219","class","GameMenuHandler","2","public class GameMenuHandler // TypeDefIndex: 2"
"240","class","LoginMenuHandler","3","public class LoginMenuHandler // TypeDefIndex: 3"
"270","class","MainMenu.","4","private sealed class MainMenu.<>c__DisplayClass14_0 // TypeDefIndex: 4"
"289","class","MainMenu","5","public class MainMenu : MonoBehaviour // TypeDefIndex: 5"
"364","class","MstItemEntity","6","public class MstItemEntity // TypeDefIndex: 6"
"381","enum","MstItemCategory","7","public enum MstItemCategory // TypeDefIndex: 7"
"392","class","MstItems","8","public class MstItems : ScriptableObject // TypeDefIndex: 8"
"405","class","ExcelAssetAttribute","9","public class ExcelAssetAttribute : Attribute // TypeDefIndex: 9"
"451","class","ExcelImporterRoot","10","public abstract class ExcelImporterRoot : ScriptableObject // TypeDefIndex: 10"
"466","class","CameraShake","11","public class CameraShake : MonoBehaviour // TypeDefIndex: 11"
"494","class","CameraShakeCaller","12","public class CameraShakeCaller : MonoBehaviour // TypeDefIndex: 12"
"513","class","CameraShakeProjectile","13","public class CameraShakeProjectile : MonoBehaviour // TypeDefIndex: 13"
"535","class","EffectActor.projectile","14","public class EffectActor.projectile // TypeDefIndex: 14"
"549","class","EffectActor","15","public class EffectActor : MonoBehaviour // TypeDefIndex: 15"
"588","class","ExplodingProjectile","16","public class ExplodingProjectile : MonoBehaviour // TypeDefIndex: 16"
"633","class","Projectile","17","public class Projectile : MonoBehaviour // TypeDefIndex: 17"
"675","class","projectileActor.projectile","18","public class projectileActor.projectile // TypeDefIndex: 18"
"697","class","projectileActor","19","public class projectileActor : MonoBehaviour // TypeDefIndex: 19"
"749","class","destroyMe","20","public class destroyMe : MonoBehaviour // TypeDefIndex: 20"
"769","class","particleColorChangerMaster.colorChange","21","public class particleColorChangerMaster.colorChange // TypeDefIndex: 21"
"784","class","particleColorChangerMaster","22","public class particleColorChangerMaster : MonoBehaviour // TypeDefIndex: 22"
"805","class","DemoShooting","23","public class DemoShooting : MonoBehaviour // TypeDefIndex: 23"
"846","class","AutoDestroyPS","24","public class AutoDestroyPS : MonoBehaviour // TypeDefIndex: 24"
"861","class","ProjectileMover","25","public class ProjectileMover : MonoBehaviour // TypeDefIndex: 25"
"889","class","ETFXProjectileScript","26","public class ETFXProjectileScript : MonoBehaviour // TypeDefIndex: 26"
"913","class","ETFXSceneManager","27","public class ETFXSceneManager : MonoBehaviour // TypeDefIndex: 27"
"1018","enum","ButtonTypes","28","public enum ButtonTypes // TypeDefIndex: 28"
"1028","class","PEButtonScript","29","public class PEButtonScript : MonoBehaviour, IEventSystemHandler, IPointerEnterHandler, IPointerExitHandler // TypeDefIndex: 29"
"1053","class","ParticleEffectsLibrary","30","public class ParticleEffectsLibrary : MonoBehaviour // TypeDefIndex: 30"
"1092","class","UICanvasManager","31","public class UICanvasManager : MonoBehaviour // TypeDefIndex: 31"
"1135","enum","HapticTypes","32","public enum HapticTypes // TypeDefIndex: 32"
"1149","class","AndroidTaptic","33","public class AndroidTaptic // TypeDefIndex: 33"
"1212","class","Example","34","public class Example : MonoBehaviour // TypeDefIndex: 34"
"1240","class","Taptic","35","public class Taptic : MonoBehaviour // TypeDefIndex: 35"
"1289","class","MultiKeyDictionary","36","public class MultiKeyDictionary<T1, T2, T3> : Dictionary<T1, Dictionary<T2, T3>> // TypeDefIndex: 36"
"1332","class","Images","37","public class Images // TypeDefIndex: 37"
"1371","enum","Reporter._LogType","38","public enum Reporter._LogType // TypeDefIndex: 38"
"1383","class","Reporter.Sample","39","public class Reporter.Sample // TypeDefIndex: 39"
"1405","class","Reporter.Log","40","public class Reporter.Log // TypeDefIndex: 40"
"1427","enum","Reporter.ReportView","41","private enum Reporter.ReportView // TypeDefIndex: 41"
"1438","enum","Reporter.DetailView","42","private enum Reporter.DetailView // TypeDefIndex: 42"
"1449","class","Reporter.","43","private sealed class Reporter.<readInfo>d__188 : IEnumerator<object>, IEnumerator, IDisposable // TypeDefIndex: 43"
"1488","class","Reporter","44","public class Reporter : MonoBehaviour // TypeDefIndex: 44"
"1754","class","ReporterGUI","45","public class ReporterGUI : MonoBehaviour // TypeDefIndex: 45"
"1772","class","ReporterMessageReceiver","46","public class ReporterMessageReceiver : MonoBehaviour // TypeDefIndex: 46"
"1799","class","Rotate","47","public class Rotate : MonoBehaviour // TypeDefIndex: 47"
"1817","class","TestReporter","48","public class TestReporter : MonoBehaviour // TypeDefIndex: 48"
"1857","class","UIBindings","49","public class UIBindings : MonoBehaviour // TypeDefIndex: 49"
"1917","enum","iOSPlugin.BatteryStatus","50","public enum iOSPlugin.BatteryStatus // TypeDefIndex: 50"
"1928","class","iOSPlugin","51","public class iOSPlugin : MonoBehaviour // TypeDefIndex: 51"
"1973","class","iOSPluginCallBacks","52","public class iOSPluginCallBacks : MonoBehaviour // TypeDefIndex: 52"
"2001","class","ProductRowPrefab","53","public class ProductRowPrefab : MonoBehaviour // TypeDefIndex: 53"
"2045","class","PurchaseRowPrefab","54","public class PurchaseRowPrefab : MonoBehaviour // TypeDefIndex: 54"
"2087","class","AdsPage","55","public class AdsPage : MonoBehaviour // TypeDefIndex: 55"
"2135","class","LogScroller","56","public class LogScroller : MonoBehaviour // TypeDefIndex: 56"
"2161","class","MainPage","57","public class MainPage : MonoBehaviour // TypeDefIndex: 57"
"2200","class","Menu","58","public class Menu : MonoBehaviour // TypeDefIndex: 58"
"2249","class","PurchasePage.","59","private sealed class PurchasePage.<>c__DisplayClass10_0 // TypeDefIndex: 59"
"2267","class","PurchasePage.","60","private sealed class PurchasePage.<>c__DisplayClass13_0 // TypeDefIndex: 60"
"2283","class","PurchasePage","61","public class PurchasePage : MonoBehaviour // TypeDefIndex: 61"
"2347","class","SavePage","62","public class SavePage : MonoBehaviour // TypeDefIndex: 62"
"2395","class","SettingsMenu","63","public class SettingsMenu : MonoBehaviour // TypeDefIndex: 63"
"2410","class","UIState","64","public class UIState : MonoBehaviour // TypeDefIndex: 64"
"2423","class","Utility.","65","private sealed class Utility.<GetTexture>d__1 : IEnumerator<object>, IEnumerator, IDisposable // TypeDefIndex: 65"
"2464","class","Utility","66","public class Utility // TypeDefIndex: 66"
"2483","class","InputSystemWarning","67","public class InputSystemWarning : MonoBehaviour // TypeDefIndex: 67"
"2495","class","UIInputHelper","68","public class UIInputHelper : MonoBehaviour // TypeDefIndex: 68"
"2536","class","FBWindowsA2UNotificationsManager","69","public class FBWindowsA2UNotificationsManager : MonoBehaviour // TypeDefIndex: 69"
"2560","class","FBWindowsADSManager.","70","private sealed class FBWindowsADSManager.<>c__DisplayClass3_0 // TypeDefIndex: 70"
"2577","class","FBWindowsADSManager.","71","private sealed class FBWindowsADSManager.<>c__DisplayClass4_0 // TypeDefIndex: 71"
"2594","class","FBWindowsADSManager.","72","private sealed class FBWindowsADSManager.<>c__DisplayClass5_0 // TypeDefIndex: 72"
"2611","class","FBWindowsADSManager.","73","private sealed class FBWindowsADSManager.<>c__DisplayClass6_0 // TypeDefIndex: 73"
"2627","class","FBWindowsADSManager","74","public class FBWindowsADSManager : MonoBehaviour // TypeDefIndex: 74"
"2665","class","FBWindowsExampleTabsManager","75","public class FBWindowsExampleTabsManager : MonoBehaviour // TypeDefIndex: 75"
"2684","class","FBWindowsFriendsManager.","76","private sealed class FBWindowsFriendsManager.<>c__DisplayClass6_0 // TypeDefIndex: 76"
"2701","class","FBWindowsFriendsManager","77","public class FBWindowsFriendsManager : MonoBehaviour // TypeDefIndex: 77"
"2730","class","FBWindowsGraphAPIManager","78","public class FBWindowsGraphAPIManager : MonoBehaviour // TypeDefIndex: 78"
"2763","class","FBWindowsInitManager","79","public class FBWindowsInitManager : MonoBehaviour // TypeDefIndex: 79"
"2785","class","FBWindowsLoginManager.","80","private sealed class FBWindowsLoginManager.<LoadPictureFromUrl>d__10 : IEnumerator<object>, IEnumerator, IDisposable // TypeDefIndex: 80"
"2826","class","FBWindowsLoginManager","81","public class FBWindowsLoginManager : MonoBehaviour // TypeDefIndex: 81"
"2871","class","FBWindowsLogsManager","82","public class FBWindowsLogsManager : MonoBehaviour // TypeDefIndex: 82"
"2902","class","FBWindowsPhysicalGamepadManager","83","public class FBWindowsPhysicalGamepadManager : MonoBehaviour // TypeDefIndex: 83"
"2918","class","FBWindowsPurchaseManager.","84","private sealed class FBWindowsPurchaseManager.<>c__DisplayClass5_0 // TypeDefIndex: 84"
"2935","class","FBWindowsPurchaseManager.","85","private sealed class FBWindowsPurchaseManager.<>c__DisplayClass9_0 // TypeDefIndex: 85"
"2956","class","FBWindowsPurchaseManager.","86","private sealed class FBWindowsPurchaseManager.<LoadPictureFromUrl>d__6 : IEnumerator<object>, IEnumerator, IDisposable // TypeDefIndex: 86"
"2997","class","FBWindowsPurchaseManager","87","public class FBWindowsPurchaseManager : MonoBehaviour // TypeDefIndex: 87"
"3031","class","FBWindowsReferralsManager","88","public class FBWindowsReferralsManager : MonoBehaviour // TypeDefIndex: 88"
"3061","class","FBWindowsShareManager","89","public class FBWindowsShareManager : MonoBehaviour // TypeDefIndex: 89"
"3092","class","FBWindowsSoftKeyboardManager","90","public class FBWindowsSoftKeyboardManager : MonoBehaviour // TypeDefIndex: 90"
"3110","class","FBWindowsTournamentsManager","91","public class FBWindowsTournamentsManager : MonoBehaviour // TypeDefIndex: 91"
"3163","class","FBWindowsVirtualGamepadManager","92","public class FBWindowsVirtualGamepadManager : MonoBehaviour // TypeDefIndex: 92"
"3182","class","GAAdMobIntegration","93","public class GAAdMobIntegration // TypeDefIndex: 93"
"3191","class","GAAequusIntegration","94","public class GAAequusIntegration // TypeDefIndex: 94"
"3203","class","GAFyberIntegration","95","public class GAFyberIntegration // TypeDefIndex: 95"
"3215","class","GAHyperBidIntegration","96","public class GAHyperBidIntegration : MonoBehaviour // TypeDefIndex: 96"
"3227","class","GAIronSourceIntegration","97","public class GAIronSourceIntegration // TypeDefIndex: 97"
"3240","class","GAMaxIntegration.MaxImpressionData","98","public class GAMaxIntegration.MaxImpressionData // TypeDefIndex: 98"
"3259","class","GAMaxIntegration.","99","private sealed class GAMaxIntegration.<>c__DisplayClass3_0 // TypeDefIndex: 99"
"3286","class","GAMaxIntegration","100","public class GAMaxIntegration // TypeDefIndex: 100"
"3304","class","GAMopubIntegration","101","public class GAMopubIntegration // TypeDefIndex: 101"
"3316","class","GATopOnIntegration","102","public class GATopOnIntegration // TypeDefIndex: 102"
"3328","class","AcceptAllCertificates","103","public class AcceptAllCertificates : CertificateHandler // TypeDefIndex: 103"
"3340","class","UnityWebRequestHS","104","public class UnityWebRequestHS // TypeDefIndex: 104"
"3383","class","UnityWebRequestManager","105","public class UnityWebRequestManager : Immortal<UnityWebRequestManager> // TypeDefIndex: 105"
"3411","class","MaxInitExample","106","public class MaxInitExample : MonoBehaviour // TypeDefIndex: 106"
"3420","class","TestGDPR","107","public class TestGDPR : MonoBehaviour // TypeDefIndex: 107"
"3435","class","LocalizeItem","108","public class LocalizeItem : MonoBehaviour // TypeDefIndex: 108"
"3463","enum","LanguageType","109","public enum LanguageType // TypeDefIndex: 109"
"3476","class","LocalizeInfo","110","public class LocalizeInfo // TypeDefIndex: 110"
"3490","class","LocalizeManager","111","public class LocalizeManager : Immortal<LocalizeManager> // TypeDefIndex: 111"
"3544","class","TMProFontInfo","112","public class TMProFontInfo // TypeDefIndex: 112"
"3558","class","TMProFontManager","113","public class TMProFontManager : MonoBehaviourSingleton<TMProFontManager> // TypeDefIndex: 113"
"3585","class","LocalizeTableDataManager.","114","private sealed class LocalizeTableDataManager.<>c__DisplayClass5_0 // TypeDefIndex: 114"
"3612","class","LocalizeTableDataManager","115","public class LocalizeTableDataManager : MonoBehaviourSingleton<LocalizeTableDataManager> // TypeDefIndex: 115"
"3645","class","LanguageCommon","116","public class LanguageCommon : LangaugeCommonData // TypeDefIndex: 116"
"3658","class","LangaugeCommonData","117","public class LangaugeCommonData // TypeDefIndex: 117"
"3722","class","Table_Language","118","public class Table_Language : ExcelImporterRoot // TypeDefIndex: 118"
"3760","class","AES256Cipher","119","internal class AES256Cipher // TypeDefIndex: 119"
"3775","class","EncryptedPlayerPrefs","120","public class EncryptedPlayerPrefs // TypeDefIndex: 120"
"3834","class","UserSaveData","121","public abstract class UserSaveData // TypeDefIndex: 121"
"3852","class","FileCRC","122","public class FileCRC // TypeDefIndex: 122"
"3868","class","UIExample","123","public class UIExample : MonoBehaviour // TypeDefIndex: 123"
"3893","class","UILeaderboardPage.","124","private sealed class UILeaderboardPage.<>c__DisplayClass13_0 // TypeDefIndex: 124"
"3912","class","UILeaderboardPage","125","public class UILeaderboardPage : MonoBehaviour // TypeDefIndex: 125"
"3958","class","UILeaderboardRankInfo","126","public class UILeaderboardRankInfo : MonoBehaviour // TypeDefIndex: 126"
"3997","class","UICardTilt","127","public class UICardTilt : MonoBehaviour, IPointerEnterHandler, IEventSystemHandler, IPointerExitHandler, IPointerMoveHandler // TypeDefIndex: 127"
"4032","enum","ABMode","128","public enum ABMode // TypeDefIndex: 128"
"4041","enum","GameStep","129","public enum GameStep // TypeDefIndex: 129"
"4052","enum","LoadingPopupType","130","public enum LoadingPopupType // TypeDefIndex: 130"
"4063","enum","SendLogType","131","public enum SendLogType // TypeDefIndex: 131"
"4075","enum","PopupType","132","public enum PopupType // TypeDefIndex: 132"
"4084","enum","ConfrimPopupType","133","public enum ConfrimPopupType // TypeDefIndex: 133"
"4096","enum","ConfrimType","134","public enum ConfrimType // TypeDefIndex: 134"
"4108","enum","MapType","135","public enum MapType // TypeDefIndex: 135"
"4119","enum","MapCellLockType","136","public enum MapCellLockType // TypeDefIndex: 136"
"4128","enum","EffectType","137","public enum EffectType // TypeDefIndex: 137"
"4169","enum","RewardType","138","public enum RewardType // TypeDefIndex: 138"
"4198","enum","CurrencyType","139","public enum CurrencyType // TypeDefIndex: 139"
"4214","enum","SellAvailableType","140","public enum SellAvailableType // TypeDefIndex: 140"
"4223","enum","RequestType","141","public enum RequestType // TypeDefIndex: 141"
"4242","enum","RequestGroupType","142","public enum RequestGroupType // TypeDefIndex: 142"
"4256","enum","MainPointGetType","143","public enum MainPointGetType // TypeDefIndex: 143"
"4265","enum","MaidCoinType","144","public enum MaidCoinType // TypeDefIndex: 144"
"4276","enum","ItemType","145","public enum ItemType // TypeDefIndex: 145"
"4295","enum","NeedleType","146","public enum NeedleType // TypeDefIndex: 146"
"4307","enum","RewardBoxType","147","public enum RewardBoxType // TypeDefIndex: 147"
"4318","enum","UserProfileType","148","public enum UserProfileType // TypeDefIndex: 148"
"4329","enum","HighKujiDrawType","149","public enum HighKujiDrawType // TypeDefIndex: 149"
"4339","enum","BlockType","150","public enum BlockType // TypeDefIndex: 150"
"4378","enum","OpenType","151","public enum OpenType // TypeDefIndex: 151"
"4388","enum","BlockTextType","152","public enum BlockTextType // TypeDefIndex: 152"
"4432","enum","TextNotiType","153","public enum TextNotiType // TypeDefIndex: 153"
"4470","enum","RequestState","154","public enum RequestState // TypeDefIndex: 154"
"4485","enum","BagPurchaseType","155","public enum BagPurchaseType // TypeDefIndex: 155"
"4497","enum","NotificationType","156","public enum NotificationType // TypeDefIndex: 156"
"4537","enum","MissionQuestType","157","public enum MissionQuestType // TypeDefIndex: 157"
"4558","enum","WarningNotiType","158","public enum WarningNotiType // TypeDefIndex: 158"
"4569","enum","ShopPromotionCondition","159","public enum ShopPromotionCondition // TypeDefIndex: 159"
"4585","enum","ProductInfo","160","public enum ProductInfo // TypeDefIndex: 160"
"4616","enum","PackagePurchaseLocation","161","public enum PackagePurchaseLocation // TypeDefIndex: 161"
"4635","enum","PackageIconType","162","public enum PackageIconType // TypeDefIndex: 162"
"4645","enum","UnlockPopupType","163","public enum UnlockPopupType // TypeDefIndex: 163"
"4671","enum","NPCType","164","public enum NPCType // TypeDefIndex: 164"
"4683","enum","MaidSkillType","165","public enum MaidSkillType // TypeDefIndex: 165"
"4707","enum","NpcDialogType","166","public enum NpcDialogType // TypeDefIndex: 166"
"4734","enum","NpcAnimType","167","public enum NpcAnimType // TypeDefIndex: 167"
"4764","enum","NpcSkinType","168","public enum NpcSkinType // TypeDefIndex: 168"
"4781","enum","NpcEffectType","169","public enum NpcEffectType // TypeDefIndex: 169"
"4795","enum","FilmDropType","170","public enum FilmDropType // TypeDefIndex: 170"
"4805","enum","MissionRefreshType","171","public enum MissionRefreshType // TypeDefIndex: 171"
"4815","enum","MissionPassType","172","public enum MissionPassType // TypeDefIndex: 172"
"4824","enum","EventSummerFestivalShopType","173","public enum EventSummerFestivalShopType // TypeDefIndex: 173"
"4834","enum","CostumeType","174","public enum CostumeType // TypeDefIndex: 174"
"4845","enum","NoticeType","175","public enum NoticeType // TypeDefIndex: 175"
"4857","enum","NoticeRemoveType","176","public enum NoticeRemoveType // TypeDefIndex: 176"
"4866","enum","AnimType","177","public enum AnimType // TypeDefIndex: 177"
"4880","enum","FacialType","178","public enum FacialType // TypeDefIndex: 178"
"4893","enum","CollectionType","179","public enum CollectionType // TypeDefIndex: 179"
"4904","enum","MaidChatType","180","public enum MaidChatType // TypeDefIndex: 180"
"4914","enum","OutGameStoryType","181","public enum OutGameStoryType // TypeDefIndex: 181"
"4923","enum","StoryType","182","public enum StoryType // TypeDefIndex: 182"
"4935","enum","LoadingType","183","public enum LoadingType // TypeDefIndex: 183"
"4946","enum","CollectibleCategory","184","public enum CollectibleCategory // TypeDefIndex: 184"
"4957","enum","MiniGameType","185","public enum MiniGameType // TypeDefIndex: 185"
"4968","enum","WeatherType","186","public enum WeatherType // TypeDefIndex: 186"
"4982","enum","LocalNoticeRewardType","187","public enum LocalNoticeRewardType // TypeDefIndex: 187"
"4990","enum","SNSType","188","public enum SNSType // TypeDefIndex: 188"
"5001","enum","BGMType","189","public enum BGMType // TypeDefIndex: 189"
"5019","enum","ObstacleType","190","public enum ObstacleType // TypeDefIndex: 190"
"5030","enum","CheckUserKeyLogType","191","public enum CheckUserKeyLogType // TypeDefIndex: 191"
"5041","enum","SeasonPassPackageType","192","public enum SeasonPassPackageType // TypeDefIndex: 192"
"5051","enum","PopType","193","public enum PopType // TypeDefIndex: 193"
"5062","enum","BlockSpineType","194","public enum BlockSpineType // TypeDefIndex: 194"
"5074","enum","MemoryCardType","195","public enum MemoryCardType // TypeDefIndex: 195"
"5083","enum","MemoryCardGrade","196","public enum MemoryCardGrade // TypeDefIndex: 196"
"5093","enum","MemoryCardTicketType","197","public enum MemoryCardTicketType // TypeDefIndex: 197"
"5105","enum","SeasonPassType","198","public enum SeasonPassType // TypeDefIndex: 198"
"5115","enum","SeasonPassPointType","199","public enum SeasonPassPointType // TypeDefIndex: 199"
"5125","enum","ItemUnlockType","200","public enum ItemUnlockType // TypeDefIndex: 200"
"5137","enum","InGameResType","201","public enum InGameResType // TypeDefIndex: 201"
"5148","enum","BenefitType","202","public enum BenefitType // TypeDefIndex: 202"
"5158","enum","NpcUnlockType","203","public enum NpcUnlockType // TypeDefIndex: 203"
"5169","enum","EventPointGetType","204","public enum EventPointGetType // TypeDefIndex: 204"
"5181","class","CFunc.","205","private sealed class CFunc.<>c // TypeDefIndex: 205"
"5204","class","CFunc","206","public static class CFunc // TypeDefIndex: 206"
"5341","struct","RewardInfo","207","public struct RewardInfo // TypeDefIndex: 207"
"5356","struct","CostumeRewardInfo","208","public struct CostumeRewardInfo // TypeDefIndex: 208"
"5365","struct","TextNotiInfo","209","public struct TextNotiInfo // TypeDefIndex: 209"
"5375","struct","BlockTextInfo","210","public struct BlockTextInfo // TypeDefIndex: 210"
"5386","struct","ProduceBlockTextInfo","211","public struct ProduceBlockTextInfo // TypeDefIndex: 211"
"5395","struct","PopupTextInfo","212","public struct PopupTextInfo // TypeDefIndex: 212"
"5405","class","NotificationDataBase","213","public class NotificationDataBase // TypeDefIndex: 213"
"5427","class","NotificationData","214","public class NotificationData : NotificationDataBase // TypeDefIndex: 214"
"5442","class","EventNotificationData","215","public class EventNotificationData : NotificationDataBase // TypeDefIndex: 215"
"5455","class","SpineAniInfo","216","public class SpineAniInfo // TypeDefIndex: 216"
"5472","class","SpineFacialInfo","217","public class SpineFacialInfo // TypeDefIndex: 217"
"5487","class","SpineSkinInfo","218","public class SpineSkinInfo // TypeDefIndex: 218"
"5501","struct","NpcEffectInfo","219","public struct NpcEffectInfo // TypeDefIndex: 219"
"5513","struct","CardCellSizeInfo","220","public struct CardCellSizeInfo // TypeDefIndex: 220"
"5527","struct","BloodWormStepInfo","221","public struct BloodWormStepInfo // TypeDefIndex: 221"
"5544","class","RewardCommonInfo","222","public class RewardCommonInfo // TypeDefIndex: 222"
"5559","class","UserSaveDataMetaInfo","223","public class UserSaveDataMetaInfo // TypeDefIndex: 223"
"5577","struct","NeedleUIInfo","224","public struct NeedleUIInfo // TypeDefIndex: 224"
"5586","class","Effect_EchoArchive_BlockCollect","225","public class Effect_EchoArchive_BlockCollect : Effect_BezierFly // TypeDefIndex: 225"
"5618","class","Effect.","226","private sealed class Effect.<Delay>d__14 : IEnumerator<object>, IEnumerator, IDisposable // TypeDefIndex: 226"
"5657","class","Effect","227","public class Effect : MonoBehaviour // TypeDefIndex: 227"
"5714","class","Effect_BezierFly","228","public class Effect_BezierFly : Effect // TypeDefIndex: 228"
"5781","class","Effect_BlockTextNoti","229","public class Effect_BlockTextNoti : Effect // TypeDefIndex: 229"
"5801","class","Effect_ItemBlockIdle","230","public class Effect_ItemBlockIdle : Effect // TypeDefIndex: 230"
"5827","class","Effect_MemorySkill.","231","private sealed class Effect_MemorySkill.<MoveUp>d__5 : IEnumerator<object>, IEnumerator, IDisposable // TypeDefIndex: 231"
"5870","class","Effect_MemorySkill","232","public class Effect_MemorySkill : Effect // TypeDefIndex: 232"
"5897","class","Effect_Reward","233","public class Effect_Reward // TypeDefIndex: 233"
"5916","class","Effect_RewardAP.","234","private sealed class Effect_RewardAP.<>c__DisplayClass3_0 // TypeDefIndex: 234"
"5935","class","Effect_RewardAP","235","public class Effect_RewardAP : Effect_Reward // TypeDefIndex: 235"
"5960","class","Effect_RewardBalloonsFly","236","public class Effect_RewardBalloonsFly : Effect_BezierFly // TypeDefIndex: 236"
"5989","class","Effect_RewardBlock.","237","private sealed class Effect_RewardBlock.<>c__DisplayClass2_0 // TypeDefIndex: 237"
"6008","class","Effect_RewardBlock","238","public class Effect_RewardBlock : Effect_Reward // TypeDefIndex: 238"
"6033","class","Effect_RewardDormitory.","239","private sealed class Effect_RewardDormitory.<>c__DisplayClass2_0 // TypeDefIndex: 239"
"6052","class","Effect_RewardDormitory","240","public class Effect_RewardDormitory : Effect_Reward // TypeDefIndex: 240"
"6073","class","Effect_RewardEventFly","241","public class Effect_RewardEventFly : Effect_BezierFly // TypeDefIndex: 241"
"6105","class","Effect_RewardExp.","242","private sealed class Effect_RewardExp.<>c__DisplayClass4_0 // TypeDefIndex: 242"
"6124","class","Effect_RewardExp","243","public class Effect_RewardExp : Effect_Reward // TypeDefIndex: 243"
"6159","class","Effect_RewardFindEvidence","244","public class Effect_RewardFindEvidence : Effect_BezierFly // TypeDefIndex: 244"
"6191","class","Effect_RewardFly","245","public class Effect_RewardFly : Effect_BezierFly // TypeDefIndex: 245"
"6232","class","Effect_RewardGold.","246","private sealed class Effect_RewardGold.<>c__DisplayClass3_0 // TypeDefIndex: 246"
"6251","class","Effect_RewardGold","247","public class Effect_RewardGold : Effect_Reward // TypeDefIndex: 247"
"6277","class","Effect_RewardItem.","248","private sealed class Effect_RewardItem.<>c__DisplayClass3_0 // TypeDefIndex: 248"
"6296","class","Effect_RewardItem","249","public class Effect_RewardItem : Effect_Reward // TypeDefIndex: 249"
"6322","class","Effect_RewardJewel.","250","private sealed class Effect_RewardJewel.<>c__DisplayClass3_0 // TypeDefIndex: 250"
"6341","class","Effect_RewardJewel","251","public class Effect_RewardJewel : Effect_Reward // TypeDefIndex: 251"
"6366","class","Effect_RewardMaidCoin","252","public class Effect_RewardMaidCoin : Effect_Reward // TypeDefIndex: 252"
"6382","class","Effect_RewardMaidGift.","253","private sealed class Effect_RewardMaidGift.<>c__DisplayClass2_0 // TypeDefIndex: 253"
"6401","class","Effect_RewardMaidGift","254","public class Effect_RewardMaidGift : Effect_Reward // TypeDefIndex: 254"
"6426","class","Effect_RewardMainQuestPoint.","255","private sealed class Effect_RewardMainQuestPoint.<>c__DisplayClass2_0 // TypeDefIndex: 255"
"6445","class","Effect_RewardMainQuestPoint","256","public class Effect_RewardMainQuestPoint : Effect_Reward // TypeDefIndex: 256"
"6470","class","Effect_RewardMasterHeart.","257","private sealed class Effect_RewardMasterHeart.<>c__DisplayClass3_0 // TypeDefIndex: 257"
"6489","class","Effect_RewardMasterHeart","258","public class Effect_RewardMasterHeart : Effect_Reward // TypeDefIndex: 258"
"6515","class","Effect_RewardMasterHeartPiece.","259","private sealed class Effect_RewardMasterHeartPiece.<>c__DisplayClass3_0 // TypeDefIndex: 259"
"6534","class","Effect_RewardMasterHeartPiece","260","public class Effect_RewardMasterHeartPiece : Effect_Reward // TypeDefIndex: 260"
"6560","class","Effect_RewardMissionPass.","261","private sealed class Effect_RewardMissionPass.<>c__DisplayClass5_0 // TypeDefIndex: 261"
"6579","class","Effect_RewardMissionPass","262","public class Effect_RewardMissionPass : Effect_Reward // TypeDefIndex: 262"
"6607","class","Effect_RewardPopFly.","263","private sealed class Effect_RewardPopFly.<>c__DisplayClass8_0 // TypeDefIndex: 263"
"6623","class","Effect_RewardPopFly","264","public class Effect_RewardPopFly : Effect_BezierFly // TypeDefIndex: 264"
"6667","class","Effect_SpreadFly","265","public class Effect_SpreadFly : Effect // TypeDefIndex: 265"
"6713","class","Effect_SurpriseBox","266","public class Effect_SurpriseBox : Effect_BezierFly // TypeDefIndex: 266"
"6745","class","Effect_TextNoti","267","public class Effect_TextNoti : Effect // TypeDefIndex: 267"
"6766","class","Effect_LobbyRewardEvent.","268","private sealed class Effect_LobbyRewardEvent.<>c__DisplayClass6_0 // TypeDefIndex: 268"
"6786","class","Effect_LobbyRewardEvent","269","public class Effect_LobbyRewardEvent : Effect_Reward // TypeDefIndex: 269"
"6817","class","Effect_LobbyRewardSeason.","270","private sealed class Effect_LobbyRewardSeason.<>c__DisplayClass7_0 // TypeDefIndex: 270"
"6837","class","Effect_LobbyRewardSeason","271","public class Effect_LobbyRewardSeason : Effect_Reward // TypeDefIndex: 271"
"6868","class","Immortal","272","public class Immortal<T> : MonoBehaviour // TypeDefIndex: 272"
"6996","class","ObjectPoolDictionary","273","public class ObjectPoolDictionary<T, K> // TypeDefIndex: 273"
"7081","class","ObjectPool.Func","274","public sealed class ObjectPool.Func<T> : MulticastDelegate // TypeDefIndex: 274"
"7119","class","ObjectPool","275","public class ObjectPool<T> // TypeDefIndex: 275"
"7162","class","MonoBehaviourSingleton","276","public abstract class MonoBehaviourSingleton<T> : MonoBehaviour // TypeDefIndex: 276"
"7291","class","InGame_BlockSpineObject","277","public class InGame_BlockSpineObject : MonoBehaviour // TypeDefIndex: 277"
"7311","class","SpineSkillAniInfo","278","public class SpineSkillAniInfo // TypeDefIndex: 278"
"7326","class","FabricateItemBlockInfo","279","public class FabricateItemBlockInfo // TypeDefIndex: 279"
"7340","struct","ProduceUseItemInfo","280","public struct ProduceUseItemInfo // TypeDefIndex: 280"
"7351","class","InGame_ItemBlock.","281","private sealed class InGame_ItemBlock.<>c // TypeDefIndex: 281"
"7375","class","InGame_ItemBlock.","282","private sealed class InGame_ItemBlock.<>c__DisplayClass183_0 // TypeDefIndex: 282"
"7391","class","InGame_ItemBlock.","283","private sealed class InGame_ItemBlock.<UseSkillDelay>d__184 : IEnumerator<object>, IEnumerator, IDisposable // TypeDefIndex: 283"
"7429","class","InGame_ItemBlock","284","public class InGame_ItemBlock : MonoBehaviour // TypeDefIndex: 284"
"8122","class","InGame_ItemBlock_BubbleTime.Timer","285","public sealed class InGame_ItemBlock_BubbleTime.Timer : MulticastDelegate // TypeDefIndex: 285"
"8140","class","InGame_ItemBlock_BubbleTime","286","public class InGame_ItemBlock_BubbleTime : MonoBehaviour // TypeDefIndex: 286"
"8186","class","InGame_ItemBlock_CoolTime.Timer","287","public sealed class InGame_ItemBlock_CoolTime.Timer : MulticastDelegate // TypeDefIndex: 287"
"8204","class","InGame_ItemBlock_CoolTime","288","public class InGame_ItemBlock_CoolTime : MonoBehaviour // TypeDefIndex: 288"
"8267","class","InGame_ItemBlock_EAFabricateTimer.Timer","289","public sealed class InGame_ItemBlock_EAFabricateTimer.Timer : MulticastDelegate // TypeDefIndex: 289"
"8285","class","InGame_ItemBlock_EAFabricateTimer","290","public class InGame_ItemBlock_EAFabricateTimer : MonoBehaviour // TypeDefIndex: 290"
"8331","class","InGame_ItemBlock_FabricateTimer.Timer","291","public sealed class InGame_ItemBlock_FabricateTimer.Timer : MulticastDelegate // TypeDefIndex: 291"
"8349","class","InGame_ItemBlock_FabricateTimer","292","public class InGame_ItemBlock_FabricateTimer : MonoBehaviour // TypeDefIndex: 292"
"8396","class","InGame_ItemBlock_OpenCoolTime.Timer","293","public sealed class InGame_ItemBlock_OpenCoolTime.Timer : MulticastDelegate // TypeDefIndex: 293"
"8414","class","InGame_ItemBlock_OpenCoolTime","294","public class InGame_ItemBlock_OpenCoolTime : MonoBehaviour // TypeDefIndex: 294"
"8460","class","InGame_ItemBlock_Spine","295","public class InGame_ItemBlock_Spine : MonoBehaviour // TypeDefIndex: 295"
"8494","class","InGame_ItemCell","296","public class InGame_ItemCell : MonoBehaviour // TypeDefIndex: 296"
"8679","class","InGame.","297","private sealed class InGame.<>c // TypeDefIndex: 297"
"8706","class","InGame","298","public class InGame : MonoBehaviourSingleton<InGame> // TypeDefIndex: 298"
"8938","class","InGame_BlockManager.","299","private sealed class InGame_BlockManager.<>c // TypeDefIndex: 299"
"8974","class","InGame_BlockManager.","300","private sealed class InGame_BlockManager.<>c__DisplayClass91_0 // TypeDefIndex: 300"
"8993","class","InGame_BlockManager","301","public class InGame_BlockManager : MonoBehaviourSingleton<InGame_BlockManager> // TypeDefIndex: 301"
"9419","class","InGame_DragManager.","302","private sealed class InGame_DragManager.<>c // TypeDefIndex: 302"
"9451","class","InGame_DragManager.","303","private sealed class InGame_DragManager.<>c__DisplayClass43_0 // TypeDefIndex: 303"
"9472","class","InGame_DragManager.","304","private sealed class InGame_DragManager.<>c__DisplayClass44_0 // TypeDefIndex: 304"
"9491","class","InGame_DragManager.","305","private sealed class InGame_DragManager.<>c__DisplayClass50_0 // TypeDefIndex: 305"
"9507","class","InGame_DragManager.","306","private sealed class InGame_DragManager.<>c__DisplayClass52_0 // TypeDefIndex: 306"
"9523","class","InGame_DragManager.","307","private sealed class InGame_DragManager.<>c__DisplayClass54_0 // TypeDefIndex: 307"
"9539","class","InGame_DragManager.","308","private sealed class InGame_DragManager.<>c__DisplayClass56_0 // TypeDefIndex: 308"
"9555","class","InGame_DragManager.","309","private sealed class InGame_DragManager.<OnUseItemBlock>d__44 : IEnumerator<object>, IEnumerator, IDisposable // TypeDefIndex: 309"
"9601","class","InGame_DragManager","310","public class InGame_DragManager : MonoBehaviourSingleton<InGame_DragManager> // TypeDefIndex: 310"
"9747","enum","Direction","311","public enum Direction // TypeDefIndex: 311"
"9763","struct","InGameCellInfo","312","public struct InGameCellInfo // TypeDefIndex: 312"
"9775","class","InGame_MapManager.","313","private sealed class InGame_MapManager.<>c // TypeDefIndex: 313"
"9795","class","InGame_MapManager.","314","private sealed class InGame_MapManager.<>c__DisplayClass115_0 // TypeDefIndex: 314"
"9811","class","InGame_MapManager.","315","private sealed class InGame_MapManager.<>c__DisplayClass66_0 // TypeDefIndex: 315"
"9830","class","InGame_MapManager.","316","private sealed class InGame_MapManager.<>c__DisplayClass66_1 // TypeDefIndex: 316"
"9853","class","InGame_MapManager.","317","private sealed class InGame_MapManager.<>c__DisplayClass67_0 // TypeDefIndex: 317"
"9870","class","InGame_MapManager.","318","private sealed class InGame_MapManager.<>c__DisplayClass72_0 // TypeDefIndex: 318"
"9887","class","InGame_MapManager.","319","private sealed class InGame_MapManager.<>c__DisplayClass76_0 // TypeDefIndex: 319"
"9904","class","InGame_MapManager.","320","private sealed class InGame_MapManager.<>c__DisplayClass87_0 // TypeDefIndex: 320"
"9919","class","InGame_MapManager","321","public class InGame_MapManager : MonoBehaviourSingleton<InGame_MapManager> // TypeDefIndex: 321"
"10253","class","InGameCellMapIDInfo","322","public class InGameCellMapIDInfo // TypeDefIndex: 322"
"10268","class","InGame_RequestManager.","323","private sealed class InGame_RequestManager.<>c // TypeDefIndex: 323"
"10308","class","InGame_RequestManager.","324","private sealed class InGame_RequestManager.<>c__DisplayClass139_0 // TypeDefIndex: 324"
"10326","class","InGame_RequestManager.","325","private sealed class InGame_RequestManager.<>c__DisplayClass78_0 // TypeDefIndex: 325"
"10343","class","InGame_RequestManager.","326","private sealed class InGame_RequestManager.<ClearBlocksCo>d__137 : IEnumerator<object>, IEnumerator, IDisposable // TypeDefIndex: 326"
"10383","class","InGame_RequestManager","327","public class InGame_RequestManager : MonoBehaviourSingleton<InGame_RequestManager> // TypeDefIndex: 327"
"10749","class","AssetBundleManager.","328","private sealed class AssetBundleManager.<>c__DisplayClass10_0 // TypeDefIndex: 328"
"10769","class","AssetBundleManager.","329","private sealed class AssetBundleManager.<>c__DisplayClass9_0 // TypeDefIndex: 329"
"10793","class","AssetBundleManager.","330","private sealed class AssetBundleManager.<LoadBundleFile>d__12 : IEnumerator<object>, IEnumerator, IDisposable // TypeDefIndex: 330"
"10838","class","AssetBundleManager.","331","private sealed class AssetBundleManager.<LoadBundleInfo>d__11 : IEnumerator<object>, IEnumerator, IDisposable // TypeDefIndex: 331"
"10878","class","AssetBundleManager","332","public class AssetBundleManager : MonoBehaviourSingleton<AssetBundleManager> // TypeDefIndex: 332"
"10926","class","BGMManager.","333","private sealed class BGMManager.<Fade>d__26 : IEnumerator<object>, IEnumerator, IDisposable // TypeDefIndex: 333"
"10969","class","BGMManager.","334","private sealed class BGMManager.<FadeToVolume>d__32 : IEnumerator<object>, IEnumerator, IDisposable // TypeDefIndex: 334"
"11013","class","BGMManager.","335","private sealed class BGMManager.<FadeVolume>d__28 : IEnumerator<object>, IEnumerator, IDisposable // TypeDefIndex: 335"
"11056","class","BGMManager","336","public class BGMManager : MonoBehaviourSingleton<BGMManager> // TypeDefIndex: 336"
"11142","class","BackButtonManager","337","public class BackButtonManager : MonoBehaviourSingleton<BackButtonManager> // TypeDefIndex: 337"
"11167","class","UserCollectibleData","338","public class UserCollectibleData : UserSaveData // TypeDefIndex: 338"
"11184","class","CollectibleManager.CollectiblePositions","339","public class CollectibleManager.CollectiblePositions // TypeDefIndex: 339"
"11197","class","CollectibleManager","340","public class CollectibleManager : MonoBehaviourSingleton<CollectibleManager> // TypeDefIndex: 340"
"11273","class","PuddingJumpMiniGameInfo","341","public class PuddingJumpMiniGameInfo // TypeDefIndex: 341"
"11287","class","EventConfigManager","342","public class EventConfigManager : MonoBehaviourSingleton<EventConfigManager> // TypeDefIndex: 342"
"11389","class","GemSpriteValueInfo","343","public class GemSpriteValueInfo // TypeDefIndex: 343"
"11403","class","SaveCampaignInfo","344","public class SaveCampaignInfo // TypeDefIndex: 344"
"11421","class","RateReviewInfo","345","public class RateReviewInfo // TypeDefIndex: 345"
"11435","class","RateSurvayInfo","346","public class RateSurvayInfo // TypeDefIndex: 346"
"11449","class","RoomOpenConfig","347","public class RoomOpenConfig // TypeDefIndex: 347"
"11463","class","TestLoadLevel","348","public class TestLoadLevel // TypeDefIndex: 348"
"11478","class","CouponInfo","349","public class CouponInfo // TypeDefIndex: 349"
"11492","class","CouponUseInfo","350","public class CouponUseInfo // TypeDefIndex: 350"
"11507","class","MoreGameInfo","351","public class MoreGameInfo // TypeDefIndex: 351"
"11521","class","MoreGameLinkInfo","352","public class MoreGameLinkInfo // TypeDefIndex: 352"
"11536","class","SNSActiveInfo","353","public class SNSActiveInfo // TypeDefIndex: 353"
"11552","class","UserProfileIDInfo","354","public class UserProfileIDInfo // TypeDefIndex: 354"
"11568","class","IngameResConfigInfo","355","public class IngameResConfigInfo // TypeDefIndex: 355"
"11583","class","GameLoadingInfo","356","public class GameLoadingInfo // TypeDefIndex: 356"
"11596","class","GameConfigManager","357","public class GameConfigManager : MonoBehaviourSingleton<GameConfigManager> // TypeDefIndex: 357"
"11849","class","GameDebugConfigManager","358","public class GameDebugConfigManager : MonoBehaviourSingleton<GameDebugConfigManager> // TypeDefIndex: 358"
"11866","class","InGameConfigManager","359","public class InGameConfigManager : MonoBehaviourSingleton<InGameConfigManager> // TypeDefIndex: 359"
"12142","class","AttendanceDailyDataInfo","360","public class AttendanceDailyDataInfo // TypeDefIndex: 360"
"12160","class","NoticeDataInfo","361","public class NoticeDataInfo // TypeDefIndex: 361"
"12174","class","MemoryConfigDataInfo","362","public class MemoryConfigDataInfo // TypeDefIndex: 362"
"12189","class","LevelConfigManager","363","public class LevelConfigManager : MonoBehaviourSingleton<LevelConfigManager> // TypeDefIndex: 363"
"12451","class","MaidAIChatLanguageChatLengthConfig","364","public class MaidAIChatLanguageChatLengthConfig // TypeDefIndex: 364"
"12464","class","MaidAIChatConfigManager","365","public class MaidAIChatConfigManager : MonoBehaviourSingleton<MaidAIChatConfigManager> // TypeDefIndex: 365"
"12785","class","AddBoradLineInfo","366","public class AddBoradLineInfo // TypeDefIndex: 366"
"12803","class","VideoBonusDataInfo","367","public class VideoBonusDataInfo // TypeDefIndex: 367"
"12823","class","ShopRefreshInfo","368","public class ShopRefreshInfo // TypeDefIndex: 368"
"12843","class","ShopMemoryTicketInfo","369","public class ShopMemoryTicketInfo // TypeDefIndex: 369"
"12865","class","ShopMemoryTicketItemInfo","370","public class ShopMemoryTicketItemInfo // TypeDefIndex: 370"
"12881","class","ShopMemoryTicketItemDailyInfo","371","public class ShopMemoryTicketItemDailyInfo : ShopMemoryTicketItemInfo // TypeDefIndex: 371"
"12895","class","ShopConfigManager","372","public class ShopConfigManager : MonoBehaviourSingleton<ShopConfigManager> // TypeDefIndex: 372"
"13013","class","UserCustomerEpisodeSaveData","373","public class UserCustomerEpisodeSaveData : UserSaveData // TypeDefIndex: 373"
"13026","class","CustomerEpisodeSaveData","374","public class CustomerEpisodeSaveData // TypeDefIndex: 374"
"13041","class","CustomerEpisodeManager","375","public class CustomerEpisodeManager : MonoBehaviourSingleton<CustomerEpisodeManager> // TypeDefIndex: 375"
"13081","enum","CutToonType","376","public enum CutToonType // TypeDefIndex: 376"
"13092","class","CutToonData","377","public class CutToonData // TypeDefIndex: 377"
"13106","class","CutToonManager.","378","private sealed class CutToonManager.<>c__DisplayClass3_0 // TypeDefIndex: 378"
"13121","class","CutToonManager","379","public class CutToonManager : MonoBehaviourSingleton<CutToonManager> // TypeDefIndex: 379"
"13146","class","UserAlbumSaveData","380","public class UserAlbumSaveData : UserSaveData // TypeDefIndex: 380"
"13164","class","AlbumDataManager.","381","private sealed class AlbumDataManager.<>c__DisplayClass5_0 // TypeDefIndex: 381"
"13183","class","AlbumDataManager","382","public class AlbumDataManager : MonoBehaviourSingleton<AlbumDataManager> // TypeDefIndex: 382"
"13234","class","UserAttendanceSaveData","383","public class UserAttendanceSaveData : UserSaveData // TypeDefIndex: 383"
"13259","class","DailyDataManager","384","public class DailyDataManager : MonoBehaviourSingleton<DailyDataManager> // TypeDefIndex: 384"
"13343","class","EchoArchiveUserData","385","public class EchoArchiveUserData : UserSaveData // TypeDefIndex: 385"
"13358","class","EchoArchiveInfoData","386","public class EchoArchiveInfoData // TypeDefIndex: 386"
"13373","class","EchoArchiveGameData","387","public class EchoArchiveGameData // TypeDefIndex: 387"
"13394","class","EchoArchiveGameData_RequestComplete","388","public class EchoArchiveGameData_RequestComplete // TypeDefIndex: 388"
"13410","class","EchoArchiveRequestData","389","public class EchoArchiveRequestData // TypeDefIndex: 389"
"13428","class","EchoArchiveGameData_GageUp","390","public class EchoArchiveGameData_GageUp // TypeDefIndex: 390"
"13444","class","EchoArchiveGameData_CollectBlock","391","public class EchoArchiveGameData_CollectBlock // TypeDefIndex: 391"
"13460","class","EchoArchiveGameData_FabricateBlock","392","public class EchoArchiveGameData_FabricateBlock // TypeDefIndex: 392"
"13484","class","EAFabricateInitData","393","public class EAFabricateInitData // TypeDefIndex: 393"
"13502","class","EchoArchiveDataManager.","394","private sealed class EchoArchiveDataManager.<>c__DisplayClass18_0 // TypeDefIndex: 394"
"13520","class","EchoArchiveDataManager.","395","private sealed class EchoArchiveDataManager.<>c__DisplayClass18_1 // TypeDefIndex: 395"
"13536","class","EchoArchiveDataManager.","396","private sealed class EchoArchiveDataManager.<>c__DisplayClass7_0 // TypeDefIndex: 396"
"13554","class","EchoArchiveDataManager.","397","private sealed class EchoArchiveDataManager.<>c__DisplayClass8_0 // TypeDefIndex: 397"
"13571","class","EchoArchiveDataManager","398","public class EchoArchiveDataManager : MonoBehaviourSingleton<EchoArchiveDataManager> // TypeDefIndex: 398"
"13634","class","UserHighKujiData","399","public class UserHighKujiData : UserSaveData // TypeDefIndex: 399"
"13647","class","HighKujiGameData","400","public class HighKujiGameData // TypeDefIndex: 400"
"13668","class","HighKujiCellData","401","public class HighKujiCellData // TypeDefIndex: 401"
"13683","class","HighKujiRankData","402","public class HighKujiRankData // TypeDefIndex: 402"
"13702","class","HighKujiDataManager.","403","private sealed class HighKujiDataManager.<>c // TypeDefIndex: 403"
"13722","class","HighKujiDataManager.","404","private sealed class HighKujiDataManager.<>c__DisplayClass13_0 // TypeDefIndex: 404"
"13735","class","HighKujiDataManager.","405","private sealed class HighKujiDataManager.<>c__DisplayClass13_1 // TypeDefIndex: 405"
"13752","class","HighKujiDataManager.","406","private sealed class HighKujiDataManager.<>c__DisplayClass13_2 // TypeDefIndex: 406"
"13769","class","HighKujiDataManager.","407","private sealed class HighKujiDataManager.<>c__DisplayClass14_0 // TypeDefIndex: 407"
"13783","class","HighKujiDataManager.","408","private sealed class HighKujiDataManager.<>c__DisplayClass14_1 // TypeDefIndex: 408"
"13803","class","HighKujiDataManager.","409","private sealed class HighKujiDataManager.<>c__DisplayClass14_2 // TypeDefIndex: 409"
"13820","class","HighKujiDataManager.","410","private sealed class HighKujiDataManager.<>c__DisplayClass5_0 // TypeDefIndex: 410"
"13837","class","HighKujiDataManager","411","public class HighKujiDataManager : MonoBehaviourSingleton<HighKujiDataManager> // TypeDefIndex: 411"
"13899","class","LevelPassUserData","412","public class LevelPassUserData : UserSaveData // TypeDefIndex: 412"
"13914","class","LevelPassRewardDataInfo","413","public class LevelPassRewardDataInfo // TypeDefIndex: 413"
"13933","class","LevelPassDataInfo","414","public class LevelPassDataInfo // TypeDefIndex: 414"
"13953","class","LevelPassDataManager.","415","private sealed class LevelPassDataManager.<>c // TypeDefIndex: 415"
"13973","class","LevelPassDataManager.","416","private sealed class LevelPassDataManager.<>c__DisplayClass13_0 // TypeDefIndex: 416"
"13991","class","LevelPassDataManager.","417","private sealed class LevelPassDataManager.<>c__DisplayClass15_0 // TypeDefIndex: 417"
"14007","class","LevelPassDataManager.","418","private sealed class LevelPassDataManager.<>c__DisplayClass16_0 // TypeDefIndex: 418"
"14023","class","LevelPassDataManager.","419","private sealed class LevelPassDataManager.<>c__DisplayClass21_0 // TypeDefIndex: 419"
"14040","class","LevelPassDataManager","420","public class LevelPassDataManager : MonoBehaviourSingleton<LevelPassDataManager> // TypeDefIndex: 420"
"14121","class","ProduceBlockMapSaveData","421","public class ProduceBlockMapSaveData : UserSaveData // TypeDefIndex: 421"
"14134","class","ProduceBlockMapData","422","public class ProduceBlockMapData // TypeDefIndex: 422"
"14148","class","MapSaveData","423","public class MapSaveData : UserSaveData // TypeDefIndex: 423"
"14167","class","MapCellData","424","public class MapCellData // TypeDefIndex: 424"
"14188","class","MapCellTypeData","425","public class MapCellTypeData // TypeDefIndex: 425"
"14208","class","BlockSaveData","426","public class BlockSaveData : UserSaveData // TypeDefIndex: 426"
"14226","class","MapBlockTypeData","427","public class MapBlockTypeData // TypeDefIndex: 427"
"14240","class","MapBlockData","428","public class MapBlockData // TypeDefIndex: 428"
"14263","class","ProduceBlockSaveData","429","public class ProduceBlockSaveData : UserSaveData // TypeDefIndex: 429"
"14280","class","ProduceBlockData","430","public class ProduceBlockData // TypeDefIndex: 430"
"14310","class","FabricateBlockMapData.","431","private sealed class FabricateBlockMapData.<>c // TypeDefIndex: 431"
"14330","class","FabricateBlockMapData","432","public class FabricateBlockMapData // TypeDefIndex: 432"
"14357","class","FabricateInitBlockData","433","public class FabricateInitBlockData // TypeDefIndex: 433"
"14375","class","GrowProduceBlockMapData","434","public class GrowProduceBlockMapData // TypeDefIndex: 434"
"14392","class","CollectionSaveData","435","public class CollectionSaveData : UserSaveData // TypeDefIndex: 435"
"14408","class","BlockCollectionData","436","public class BlockCollectionData // TypeDefIndex: 436"
"14424","class","FurnitureCollectionData","437","public class FurnitureCollectionData // TypeDefIndex: 437"
"14438","class","CustomerCollectionData","438","public class CustomerCollectionData // TypeDefIndex: 438"
"14452","class","EchoArchiveCollectionData","439","public class EchoArchiveCollectionData // TypeDefIndex: 439"
"14466","class","BubbleBlockSaveData","440","public class BubbleBlockSaveData : UserSaveData // TypeDefIndex: 440"
"14479","class","BubbleBlockData","441","public class BubbleBlockData // TypeDefIndex: 441"
"14497","class","BoxBlockSaveData","442","public class BoxBlockSaveData : UserSaveData // TypeDefIndex: 442"
"14510","class","SelectBoxBlockData","443","public class SelectBoxBlockData // TypeDefIndex: 443"
"14525","class","MapDataManager.","444","private sealed class MapDataManager.<>c // TypeDefIndex: 444"
"14549","class","MapDataManager.","445","private sealed class MapDataManager.<>c__DisplayClass126_0 // TypeDefIndex: 445"
"14564","class","MapDataManager","446","public class MapDataManager : MonoBehaviourSingleton<MapDataManager> // TypeDefIndex: 446"
"14949","class","UserMemoryCardSaveData","447","public class UserMemoryCardSaveData : UserSaveData // TypeDefIndex: 447"
"14966","class","UserMemoryCardData","448","public class UserMemoryCardData // TypeDefIndex: 448"
"14982","class","UserMemoryGachaStateData","449","public class UserMemoryGachaStateData // TypeDefIndex: 449"
"14997","enum","PurchaseType","450","public enum PurchaseType // TypeDefIndex: 450"
"15007","struct","PurchaseInfo","451","public struct PurchaseInfo // TypeDefIndex: 451"
"15018","struct","PullResult","452","public struct PullResult // TypeDefIndex: 452"
"15029","struct","TenPullResult","453","public struct TenPullResult // TypeDefIndex: 453"
"15038","class","SavedGachaPoolState","454","public class SavedGachaPoolState // TypeDefIndex: 454"
"15053","struct","MemoryCardManager.WeightedEntry","455","private struct MemoryCardManager.WeightedEntry // TypeDefIndex: 455"
"15063","class","MemoryCardManager.","456","private sealed class MemoryCardManager.<>c // TypeDefIndex: 456"
"15086","class","MemoryCardManager","457","public class MemoryCardManager : MonoBehaviourSingleton<MemoryCardManager> // TypeDefIndex: 457"
"15372","class","UserMiniGameData","458","public class UserMiniGameData : UserSaveData // TypeDefIndex: 458"
"15390","class","UserEventMiniGame","459","public class UserEventMiniGame : UserSaveData // TypeDefIndex: 459"
"15403","class","MiniGameDataManager","460","public class MiniGameDataManager : MonoBehaviourSingleton<MiniGameDataManager> // TypeDefIndex: 460"
"15464","class","UserCustomerSaveData","461","public class UserCustomerSaveData : UserSaveData // TypeDefIndex: 461"
"15478","class","CustomerData","462","public class CustomerData // TypeDefIndex: 462"
"15493","class","CustomerCouponRewardInfo","463","public class CustomerCouponRewardInfo // TypeDefIndex: 463"
"15509","class","NpcSkinSaveData","464","public class NpcSkinSaveData : UserSaveData // TypeDefIndex: 464"
"15523","class","MaidSaveData","465","public class MaidSaveData : UserSaveData // TypeDefIndex: 465"
"15541","class","MaidInfo","466","public class MaidInfo // TypeDefIndex: 466"
"15560","class","MaidGiftInfo","467","public class MaidGiftInfo // TypeDefIndex: 467"
"15574","class","NpcSkinData","468","public class NpcSkinData // TypeDefIndex: 468"
"15590","class","CostumeTutoInfo","469","public class CostumeTutoInfo // TypeDefIndex: 469"
"15605","class","NpcUnlockSaveData","470","public class NpcUnlockSaveData : UserSaveData // TypeDefIndex: 470"
"15620","class","NpcDataManager.","471","private sealed class NpcDataManager.<>c // TypeDefIndex: 471"
"15652","class","NpcDataManager.","472","private sealed class NpcDataManager.<>c__DisplayClass22_0 // TypeDefIndex: 472"
"15668","class","NpcDataManager.","473","private sealed class NpcDataManager.<>c__DisplayClass36_0 // TypeDefIndex: 473"
"15684","class","NpcDataManager.","474","private sealed class NpcDataManager.<>c__DisplayClass36_1 // TypeDefIndex: 474"
"15700","class","NpcDataManager.","475","private sealed class NpcDataManager.<>c__DisplayClass38_0 // TypeDefIndex: 475"
"15716","class","NpcDataManager.","476","private sealed class NpcDataManager.<>c__DisplayClass55_0 // TypeDefIndex: 476"
"15733","class","NpcDataManager","477","public class NpcDataManager : MonoBehaviourSingleton<NpcDataManager> // TypeDefIndex: 477"
"15915","class","UserOutGameData","478","public class UserOutGameData : UserSaveData // TypeDefIndex: 478"
"15944","class","OutGameNeedCurrencyData","479","public class OutGameNeedCurrencyData // TypeDefIndex: 479"
"15957","class","OutGameDataManager","480","public class OutGameDataManager : MonoBehaviourSingleton<OutGameDataManager> // TypeDefIndex: 480"
"16040","class","MaidCoinInfo","481","public class MaidCoinInfo // TypeDefIndex: 481"
"16054","class","MaidCoinSaveData","482","public class MaidCoinSaveData : UserSaveData // TypeDefIndex: 482"
"16068","class","PhotoCardInfo","483","public class PhotoCardInfo // TypeDefIndex: 483"
"16084","class","PhotoCardSaveData","484","public class PhotoCardSaveData : UserSaveData // TypeDefIndex: 484"
"16096","class","PhotoCardDataManager","485","public class PhotoCardDataManager : MonoBehaviourSingleton<PhotoCardDataManager> // TypeDefIndex: 485"
"16158","class","RequestItemData","486","public class RequestItemData // TypeDefIndex: 486"
"16174","class","RequestNpcData","487","public class RequestNpcData // TypeDefIndex: 487"
"16188","class","RequestSaveData","488","public class RequestSaveData : UserSaveData // TypeDefIndex: 488"
"16216","class","RequestTotalData","489","public class RequestTotalData // TypeDefIndex: 489"
"16232","class","RequestRewardPointSaveData","490","public class RequestRewardPointSaveData : UserSaveData // TypeDefIndex: 490"
"16245","class","RequestData","491","public class RequestData // TypeDefIndex: 491"
"16274","class","RequestDormitoryData","492","public class RequestDormitoryData // TypeDefIndex: 492"
"16293","class","RequestCompleteSaveData","493","public class RequestCompleteSaveData : UserSaveData // TypeDefIndex: 493"
"16307","class","RequestCompleteData","494","public class RequestCompleteData // TypeDefIndex: 494"
"16321","class","RequestTimeData","495","public class RequestTimeData : UserSaveData // TypeDefIndex: 495"
"16336","class","RequestGroupData","496","public class RequestGroupData // TypeDefIndex: 496"
"16352","class","RequestMainPointData","497","public class RequestMainPointData // TypeDefIndex: 497"
"16372","class","RequestDataManager.","498","private sealed class RequestDataManager.<>c // TypeDefIndex: 498"
"16476","class","RequestDataManager.","499","private sealed class RequestDataManager.<>c__DisplayClass111_0 // TypeDefIndex: 499"
"16505","class","RequestDataManager.","500","private sealed class RequestDataManager.<>c__DisplayClass115_0 // TypeDefIndex: 500"
"16521","class","RequestDataManager.","501","private sealed class RequestDataManager.<>c__DisplayClass30_0 // TypeDefIndex: 501"
"16539","class","RequestDataManager.","502","private sealed class RequestDataManager.<>c__DisplayClass33_0 // TypeDefIndex: 502"
"16555","class","RequestDataManager.","503","private sealed class RequestDataManager.<>c__DisplayClass56_0 // TypeDefIndex: 503"
"16580","class","RequestDataManager.","504","private sealed class RequestDataManager.<>c__DisplayClass56_1 // TypeDefIndex: 504"
"16596","class","RequestDataManager.","505","private sealed class RequestDataManager.<>c__DisplayClass59_0 // TypeDefIndex: 505"
"16613","class","RequestDataManager.","506","private sealed class RequestDataManager.<>c__DisplayClass60_0 // TypeDefIndex: 506"
"16629","class","RequestDataManager.","507","private sealed class RequestDataManager.<>c__DisplayClass60_1 // TypeDefIndex: 507"
"16645","class","RequestDataManager.","508","private sealed class RequestDataManager.<>c__DisplayClass60_2 // TypeDefIndex: 508"
"16661","class","RequestDataManager.","509","private sealed class RequestDataManager.<>c__DisplayClass60_3 // TypeDefIndex: 509"
"16677","class","RequestDataManager.","510","private sealed class RequestDataManager.<>c__DisplayClass60_4 // TypeDefIndex: 510"
"16693","class","RequestDataManager.","511","private sealed class RequestDataManager.<>c__DisplayClass64_0 // TypeDefIndex: 511"
"16726","class","RequestDataManager.","512","private sealed class RequestDataManager.<>c__DisplayClass71_0 // TypeDefIndex: 512"
"16744","class","RequestDataManager.","513","private sealed class RequestDataManager.<>c__DisplayClass97_0 // TypeDefIndex: 513"
"16758","class","RequestDataManager.","514","private sealed class RequestDataManager.<>c__DisplayClass97_1 // TypeDefIndex: 514"
"16775","class","RequestDataManager.","515","private sealed class RequestDataManager.<>c__DisplayClass97_2 // TypeDefIndex: 515"
"16789","class","RequestDataManager.","516","private sealed class RequestDataManager.<>c__DisplayClass97_3 // TypeDefIndex: 516"
"16806","class","RequestDataManager.","517","private sealed class RequestDataManager.<>c__DisplayClass97_4 // TypeDefIndex: 517"
"16820","class","RequestDataManager.","518","private sealed class RequestDataManager.<>c__DisplayClass97_5 // TypeDefIndex: 518"
"16837","class","RequestDataManager.","519","private sealed class RequestDataManager.<>c__DisplayClass97_6 // TypeDefIndex: 519"
"16851","class","RequestDataManager.","520","private sealed class RequestDataManager.<>c__DisplayClass97_7 // TypeDefIndex: 520"
"16868","class","RequestDataManager.","521","private sealed class RequestDataManager.<>c__DisplayClass97_8 // TypeDefIndex: 521"
"16882","class","RequestDataManager.","522","private sealed class RequestDataManager.<>c__DisplayClass97_9 // TypeDefIndex: 522"
"16898","class","RequestDataManager","523","public class RequestDataManager : MonoBehaviourSingleton<RequestDataManager> // TypeDefIndex: 523"
"17281","class","ServerRewardSaveData","524","public class ServerRewardSaveData : UserSaveData // TypeDefIndex: 524"
"17296","class","ServerRewardData","525","public class ServerRewardData // TypeDefIndex: 525"
"17312","class","LocalRewardData","526","public class LocalRewardData // TypeDefIndex: 526"
"17327","class","LocalNoticeRewardSaveData","527","public class LocalNoticeRewardSaveData : UserSaveData // TypeDefIndex: 527"
"17340","class","FriendRewardSaveData","528","public class FriendRewardSaveData : UserSaveData // TypeDefIndex: 528"
"17353","class","FriendInviteData","529","public class FriendInviteData // TypeDefIndex: 529"
"17373","class","CouponRewardSaveData","530","public class CouponRewardSaveData : UserSaveData // TypeDefIndex: 530"
"17386","class","CouponRewardData","531","public class CouponRewardData // TypeDefIndex: 531"
"17400","class","RewardBlockSaveData","532","public class RewardBlockSaveData : UserSaveData // TypeDefIndex: 532"
"17419","class","RewardBlockData","533","public class RewardBlockData // TypeDefIndex: 533"
"17437","class","InGameRewardData","534","public class InGameRewardData // TypeDefIndex: 534"
"17457","class","RewardDataManager.","535","private sealed class RewardDataManager.<>c // TypeDefIndex: 535"
"17545","class","RewardDataManager.","536","private sealed class RewardDataManager.<>c__DisplayClass28_0 // TypeDefIndex: 536"
"17606","class","RewardDataManager","537","public class RewardDataManager : MonoBehaviourSingleton<RewardDataManager> // TypeDefIndex: 537"
"17778","class","UserRouletteData","538","public class UserRouletteData : UserSaveData // TypeDefIndex: 538"
"17791","class","RouletteGameData","539","public class RouletteGameData // TypeDefIndex: 539"
"17810","class","RouletteCellData","540","public class RouletteCellData // TypeDefIndex: 540"
"17827","class","RouletteDataManager.","541","private sealed class RouletteDataManager.<>c // TypeDefIndex: 541"
"17846","class","RouletteDataManager","542","public class RouletteDataManager : MonoBehaviourSingleton<RouletteDataManager> // TypeDefIndex: 542"
"17902","class","SeriouslyMergeData","543","public class SeriouslyMergeData : UserSaveData // TypeDefIndex: 543"
"17927","class","SeriouslyMergeDataManager.","544","private sealed class SeriouslyMergeDataManager.<>c__DisplayClass10_0 // TypeDefIndex: 544"
"17945","class","SeriouslyMergeDataManager.","545","private sealed class SeriouslyMergeDataManager.<>c__DisplayClass14_0 // TypeDefIndex: 545"
"17960","class","SeriouslyMergeDataManager","546","public class SeriouslyMergeDataManager : MonoBehaviourSingleton<SeriouslyMergeDataManager> // TypeDefIndex: 546"
"18038","class","ShopGoldSaveData","547","public class ShopGoldSaveData : UserSaveData // TypeDefIndex: 547"
"18054","class","ShopGoldData","548","public class ShopGoldData // TypeDefIndex: 548"
"18069","class","ShopJewelSaveData","549","public class ShopJewelSaveData : UserSaveData // TypeDefIndex: 549"
"18085","class","ShopMasterHeartSaveData","550","public class ShopMasterHeartSaveData : UserSaveData // TypeDefIndex: 550"
"18101","class","ShopJewelData","551","public class ShopJewelData // TypeDefIndex: 551"
"18116","class","ShopMasterHeartData","552","public class ShopMasterHeartData // TypeDefIndex: 552"
"18131","class","ShopApSaveData","553","public class ShopApSaveData : UserSaveData // TypeDefIndex: 553"
"18145","class","ShopApData","554","public class ShopApData // TypeDefIndex: 554"
"18160","class","ShopBlockSaveData","555","public class ShopBlockSaveData : UserSaveData // TypeDefIndex: 555"
"18174","class","ShopMaidGiftSaveData","556","public class ShopMaidGiftSaveData : UserSaveData // TypeDefIndex: 556"
"18189","class","ShopMemoryTicketSaveData","557","public class ShopMemoryTicketSaveData : UserSaveData // TypeDefIndex: 557"
"18204","class","ShopSkinPackageSaveData","558","public class ShopSkinPackageSaveData : UserSaveData // TypeDefIndex: 558"
"18217","class","ShopBlockData","559","public class ShopBlockData // TypeDefIndex: 559"
"18232","class","ShopMaidGiftData","560","public class ShopMaidGiftData // TypeDefIndex: 560"
"18250","class","ShopMemoryTicketData","561","public class ShopMemoryTicketData // TypeDefIndex: 561"
"18269","class","ShopAddLineSaveData","562","public class ShopAddLineSaveData : UserSaveData // TypeDefIndex: 562"
"18287","enum","ShopRvRemoveSaveData.RvRemoveFreeEventState","563","public enum ShopRvRemoveSaveData.RvRemoveFreeEventState // TypeDefIndex: 563"
"18298","class","ShopRvRemoveSaveData","564","public class ShopRvRemoveSaveData : UserSaveData // TypeDefIndex: 564"
"18318","class","ShopProductBuySaveData","565","public class ShopProductBuySaveData : UserSaveData // TypeDefIndex: 565"
"18332","class","ShopDataManager.ShopAdsRemoveFreeEvent","566","public sealed class ShopDataManager.ShopAdsRemoveFreeEvent : MulticastDelegate // TypeDefIndex: 566"
"18352","class","ShopDataManager.","567","private sealed class ShopDataManager.<>c // TypeDefIndex: 567"
"18376","class","ShopDataManager.","568","private sealed class ShopDataManager.<>c__DisplayClass63_0 // TypeDefIndex: 568"
"18392","class","ShopDataManager.","569","private sealed class ShopDataManager.<>c__DisplayClass64_0 // TypeDefIndex: 569"
"18408","class","ShopDataManager.","570","private sealed class ShopDataManager.<>c__DisplayClass65_0 // TypeDefIndex: 570"
"18424","class","ShopDataManager.","571","private sealed class ShopDataManager.<>c__DisplayClass69_0 // TypeDefIndex: 571"
"18440","class","ShopDataManager.","572","private sealed class ShopDataManager.<>c__DisplayClass74_0 // TypeDefIndex: 572"
"18458","class","ShopDataManager.","573","private sealed class ShopDataManager.<>c__DisplayClass92_0 // TypeDefIndex: 573"
"18474","class","ShopDataManager","574","public class ShopDataManager : MonoBehaviourSingleton<ShopDataManager> // TypeDefIndex: 574"
"18775","class","UserStoryData","575","public class UserStoryData : UserSaveData // TypeDefIndex: 575"
"18789","class","SelectStoryInfo","576","public class SelectStoryInfo // TypeDefIndex: 576"
"18805","class","StoryDataManager.","577","private sealed class StoryDataManager.<>c__DisplayClass4_0 // TypeDefIndex: 577"
"18823","class","StoryDataManager","578","public class StoryDataManager : MonoBehaviourSingleton<StoryDataManager> // TypeDefIndex: 578"
"18854","class","StoryStepDataInfo","579","public class StoryStepDataInfo // TypeDefIndex: 579"
"18867","class","StorySelectData","580","public class StorySelectData // TypeDefIndex: 580"
"18885","class","StoryTableDataManager","581","public class StoryTableDataManager : MonoBehaviourSingleton<StoryTableDataManager> // TypeDefIndex: 581"
"18968","struct","TableDataManager.ChatSelectData","582","public struct TableDataManager.ChatSelectData // TypeDefIndex: 582"
"18982","class","TableDataManager.","583","private sealed class TableDataManager.<>c // TypeDefIndex: 583"
"19018","class","TableDataManager.","584","private sealed class TableDataManager.<>c__DisplayClass116_0 // TypeDefIndex: 584"
"19034","class","TableDataManager.","585","private sealed class TableDataManager.<>c__DisplayClass117_0 // TypeDefIndex: 585"
"19050","class","TableDataManager.","586","private sealed class TableDataManager.<>c__DisplayClass118_0 // TypeDefIndex: 586"
"19066","class","TableDataManager.","587","private sealed class TableDataManager.<>c__DisplayClass154_0 // TypeDefIndex: 587"
"19082","class","TableDataManager.","588","private sealed class TableDataManager.<>c__DisplayClass155_0 // TypeDefIndex: 588"
"19098","class","TableDataManager.","589","private sealed class TableDataManager.<>c__DisplayClass156_0 // TypeDefIndex: 589"
"19115","class","TableDataManager.","590","private sealed class TableDataManager.<>c__DisplayClass157_0 // TypeDefIndex: 590"
"19131","class","TableDataManager.","591","private sealed class TableDataManager.<>c__DisplayClass158_0 // TypeDefIndex: 591"
"19148","class","TableDataManager.","592","private sealed class TableDataManager.<>c__DisplayClass159_0 // TypeDefIndex: 592"
"19164","class","TableDataManager.","593","private sealed class TableDataManager.<>c__DisplayClass160_0 // TypeDefIndex: 593"
"19180","class","TableDataManager.","594","private sealed class TableDataManager.<>c__DisplayClass161_0 // TypeDefIndex: 594"
"19196","class","TableDataManager.","595","private sealed class TableDataManager.<>c__DisplayClass163_0 // TypeDefIndex: 595"
"19212","class","TableDataManager.","596","private sealed class TableDataManager.<>c__DisplayClass164_0 // TypeDefIndex: 596"
"19228","class","TableDataManager.","597","private sealed class TableDataManager.<>c__DisplayClass204_0 // TypeDefIndex: 597"
"19244","class","TableDataManager.","598","private sealed class TableDataManager.<>c__DisplayClass29_0 // TypeDefIndex: 598"
"19260","class","TableDataManager.","599","private sealed class TableDataManager.<>c__DisplayClass32_0 // TypeDefIndex: 599"
"19276","class","TableDataManager.","600","private sealed class TableDataManager.<>c__DisplayClass330_0 // TypeDefIndex: 600"
"19292","class","TableDataManager.","601","private sealed class TableDataManager.<>c__DisplayClass332_0 // TypeDefIndex: 601"
"19308","class","TableDataManager.","602","private sealed class TableDataManager.<>c__DisplayClass333_0 // TypeDefIndex: 602"
"19325","class","TableDataManager.","603","private sealed class TableDataManager.<>c__DisplayClass334_0 // TypeDefIndex: 603"
"19343","class","TableDataManager.","604","private sealed class TableDataManager.<>c__DisplayClass335_0 // TypeDefIndex: 604"
"19359","class","TableDataManager.","605","private sealed class TableDataManager.<>c__DisplayClass336_0 // TypeDefIndex: 605"
"19375","class","TableDataManager.","606","private sealed class TableDataManager.<>c__DisplayClass341_0 // TypeDefIndex: 606"
"19391","class","TableDataManager.","607","private sealed class TableDataManager.<>c__DisplayClass35_0 // TypeDefIndex: 607"
"19407","class","TableDataManager.","608","private sealed class TableDataManager.<>c__DisplayClass374_0 // TypeDefIndex: 608"
"19423","class","TableDataManager.","609","private sealed class TableDataManager.<>c__DisplayClass376_0 // TypeDefIndex: 609"
"19439","class","TableDataManager.","610","private sealed class TableDataManager.<>c__DisplayClass377_0 // TypeDefIndex: 610"
"19455","class","TableDataManager.","611","private sealed class TableDataManager.<>c__DisplayClass378_0 // TypeDefIndex: 611"
"19471","class","TableDataManager.","612","private sealed class TableDataManager.<>c__DisplayClass37_0 // TypeDefIndex: 612"
"19487","class","TableDataManager.","613","private sealed class TableDataManager.<>c__DisplayClass381_0 // TypeDefIndex: 613"
"19503","class","TableDataManager.","614","private sealed class TableDataManager.<>c__DisplayClass382_0 // TypeDefIndex: 614"
"19519","class","TableDataManager.","615","private sealed class TableDataManager.<>c__DisplayClass387_0 // TypeDefIndex: 615"
"19535","class","TableDataManager.","616","private sealed class TableDataManager.<>c__DisplayClass389_0 // TypeDefIndex: 616"
"19551","class","TableDataManager.","617","private sealed class TableDataManager.<>c__DisplayClass38_0 // TypeDefIndex: 617"
"19567","class","TableDataManager.","618","private sealed class TableDataManager.<>c__DisplayClass390_0 // TypeDefIndex: 618"
"19583","class","TableDataManager.","619","private sealed class TableDataManager.<>c__DisplayClass391_0 // TypeDefIndex: 619"
"19601","class","TableDataManager.","620","private sealed class TableDataManager.<>c__DisplayClass391_1 // TypeDefIndex: 620"
"19618","class","TableDataManager.","621","private sealed class TableDataManager.<>c__DisplayClass393_0 // TypeDefIndex: 621"
"19635","class","TableDataManager.","622","private sealed class TableDataManager.<>c__DisplayClass43_0 // TypeDefIndex: 622"
"19651","class","TableDataManager.","623","private sealed class TableDataManager.<>c__DisplayClass442_0 // TypeDefIndex: 623"
"19667","class","TableDataManager.","624","private sealed class TableDataManager.<>c__DisplayClass44_0 // TypeDefIndex: 624"
"19683","class","TableDataManager.","625","private sealed class TableDataManager.<>c__DisplayClass451_0 // TypeDefIndex: 625"
"19699","class","TableDataManager.","626","private sealed class TableDataManager.<>c__DisplayClass45_0 // TypeDefIndex: 626"
"19715","class","TableDataManager.","627","private sealed class TableDataManager.<>c__DisplayClass547_0 // TypeDefIndex: 627"
"19731","class","TableDataManager.","628","private sealed class TableDataManager.<>c__DisplayClass548_0 // TypeDefIndex: 628"
"19751","class","TableDataManager.","629","private sealed class TableDataManager.<>c__DisplayClass550_0 // TypeDefIndex: 629"
"19767","class","TableDataManager.","630","private sealed class TableDataManager.<>c__DisplayClass553_0 // TypeDefIndex: 630"
"19783","class","TableDataManager.","631","private sealed class TableDataManager.<>c__DisplayClass555_0 // TypeDefIndex: 631"
"19799","class","TableDataManager.","632","private sealed class TableDataManager.<>c__DisplayClass557_0 // TypeDefIndex: 632"
"19815","class","TableDataManager.","633","private sealed class TableDataManager.<>c__DisplayClass559_0 // TypeDefIndex: 633"
"19831","class","TableDataManager.","634","private sealed class TableDataManager.<>c__DisplayClass561_0 // TypeDefIndex: 634"
"19847","class","TableDataManager.","635","private sealed class TableDataManager.<>c__DisplayClass563_0 // TypeDefIndex: 635"
"19863","class","TableDataManager.","636","private sealed class TableDataManager.<>c__DisplayClass564_0 // TypeDefIndex: 636"
"19879","class","TableDataManager.","637","private sealed class TableDataManager.<>c__DisplayClass568_0 // TypeDefIndex: 637"
"19895","class","TableDataManager.","638","private sealed class TableDataManager.<>c__DisplayClass572_0 // TypeDefIndex: 638"
"19912","class","TableDataManager.","639","private sealed class TableDataManager.<>c__DisplayClass573_0 // TypeDefIndex: 639"
"19928","class","TableDataManager.","640","private sealed class TableDataManager.<>c__DisplayClass575_0 // TypeDefIndex: 640"
"19944","class","TableDataManager.","641","private sealed class TableDataManager.<>c__DisplayClass576_0 // TypeDefIndex: 641"
"19961","class","TableDataManager.","642","private sealed class TableDataManager.<>c__DisplayClass616_0 // TypeDefIndex: 642"
"19977","class","TableDataManager.","643","private sealed class TableDataManager.<>c__DisplayClass617_0 // TypeDefIndex: 643"
"19994","class","TableDataManager.","644","private sealed class TableDataManager.<>c__DisplayClass617_1 // TypeDefIndex: 644"
"20011","class","TableDataManager.","645","private sealed class TableDataManager.<>c__DisplayClass643_0 // TypeDefIndex: 645"
"20027","class","TableDataManager.","646","private sealed class TableDataManager.<>c__DisplayClass657_0 // TypeDefIndex: 646"
"20043","class","TableDataManager.","647","private sealed class TableDataManager.<>c__DisplayClass69_0 // TypeDefIndex: 647"
"20059","class","TableDataManager.","648","private sealed class TableDataManager.<>c__DisplayClass71_0 // TypeDefIndex: 648"
"20075","class","TableDataManager.","649","private sealed class TableDataManager.<>c__DisplayClass72_0 // TypeDefIndex: 649"
"20091","class","TableDataManager.","650","private sealed class TableDataManager.<>c__DisplayClass73_0 // TypeDefIndex: 650"
"20107","class","TableDataManager.","651","private sealed class TableDataManager.<>c__DisplayClass743_0 // TypeDefIndex: 651"
"20123","class","TableDataManager.","652","private sealed class TableDataManager.<>c__DisplayClass744_0 // TypeDefIndex: 652"
"20139","class","TableDataManager.","653","private sealed class TableDataManager.<>c__DisplayClass755_0 // TypeDefIndex: 653"
"20155","class","TableDataManager.","654","private sealed class TableDataManager.<>c__DisplayClass759_0 // TypeDefIndex: 654"
"20171","class","TableDataManager.","655","private sealed class TableDataManager.<>c__DisplayClass797_0 // TypeDefIndex: 655"
"20187","class","TableDataManager.","656","private sealed class TableDataManager.<>c__DisplayClass79_0 // TypeDefIndex: 656"
"20203","class","TableDataManager.","657","private sealed class TableDataManager.<>c__DisplayClass81_0 // TypeDefIndex: 657"
"20220","class","TableDataManager.","658","private sealed class TableDataManager.<>c__DisplayClass88_0 // TypeDefIndex: 658"
"20236","class","TableDataManager.","659","private sealed class TableDataManager.<>c__DisplayClass98_0 // TypeDefIndex: 659"
"20251","class","TableDataManager","660","public class TableDataManager : MonoBehaviourSingleton<TableDataManager> // TypeDefIndex: 660"
"22405","class","BlockDropPickResult","661","public class BlockDropPickResult // TypeDefIndex: 661"
"22418","class","ChatStepDataInfo","662","public class ChatStepDataInfo // TypeDefIndex: 662"
"22432","class","UserData","663","public class UserData : UserSaveData // TypeDefIndex: 663"
"22461","class","UserProfileInfoData","664","public class UserProfileInfoData : UserSaveData // TypeDefIndex: 664"
"22483","class","UserPlayInfoData","665","public class UserPlayInfoData : UserSaveData // TypeDefIndex: 665"
"22524","class","UserTimeData","666","public class UserTimeData : UserSaveData // TypeDefIndex: 666"
"22547","class","UserTutorialSaveData","667","public class UserTutorialSaveData : UserSaveData // TypeDefIndex: 667"
"22569","class","UserTutorialData","668","public class UserTutorialData // TypeDefIndex: 668"
"22583","class","UserTutorialStepData","669","public class UserTutorialStepData // TypeDefIndex: 669"
"22600","class","UserOptionData","670","public class UserOptionData : UserSaveData // TypeDefIndex: 670"
"22635","class","UserSnsData","671","public class UserSnsData : UserSaveData // TypeDefIndex: 671"
"22648","class","UserItemData","672","public class UserItemData : UserSaveData // TypeDefIndex: 672"
"22661","class","ItemInfoData","673","public class ItemInfoData // TypeDefIndex: 673"
"22675","class","UserInGameResourceData","674","public class UserInGameResourceData : UserSaveData // TypeDefIndex: 674"
"22694","class","InGameResDataInfo","675","public class InGameResDataInfo // TypeDefIndex: 675"
"22709","class","UserDataManager.ResourceChange","676","public sealed class UserDataManager.ResourceChange : MulticastDelegate // TypeDefIndex: 676"
"22728","class","UserDataManager.","677","private sealed class UserDataManager.<>c__DisplayClass263_0 // TypeDefIndex: 677"
"22744","class","UserDataManager.","678","private sealed class UserDataManager.<>c__DisplayClass264_0 // TypeDefIndex: 678"
"22760","class","UserDataManager.","679","private sealed class UserDataManager.<>c__DisplayClass265_0 // TypeDefIndex: 679"
"22778","class","UserDataManager.","680","private sealed class UserDataManager.<>c__DisplayClass266_0 // TypeDefIndex: 680"
"22794","class","UserDataManager.","681","private sealed class UserDataManager.<>c__DisplayClass267_0 // TypeDefIndex: 681"
"22810","class","UserDataManager.","682","private sealed class UserDataManager.<>c__DisplayClass268_0 // TypeDefIndex: 682"
"22826","class","UserDataManager.","683","private sealed class UserDataManager.<>c__DisplayClass269_0 // TypeDefIndex: 683"
"22842","class","UserDataManager.","684","private sealed class UserDataManager.<>c__DisplayClass287_0 // TypeDefIndex: 684"
"22860","class","UserDataManager.","685","private sealed class UserDataManager.<>c__DisplayClass288_0 // TypeDefIndex: 685"
"22878","struct","UserDataManager.","686","private struct UserDataManager.<CheckUpdateUserInfo>d__289 : IAsyncStateMachine // TypeDefIndex: 686"
"22899","class","UserDataManager","687","public class UserDataManager : MonoBehaviourSingleton<UserDataManager> // TypeDefIndex: 687"
"23619","enum","VideoBonusState","688","public enum VideoBonusState // TypeDefIndex: 688"
"23631","class","UserVideoBonusSaveData","689","public class UserVideoBonusSaveData : UserSaveData // TypeDefIndex: 689"
"23651","class","VideoBonusDataManager.","690","private sealed class VideoBonusDataManager.<>c // TypeDefIndex: 690"
"23671","class","VideoBonusDataManager.","691","private sealed class VideoBonusDataManager.<>c__DisplayClass20_0 // TypeDefIndex: 691"
"23687","class","VideoBonusDataManager","692","public class VideoBonusDataManager : MonoBehaviourSingleton<VideoBonusDataManager> // TypeDefIndex: 692"
"23763","class","WorkLogUserData","693","public class WorkLogUserData : UserSaveData // TypeDefIndex: 693"
"23789","class","WorkLogMissionData","694","public class WorkLogMissionData // TypeDefIndex: 694"
"23813","class","WorkLogRewardData","695","public class WorkLogRewardData // TypeDefIndex: 695"
"23833","class","WorkLogDataManager.","696","private sealed class WorkLogDataManager.<>c // TypeDefIndex: 696"
"23853","class","WorkLogDataManager.","697","private sealed class WorkLogDataManager.<>c__DisplayClass11_0 // TypeDefIndex: 697"
"23871","class","WorkLogDataManager","698","public class WorkLogDataManager : MonoBehaviourSingleton<WorkLogDataManager> // TypeDefIndex: 698"
"23948","class","EchoArchiveManager.","699","private sealed class EchoArchiveManager.<>c__DisplayClass15_0 // TypeDefIndex: 699"
"23964","class","EchoArchiveManager.","700","private sealed class EchoArchiveManager.<>c__DisplayClass7_0 // TypeDefIndex: 700"
"23977","class","EchoArchiveManager.","701","private sealed class EchoArchiveManager.<>c__DisplayClass7_1 // TypeDefIndex: 701"
"23994","class","EchoArchiveManager.","702","private sealed class EchoArchiveManager.<>c__DisplayClass9_0 // TypeDefIndex: 702"
"24016","class","EchoArchiveManager.","703","private sealed class EchoArchiveManager.<>c__DisplayClass9_1 // TypeDefIndex: 703"
"24036","class","EchoArchiveManager","704","public class EchoArchiveManager : MonoBehaviourSingleton<EchoArchiveManager> // TypeDefIndex: 704"
"24122","class","EffectManager","705","public class EffectManager : MonoBehaviourSingleton<EffectManager> // TypeDefIndex: 705"
"24157","class","EventCommonData","706","public class EventCommonData // TypeDefIndex: 706"
"24198","class","EventEndData","707","public class EventEndData // TypeDefIndex: 707"
"24215","class","UserEventData","708","public class UserEventData : UserSaveData // TypeDefIndex: 708"
"24264","enum","EventTypeID","709","public enum EventTypeID // TypeDefIndex: 709"
"24301","enum","EventCondition","710","public enum EventCondition // TypeDefIndex: 710"
"24313","class","EventQuestItem","711","public class EventQuestItem // TypeDefIndex: 711"
"24329","class","EventManager.","712","private sealed class EventManager.<>c // TypeDefIndex: 712"
"24429","class","EventManager.","713","private sealed class EventManager.<>c__DisplayClass10_0 // TypeDefIndex: 713"
"24445","class","EventManager.","714","private sealed class EventManager.<>c__DisplayClass118_0 // TypeDefIndex: 714"
"24464","class","EventManager.","715","private sealed class EventManager.<>c__DisplayClass118_1 // TypeDefIndex: 715"
"24480","class","EventManager.","716","private sealed class EventManager.<>c__DisplayClass119_0 // TypeDefIndex: 716"
"24496","class","EventManager.","717","private sealed class EventManager.<>c__DisplayClass11_0 // TypeDefIndex: 717"
"24516","class","EventManager.","718","private sealed class EventManager.<>c__DisplayClass120_0 // TypeDefIndex: 718"
"24532","class","EventManager.","719","private sealed class EventManager.<>c__DisplayClass124_0 // TypeDefIndex: 719"
"24548","class","EventManager.","720","private sealed class EventManager.<>c__DisplayClass125_0 // TypeDefIndex: 720"
"24564","class","EventManager.","721","private sealed class EventManager.<>c__DisplayClass126_0 // TypeDefIndex: 721"
"24580","class","EventManager.","722","private sealed class EventManager.<>c__DisplayClass127_0 // TypeDefIndex: 722"
"24598","class","EventManager.","723","private sealed class EventManager.<>c__DisplayClass13_0 // TypeDefIndex: 723"
"24614","class","EventManager.","724","private sealed class EventManager.<>c__DisplayClass14_0 // TypeDefIndex: 724"
"24631","class","EventManager.","725","private sealed class EventManager.<>c__DisplayClass150_0 // TypeDefIndex: 725"
"24649","class","EventManager.","726","private sealed class EventManager.<>c__DisplayClass15_0 // TypeDefIndex: 726"
"24665","class","EventManager.","727","private sealed class EventManager.<>c__DisplayClass160_0 // TypeDefIndex: 727"
"24681","class","EventManager.","728","private sealed class EventManager.<>c__DisplayClass16_0 // TypeDefIndex: 728"
"24697","class","EventManager.","729","private sealed class EventManager.<>c__DisplayClass17_0 // TypeDefIndex: 729"
"24714","class","EventManager.","730","private sealed class EventManager.<>c__DisplayClass21_0 // TypeDefIndex: 730"
"24731","class","EventManager.","731","private sealed class EventManager.<>c__DisplayClass22_0 // TypeDefIndex: 731"
"24748","class","EventManager.","732","private sealed class EventManager.<>c__DisplayClass22_1 // TypeDefIndex: 732"
"24764","class","EventManager.","733","private sealed class EventManager.<>c__DisplayClass27_0 // TypeDefIndex: 733"
"24780","class","EventManager.","734","private sealed class EventManager.<>c__DisplayClass287_0 // TypeDefIndex: 734"
"24796","class","EventManager.","735","private sealed class EventManager.<>c__DisplayClass306_0 // TypeDefIndex: 735"
"24838","class","EventManager.","736","private sealed class EventManager.<>c__DisplayClass307_0 // TypeDefIndex: 736"
"24856","class","EventManager.","737","private sealed class EventManager.<>c__DisplayClass30_0 // TypeDefIndex: 737"
"24872","class","EventManager.","738","private sealed class EventManager.<>c__DisplayClass30_1 // TypeDefIndex: 738"
"24888","class","EventManager.","739","private sealed class EventManager.<>c__DisplayClass325_0 // TypeDefIndex: 739"
"24906","class","EventManager.","740","private sealed class EventManager.<>c__DisplayClass32_0 // TypeDefIndex: 740"
"24922","class","EventManager.","741","private sealed class EventManager.<>c__DisplayClass331_0 // TypeDefIndex: 741"
"24944","class","EventManager.","742","private sealed class EventManager.<>c__DisplayClass333_0 // TypeDefIndex: 742"
"24957","class","EventManager.","743","private sealed class EventManager.<>c__DisplayClass333_1 // TypeDefIndex: 743"
"24974","class","EventManager.","744","private sealed class EventManager.<>c__DisplayClass337_0 // TypeDefIndex: 744"
"24992","class","EventManager.","745","private sealed class EventManager.<>c__DisplayClass338_0 // TypeDefIndex: 745"
"25008","class","EventManager.","746","private sealed class EventManager.<>c__DisplayClass33_0 // TypeDefIndex: 746"
"25027","class","EventManager.","747","private sealed class EventManager.<>c__DisplayClass34_0 // TypeDefIndex: 747"
"25043","class","EventManager.","748","private sealed class EventManager.<>c__DisplayClass38_0 // TypeDefIndex: 748"
"25059","class","EventManager.","749","private sealed class EventManager.<>c__DisplayClass44_0 // TypeDefIndex: 749"
"25076","class","EventManager.","750","private sealed class EventManager.<>c__DisplayClass46_0 // TypeDefIndex: 750"
"25093","class","EventManager.","751","private sealed class EventManager.<>c__DisplayClass47_0 // TypeDefIndex: 751"
"25109","class","EventManager.","752","private sealed class EventManager.<>c__DisplayClass48_0 // TypeDefIndex: 752"
"25125","class","EventManager.","753","private sealed class EventManager.<>c__DisplayClass50_0 // TypeDefIndex: 753"
"25141","class","EventManager.","754","private sealed class EventManager.<>c__DisplayClass53_0 // TypeDefIndex: 754"
"25157","class","EventManager.","755","private sealed class EventManager.<>c__DisplayClass54_0 // TypeDefIndex: 755"
"25173","class","EventManager.","756","private sealed class EventManager.<>c__DisplayClass56_0 // TypeDefIndex: 756"
"25189","class","EventManager.","757","private sealed class EventManager.<>c__DisplayClass65_0 // TypeDefIndex: 757"
"25205","class","EventManager.","758","private sealed class EventManager.<>c__DisplayClass70_0 // TypeDefIndex: 758"
"25221","class","EventManager.","759","private sealed class EventManager.<>c__DisplayClass9_0 // TypeDefIndex: 759"
"25237","class","EventManager.","760","private sealed class EventManager.<AIUpdateRoutine>d__210 : IEnumerator<object>, IEnumerator, IDisposable // TypeDefIndex: 760"
"25275","class","EventManager","761","public class EventManager : MonoBehaviourSingleton<EventManager> // TypeDefIndex: 761"
"26491","class","UserEventBandData","762","public class UserEventBandData // TypeDefIndex: 762"
"26511","enum","UserEventBingoData.EventState","763","public enum UserEventBingoData.EventState // TypeDefIndex: 763"
"26524","class","UserEventBingoData.","764","private sealed class UserEventBingoData.<>c // TypeDefIndex: 764"
"26544","class","UserEventBingoData.","765","private sealed class UserEventBingoData.<>c__DisplayClass9_0 // TypeDefIndex: 765"
"26563","class","UserEventBingoData","766","public class UserEventBingoData // TypeDefIndex: 766"
"26616","class","BingoBoardInfo","767","public class BingoBoardInfo // TypeDefIndex: 767"
"26631","class","UserEventCardPackData.","768","private sealed class UserEventCardPackData.<>c__DisplayClass2_0 // TypeDefIndex: 768"
"26646","class","UserEventCardPackData","769","public class UserEventCardPackData // TypeDefIndex: 769"
"26665","class","EventCardPackData","770","public class EventCardPackData // TypeDefIndex: 770"
"26684","struct","EventCardPackResult","771","public struct EventCardPackResult // TypeDefIndex: 771"
"26697","class","EventCardOpenInfo","772","public class EventCardOpenInfo // TypeDefIndex: 772"
"26711","class","UserEventCartoonData","773","public class UserEventCartoonData // TypeDefIndex: 773"
"26743","class","UserEventCumulativeQuestData","774","public class UserEventCumulativeQuestData // TypeDefIndex: 774"
"26763","class","CumulativeQuestClearInfo","775","public class CumulativeQuestClearInfo // TypeDefIndex: 775"
"26777","class","EventBoardInfo","776","public class EventBoardInfo // TypeDefIndex: 776"
"26787","class","UserEventFishingData","777","public class UserEventFishingData // TypeDefIndex: 777"
"26804","class","EventFishingCellInfo","778","public class EventFishingCellInfo // TypeDefIndex: 778"
"26823","class","UserEventHouseData","779","public class UserEventHouseData // TypeDefIndex: 779"
"26847","class","UserEventMatch3dData","780","public class UserEventMatch3dData // TypeDefIndex: 780"
"26865","class","UserMatchCardData","781","public class UserMatchCardData // TypeDefIndex: 781"
"26884","class","PlayerSkinData","782","public class PlayerSkinData // TypeDefIndex: 782"
"26898","class","UserEventMateRaceData","783","public class UserEventMateRaceData // TypeDefIndex: 783"
"26922","class","UserEventMiniGameData","784","public class UserEventMiniGameData // TypeDefIndex: 784"
"26945","class","UserEventOceanData","785","public class UserEventOceanData // TypeDefIndex: 785"
"26965","class","UserEventPointCollect","786","public class UserEventPointCollect // TypeDefIndex: 786"
"26984","class","UserEventPointCollect_BloodWorm","787","public class UserEventPointCollect_BloodWorm : UserEventPointCollect // TypeDefIndex: 787"
"26993","class","UserEventPointCollect_VendingMachine","788","public class UserEventPointCollect_VendingMachine : UserEventPointCollect // TypeDefIndex: 788"
"27002","class","UserEventPointCollect_PuddingJump","789","public class UserEventPointCollect_PuddingJump : UserEventPointCollect // TypeDefIndex: 789"
"27015","class","UserEventPuddingData","790","public class UserEventPuddingData // TypeDefIndex: 790"
"27036","class","UserEventSeasonPassData","791","public class UserEventSeasonPassData // TypeDefIndex: 791"
"27081","class","UserEventSpringData","792","public class UserEventSpringData // TypeDefIndex: 792"
"27101","class","UserEventSchoolUniformData","793","public class UserEventSchoolUniformData // TypeDefIndex: 793"
"27122","class","SchoolUniformGameData_CollectBlock","794","public class SchoolUniformGameData_CollectBlock // TypeDefIndex: 794"
"27139","class","UserEventSummerFestivalData","795","public class UserEventSummerFestivalData // TypeDefIndex: 795"
"27157","class","SummerFestivalShopInfo","796","public class SummerFestivalShopInfo // TypeDefIndex: 796"
"27174","class","SummerFestivalRequestInfo","797","public class SummerFestivalRequestInfo // TypeDefIndex: 797"
"27188","class","UserEventSurpriseBoxData","798","public class UserEventSurpriseBoxData // TypeDefIndex: 798"
"27201","class","UserEventTreasureSandData","799","public class UserEventTreasureSandData // TypeDefIndex: 799"
"27222","class","UserTreasureSandMapInfo","800","public class UserTreasureSandMapInfo // TypeDefIndex: 800"
"27239","class","UserTreasureSandBlockInfo","801","public class UserTreasureSandBlockInfo // TypeDefIndex: 801"
"27256","class","UserEventWhiteDayData","802","public class UserEventWhiteDayData // TypeDefIndex: 802"
"27336","class","UserEventWinterData","803","public class UserEventWinterData // TypeDefIndex: 803"
"27356","class","EventMapManager","804","public class EventMapManager : MonoBehaviourSingleton<EventMapManager> // TypeDefIndex: 804"
"27378","class","FCMManager.","805","private sealed class FCMManager.<>c__DisplayClass4_0 // TypeDefIndex: 805"
"27394","class","FCMManager.","806","private sealed class FCMManager.<>c__DisplayClass5_0 // TypeDefIndex: 806"
"27409","class","FCMManager","807","public class FCMManager : MonoBehaviourSingleton<FCMManager> // TypeDefIndex: 807"
"27444","class","UserFindEvidenceData","808","public class UserFindEvidenceData : UserSaveData // TypeDefIndex: 808"
"27462","class","FindEvidenceManager.","809","private sealed class FindEvidenceManager.<>c // TypeDefIndex: 809"
"27482","class","FindEvidenceManager.","810","private sealed class FindEvidenceManager.<>c__DisplayClass13_0 // TypeDefIndex: 810"
"27503","class","FindEvidenceManager.","811","private sealed class FindEvidenceManager.<CheckEventStartRoutine>d__7 : IEnumerator<object>, IEnumerator, IDisposable // TypeDefIndex: 811"
"27542","class","FindEvidenceManager.","812","private sealed class FindEvidenceManager.<CheckEventTutorialRoutine>d__6 : IEnumerator<object>, IEnumerator, IDisposable // TypeDefIndex: 812"
"27580","class","FindEvidenceManager","813","public class FindEvidenceManager : MonoBehaviourSingleton<FindEvidenceManager> // TypeDefIndex: 813"
"27643","class","GameManager.","814","private sealed class GameManager.<>c // TypeDefIndex: 814"
"27683","class","GameManager.","815","private sealed class GameManager.<>c__DisplayClass62_0 // TypeDefIndex: 815"
"27700","class","GameManager.","816","private sealed class GameManager.<>c__DisplayClass66_0 // TypeDefIndex: 816"
"27717","class","GameManager.","817","private sealed class GameManager.<>c__DisplayClass67_0 // TypeDefIndex: 817"
"27735","class","GameManager.","818","private sealed class GameManager.<CheckNetwork>d__92 : IEnumerator<object>, IEnumerator, IDisposable // TypeDefIndex: 818"
"27774","class","GameManager.","819","private sealed class GameManager.<delay>d__80 : IEnumerator<object>, IEnumerator, IDisposable // TypeDefIndex: 819"
"27814","class","GameManager.","820","private sealed class GameManager.<delay>d__82 : IEnumerator<object>, IEnumerator, IDisposable // TypeDefIndex: 820"
"27854","class","GameManager","821","public class GameManager : MonoBehaviourSingleton<GameManager> // TypeDefIndex: 821"
"28153","class","GamePlayManager.","822","private sealed class GamePlayManager.<>c__DisplayClass16_0 // TypeDefIndex: 822"
"28174","struct","GamePlayManager.","823","private struct GamePlayManager.<GameObjectInstantiate>d__19 : IAsyncStateMachine // TypeDefIndex: 823"
"28197","class","GamePlayManager.","824","private sealed class GamePlayManager.<LoadAndInstantiate>d__18 : IEnumerator<object>, IEnumerator, IDisposable // TypeDefIndex: 824"
"28239","class","GamePlayManager","825","public class GamePlayManager : MonoBehaviourSingleton<GamePlayManager> // TypeDefIndex: 825"
"28315","class","BuyCallbackInfo","826","public class BuyCallbackInfo // TypeDefIndex: 826"
"28330","class","InAppManager_Process.","827","private sealed class InAppManager_Process.<>c // TypeDefIndex: 827"
"28378","class","InAppManager_Process.","828","private sealed class InAppManager_Process.<>c__DisplayClass13_0 // TypeDefIndex: 828"
"28394","class","InAppManager_Process.","829","private sealed class InAppManager_Process.<>c__DisplayClass14_0 // TypeDefIndex: 829"
"28410","class","InAppManager_Process.","830","private sealed class InAppManager_Process.<>c__DisplayClass17_0 // TypeDefIndex: 830"
"28426","class","InAppManager_Process.","831","private sealed class InAppManager_Process.<>c__DisplayClass18_0 // TypeDefIndex: 831"
"28442","class","InAppManager_Process.","832","private sealed class InAppManager_Process.<>c__DisplayClass2_0 // TypeDefIndex: 832"
"28458","class","InAppManager_Process","833","public class InAppManager_Process : MonoBehaviourSingleton<InAppManager_Process> // TypeDefIndex: 833"
"28558","enum","Touch","834","public enum Touch // TypeDefIndex: 834"
"28569","class","InputManager.","835","private sealed class InputManager.<removeListener>d__8 : IEnumerator<object>, IEnumerator, IDisposable // TypeDefIndex: 835"
"28609","class","InputManager","836","public class InputManager : MonoBehaviourSingleton<InputManager> // TypeDefIndex: 836"
"28645","class","ProduceBlockSlotSaveData","837","public class ProduceBlockSlotSaveData : UserSaveData // TypeDefIndex: 837"
"28661","class","BlockSlotSaveData","838","public class BlockSlotSaveData : UserSaveData // TypeDefIndex: 838"
"28681","class","BlockSlotData","839","public class BlockSlotData // TypeDefIndex: 839"
"28703","class","InvenDataManager","840","public class InvenDataManager : MonoBehaviourSingleton<InvenDataManager> // TypeDefIndex: 840"
"28815","class","LogManager","841","public class LogManager : MonoBehaviourSingleton<LogManager> // TypeDefIndex: 841"
"28827","class","MaidAIChatAccessPolicy","842","public static class MaidAIChatAccessPolicy // TypeDefIndex: 842"
"28867","class","UserMaidAIChatProgressData","843","public class UserMaidAIChatProgressData : UserSaveData // TypeDefIndex: 843"
"28903","class","MaidAIChatPushNotificationState","844","public class MaidAIChatPushNotificationState // TypeDefIndex: 844"
"28922","class","MaidAIChatCachedMessage","845","public class MaidAIChatCachedMessage // TypeDefIndex: 845"
"28940","class","MaidAIChatManager.","846","private sealed class MaidAIChatManager.<>c // TypeDefIndex: 846"
"28959","class","MaidAIChatManager","847","public class MaidAIChatManager : MonoBehaviourSingleton<MaidAIChatManager> // TypeDefIndex: 847"
"29338","class","UserMaidChatData","848","public class UserMaidChatData : UserSaveData // TypeDefIndex: 848"
"29353","class","MaidChatManager.","849","private sealed class MaidChatManager.<>c // TypeDefIndex: 849"
"29377","class","MaidChatManager.","850","private sealed class MaidChatManager.<>c__DisplayClass19_0 // TypeDefIndex: 850"
"29393","class","MaidChatManager.","851","private sealed class MaidChatManager.<>c__DisplayClass7_0 // TypeDefIndex: 851"
"29408","class","MaidChatManager","852","public class MaidChatManager : MonoBehaviourSingleton<MaidChatManager> // TypeDefIndex: 852"
"29475","enum","GameState","853","public enum GameState // TypeDefIndex: 853"
"29486","class","Match3DManager","854","public class Match3DManager : MonoBehaviourSingleton<Match3DManager> // TypeDefIndex: 854"
"29580","class","UserMemoryTicketExchangeShopSaveData","855","public class UserMemoryTicketExchangeShopSaveData : UserSaveData // TypeDefIndex: 855"
"29594","class","ActiveTicketExchangeShop","856","public class ActiveTicketExchangeShop // TypeDefIndex: 856"
"29609","class","MemoryTicketExchangeShopManager","857","public class MemoryTicketExchangeShopManager : MonoBehaviourSingleton<MemoryTicketExchangeShopManager> // TypeDefIndex: 857"
"29679","enum","MissionPassState","858","public enum MissionPassState // TypeDefIndex: 858"
"29691","class","UserMissionPassData","859","public class UserMissionPassData : UserSaveData // TypeDefIndex: 859"
"29728","class","MissionPassQuestInfo","860","public class MissionPassQuestInfo // TypeDefIndex: 860"
"29749","class","MissionPassLvInfo","861","public class MissionPassLvInfo // TypeDefIndex: 861"
"29768","class","MissionPassRewardInfo","862","public class MissionPassRewardInfo // TypeDefIndex: 862"
"29785","class","MissionPassDataManager.","863","private sealed class MissionPassDataManager.<>c // TypeDefIndex: 863"
"29805","class","MissionPassDataManager.","864","private sealed class MissionPassDataManager.<>c__DisplayClass28_0 // TypeDefIndex: 864"
"29819","class","MissionPassDataManager.","865","private sealed class MissionPassDataManager.<>c__DisplayClass28_1 // TypeDefIndex: 865"
"29836","class","MissionPassDataManager.","866","private sealed class MissionPassDataManager.<>c__DisplayClass28_2 // TypeDefIndex: 866"
"29853","class","MissionPassDataManager.","867","private sealed class MissionPassDataManager.<>c__DisplayClass37_0 // TypeDefIndex: 867"
"29874","class","MissionPassDataManager","868","public class MissionPassDataManager : MonoBehaviourSingleton<MissionPassDataManager> // TypeDefIndex: 868"
"30010","class","NoticeSaveData","869","public class NoticeSaveData : UserSaveData // TypeDefIndex: 869"
"30026","class","NoticeManager.","870","private sealed class NoticeManager.<>c // TypeDefIndex: 870"
"30045","class","NoticeManager","871","public class NoticeManager : MonoBehaviourSingleton<NoticeManager> // TypeDefIndex: 871"
"30131","class","NotificationManager.","872","private sealed class NotificationManager.<>c__DisplayClass25_0 // TypeDefIndex: 872"
"30146","class","NotificationManager","873","public class NotificationManager : MonoBehaviourSingleton<NotificationManager> // TypeDefIndex: 873"
"30231","class","RoomInfo","874","public class RoomInfo // TypeDefIndex: 874"
"30245","class","OutGameMaidInfo","875","public class OutGameMaidInfo // TypeDefIndex: 875"
"30267","class","OutGameManager.","876","private sealed class OutGameManager.<>c // TypeDefIndex: 876"
"30339","class","OutGameManager.","877","private sealed class OutGameManager.<>c__DisplayClass101_0 // TypeDefIndex: 877"
"30355","class","OutGameManager.","878","private sealed class OutGameManager.<>c__DisplayClass119_0 // TypeDefIndex: 878"
"30372","class","OutGameManager.","879","private sealed class OutGameManager.<>c__DisplayClass128_0 // TypeDefIndex: 879"
"30388","class","OutGameManager.","880","private sealed class OutGameManager.<>c__DisplayClass132_0 // TypeDefIndex: 880"
"30404","class","OutGameManager.","881","private sealed class OutGameManager.<>c__DisplayClass132_1 // TypeDefIndex: 881"
"30420","class","OutGameManager.","882","private sealed class OutGameManager.<>c__DisplayClass135_0 // TypeDefIndex: 882"
"30437","class","OutGameManager.","883","private sealed class OutGameManager.<>c__DisplayClass138_0 // TypeDefIndex: 883"
"30456","class","OutGameManager.","884","private sealed class OutGameManager.<>c__DisplayClass150_0 // TypeDefIndex: 884"
"30472","class","OutGameManager.","885","private sealed class OutGameManager.<>c__DisplayClass154_0 // TypeDefIndex: 885"
"30489","class","OutGameManager.","886","private sealed class OutGameManager.<>c__DisplayClass154_1 // TypeDefIndex: 886"
"30506","class","OutGameManager.","887","private sealed class OutGameManager.<>c__DisplayClass170_0 // TypeDefIndex: 887"
"30570","class","OutGameManager.","888","private sealed class OutGameManager.<>c__DisplayClass170_1 // TypeDefIndex: 888"
"30587","class","OutGameManager.","889","private sealed class OutGameManager.<>c__DisplayClass182_0 // TypeDefIndex: 889"
"30603","class","OutGameManager.","890","private sealed class OutGameManager.<>c__DisplayClass186_0 // TypeDefIndex: 890"
"30619","class","OutGameManager.","891","private sealed class OutGameManager.<>c__DisplayClass63_0 // TypeDefIndex: 891"
"30639","class","OutGameManager.","892","private sealed class OutGameManager.<>c__DisplayClass69_0 // TypeDefIndex: 892"
"30656","class","OutGameManager.","893","private sealed class OutGameManager.<>c__DisplayClass70_0 // TypeDefIndex: 893"
"30673","class","OutGameManager.","894","private sealed class OutGameManager.<>c__DisplayClass76_0 // TypeDefIndex: 894"
"30691","class","OutGameManager.","895","private sealed class OutGameManager.<>c__DisplayClass81_0 // TypeDefIndex: 895"
"30707","class","OutGameManager.","896","private sealed class OutGameManager.<>c__DisplayClass82_0 // TypeDefIndex: 896"
"30726","class","OutGameManager.","897","private sealed class OutGameManager.<>c__DisplayClass83_0 // TypeDefIndex: 897"
"30744","class","OutGameManager.","898","private sealed class OutGameManager.<>c__DisplayClass84_0 // TypeDefIndex: 898"
"30769","class","OutGameManager.","899","private sealed class OutGameManager.<>c__DisplayClass92_0 // TypeDefIndex: 899"
"30786","class","OutGameManager.","900","private sealed class OutGameManager.<>c__DisplayClass95_0 // TypeDefIndex: 900"
"30813","class","OutGameManager","901","public class OutGameManager : MonoBehaviourSingleton<OutGameManager> // TypeDefIndex: 901"
"31343","class","UserSpecialBlockPackageData","902","public class UserSpecialBlockPackageData : UserSaveData // TypeDefIndex: 902"
"31357","class","PackageManager.","903","private sealed class PackageManager.<>c__DisplayClass24_0 // TypeDefIndex: 903"
"31373","class","PackageManager.","904","private sealed class PackageManager.<>c__DisplayClass25_0 // TypeDefIndex: 904"
"31389","class","PackageManager.","905","private sealed class PackageManager.<>c__DisplayClass27_0 // TypeDefIndex: 905"
"31406","class","PackageManager.","906","private sealed class PackageManager.<>c__DisplayClass27_1 // TypeDefIndex: 906"
"31423","class","PackageManager.","907","private sealed class PackageManager.<>c__DisplayClass29_0 // TypeDefIndex: 907"
"31439","class","PackageManager.","908","private sealed class PackageManager.<>c__DisplayClass30_0 // TypeDefIndex: 908"
"31455","class","PackageManager.","909","private sealed class PackageManager.<>c__DisplayClass31_0 // TypeDefIndex: 909"
"31471","class","PackageManager.","910","private sealed class PackageManager.<>c__DisplayClass32_0 // TypeDefIndex: 910"
"31487","class","PackageManager.","911","private sealed class PackageManager.<>c__DisplayClass39_0 // TypeDefIndex: 911"
"31503","class","PackageManager.","912","private sealed class PackageManager.<>c__DisplayClass42_0 // TypeDefIndex: 912"
"31519","class","PackageManager.","913","private sealed class PackageManager.<>c__DisplayClass44_0 // TypeDefIndex: 913"
"31535","class","PackageManager.","914","private sealed class PackageManager.<>c__DisplayClass46_0 // TypeDefIndex: 914"
"31550","class","PackageManager","915","public class PackageManager : MonoBehaviourSingleton<PackageManager> // TypeDefIndex: 915"
"31919","class","PackageCommonData","916","public class PackageCommonData // TypeDefIndex: 916"
"31976","class","PackageShowData","917","public class PackageShowData // TypeDefIndex: 917"
"31994","class","UserPackageData","918","public class UserPackageData : UserSaveData // TypeDefIndex: 918"
"32013","class","UserLinkedPackageData","919","public class UserLinkedPackageData // TypeDefIndex: 919"
"32026","enum","PackageAppearType","920","public enum PackageAppearType // TypeDefIndex: 920"
"32042","enum","PackageSchaduleType","921","public enum PackageSchaduleType // TypeDefIndex: 921"
"32053","class","PackageItem","922","public class PackageItem // TypeDefIndex: 922"
"32067","class","UserAdsRemoveData","923","public class UserAdsRemoveData : UserSaveData // TypeDefIndex: 923"
"32080","class","UserGemJarData","924","public class UserGemJarData : UserSaveData // TypeDefIndex: 924"
"32100","enum","GoldenWormState","925","public enum GoldenWormState // TypeDefIndex: 925"
"32111","class","UserGoldenWormData","926","public class UserGoldenWormData : UserSaveData // TypeDefIndex: 926"
"32124","class","UserOnePlusData","927","public class UserOnePlusData : UserSaveData // TypeDefIndex: 927"
"32138","class","UserProductData","928","public class UserProductData : UserSaveData // TypeDefIndex: 928"
"32151","class","BenefitData","929","public class BenefitData // TypeDefIndex: 929"
"32164","class","UserSpecialAttendanceData","930","public class UserSpecialAttendanceData : UserSaveData // TypeDefIndex: 930"
"32183","class","PhotoCardManager","931","public class PhotoCardManager : MonoBehaviourSingleton<PhotoCardManager> // TypeDefIndex: 931"
"32207","enum","PlatformLoginManager.LoginType","932","public enum PlatformLoginManager.LoginType // TypeDefIndex: 932"
"32220","class","PlatformLoginManager.","933","private sealed class PlatformLoginManager.<>c // TypeDefIndex: 933"
"32260","class","PlatformLoginManager.","934","private sealed class PlatformLoginManager.<>c__DisplayClass13_0 // TypeDefIndex: 934"
"32280","class","PlatformLoginManager.","935","private sealed class PlatformLoginManager.<>c__DisplayClass13_1 // TypeDefIndex: 935"
"32297","class","PlatformLoginManager.","936","private sealed class PlatformLoginManager.<>c__DisplayClass14_0 // TypeDefIndex: 936"
"32318","class","PlatformLoginManager.","937","private sealed class PlatformLoginManager.<>c__DisplayClass15_0 // TypeDefIndex: 937"
"32359","class","PlatformLoginManager.","938","private sealed class PlatformLoginManager.<>c__DisplayClass15_1 // TypeDefIndex: 938"
"32377","class","PlatformLoginManager.","939","private sealed class PlatformLoginManager.<>c__DisplayClass16_0 // TypeDefIndex: 939"
"32395","class","PlatformLoginManager.","940","private sealed class PlatformLoginManager.<>c__DisplayClass19_0 // TypeDefIndex: 940"
"32411","class","PlatformLoginManager.","941","private sealed class PlatformLoginManager.<>c__DisplayClass6_0 // TypeDefIndex: 941"
"32430","class","PlatformLoginManager.","942","private sealed class PlatformLoginManager.<>c__DisplayClass7_0 // TypeDefIndex: 942"
"32447","class","PlatformLoginManager.","943","private sealed class PlatformLoginManager.<UpdateConnectInfo>d__18 : IEnumerator<object>, IEnumerator, IDisposable // TypeDefIndex: 943"
"32489","class","PlatformLoginManager","944","public class PlatformLoginManager : MonoBehaviourSingleton<PlatformLoginManager> // TypeDefIndex: 944"
"32630","class","UserRandomObjectData","945","public class UserRandomObjectData : UserSaveData // TypeDefIndex: 945"
"32643","class","RandomObjectManager.RandomObjectPositions","946","public class RandomObjectManager.RandomObjectPositions // TypeDefIndex: 946"
"32657","class","RandomObjectManager.","947","private sealed class RandomObjectManager.<>c__DisplayClass10_0 // TypeDefIndex: 947"
"32672","class","RandomObjectManager","948","public class RandomObjectManager : MonoBehaviourSingleton<RandomObjectManager> // TypeDefIndex: 948"
"32713","class","ReloadManager.","949","private sealed class ReloadManager.<LoadScene>d__3 : IEnumerator<object>, IEnumerator, IDisposable // TypeDefIndex: 949"
"32752","class","ReloadManager","950","public class ReloadManager : MonoBehaviour // TypeDefIndex: 950"
"32780","struct","RewardTypeRes","951","public struct RewardTypeRes // TypeDefIndex: 951"
"32791","struct","NpcData","952","public struct NpcData // TypeDefIndex: 952"
"32800","struct","BlockCategoryRes","953","public struct BlockCategoryRes // TypeDefIndex: 953"
"32809","struct","MaidCoin","954","public struct MaidCoin // TypeDefIndex: 954"
"32818","struct","RequestTray","955","public struct RequestTray // TypeDefIndex: 955"
"32827","struct","EventCoinIconTypeRes","956","public struct EventCoinIconTypeRes // TypeDefIndex: 956"
"32836","struct","SeasonPassPointIconRes","957","public struct SeasonPassPointIconRes // TypeDefIndex: 957"
"32845","struct","RewardBoxTypeRes","958","public struct RewardBoxTypeRes // TypeDefIndex: 958"
"32854","struct","MissionPassQuestIcon","959","public struct MissionPassQuestIcon // TypeDefIndex: 959"
"32863","struct","EventContent","960","public struct EventContent // TypeDefIndex: 960"
"32874","struct","NpcUnlockRes","961","public struct NpcUnlockRes // TypeDefIndex: 961"
"32883","struct","MateRes","962","public struct MateRes // TypeDefIndex: 962"
"32892","struct","MaidDormitoryRes","963","public struct MaidDormitoryRes // TypeDefIndex: 963"
"32905","struct","MaidSkillRes","964","public struct MaidSkillRes // TypeDefIndex: 964"
"32914","struct","MaidMiniIcon","965","public struct MaidMiniIcon // TypeDefIndex: 965"
"32923","struct","WorkLogRes","966","public struct WorkLogRes // TypeDefIndex: 966"
"32932","struct","TreasureSandRes","967","public struct TreasureSandRes // TypeDefIndex: 967"
"32941","struct","CardPackTicketRes","968","public struct CardPackTicketRes // TypeDefIndex: 968"
"32950","class","ResourceManager.","969","private sealed class ResourceManager.<>c__DisplayClass44_0 // TypeDefIndex: 969"
"32966","class","ResourceManager.","970","private sealed class ResourceManager.<>c__DisplayClass97_0 // TypeDefIndex: 970"
"32982","class","ResourceManager.","971","private sealed class ResourceManager.<>c__DisplayClass98_0 // TypeDefIndex: 971"
"33001","class","ResourceManager.","972","private sealed class ResourceManager.<DownloadImage>d__99 : IEnumerator<object>, IEnumerator, IDisposable // TypeDefIndex: 972"
"33048","class","ResourceManager.","973","private sealed class ResourceManager.<UnloadUnsedAsset>d__73 : IEnumerator<object>, IEnumerator, IDisposable // TypeDefIndex: 973"
"33086","class","ResourceManager","974","public class ResourceManager : MonoBehaviourSingleton<ResourceManager> // TypeDefIndex: 974"
"33376","class","RewardManager.RewardInfo","975","public class RewardManager.RewardInfo // TypeDefIndex: 975"
"33397","class","RewardManager.","976","private sealed class RewardManager.<>c // TypeDefIndex: 976"
"33416","class","RewardManager","977","public class RewardManager : MonoBehaviourSingleton<RewardManager> // TypeDefIndex: 977"
"33482","class","UserSaveCampaignData","978","public class UserSaveCampaignData : UserSaveData // TypeDefIndex: 978"
"33496","class","SaveCampaignManager","979","public class SaveCampaignManager : MonoBehaviourSingleton<SaveCampaignManager> // TypeDefIndex: 979"
"33544","struct","SkillKey","980","public struct SkillKey // TypeDefIndex: 980"
"33557","enum","SkillSourceKind","981","public enum SkillSourceKind // TypeDefIndex: 981"
"33569","class","SkillContribution","982","public class SkillContribution // TypeDefIndex: 982"
"33584","class","SkillAggregate","983","public class SkillAggregate // TypeDefIndex: 983"
"33599","class","SkillManager.","984","private sealed class SkillManager.<>c // TypeDefIndex: 984"
"33630","class","SkillManager","985","public class SkillManager : MonoBehaviourSingleton<SkillManager> // TypeDefIndex: 985"
"33702","enum","AudioType","986","public enum AudioType // TypeDefIndex: 986"
"33767","class","AudioInfo","987","public class AudioInfo // TypeDefIndex: 987"
"33786","class","SoundManager.","988","private sealed class SoundManager.<FadeVolume>d__18 : IEnumerator<object>, IEnumerator, IDisposable // TypeDefIndex: 988"
"33829","class","SoundManager","989","public class SoundManager : MonoBehaviourSingleton<SoundManager> // TypeDefIndex: 989"
"33894","class","TeamMemoryPreset","990","public class TeamMemoryPreset // TypeDefIndex: 990"
"33909","class","UserTeamMemoryPresetSaveData","991","public class UserTeamMemoryPresetSaveData : UserSaveData // TypeDefIndex: 991"
"33922","class","TeamMemoryPresetManager","992","public class TeamMemoryPresetManager : MonoBehaviourSingleton<TeamMemoryPresetManager> // TypeDefIndex: 992"
"33980","enum","TimeManager.DelayedType","993","public enum TimeManager.DelayedType // TypeDefIndex: 993"
"33989","class","TimeManager.DelayedAction","994","private class TimeManager.DelayedAction // TypeDefIndex: 994"
"34003","class","TimeManager.","995","private sealed class TimeManager.<PlayTimeCoroutine>d__52 : IEnumerator<object>, IEnumerator, IDisposable // TypeDefIndex: 995"
"34041","class","TimeManager","996","public class TimeManager : MonoBehaviourSingleton<TimeManager> // TypeDefIndex: 996"
"34232","enum","CheckTutorialType","997","public enum CheckTutorialType // TypeDefIndex: 997"
"34244","enum","TutorialType","998","public enum TutorialType // TypeDefIndex: 998"
"34357","struct","TutorialInfo","999","public struct TutorialInfo // TypeDefIndex: 999"
"34367","class","TutorialManager.","1000","private sealed class TutorialManager.<>c // TypeDefIndex: 1000"
"34387","class","TutorialManager.","1001","private sealed class TutorialManager.<>c__DisplayClass19_0 // TypeDefIndex: 1001"
"34404","class","TutorialManager.","1002","private sealed class TutorialManager.<BGFade>d__28 : IEnumerator<object>, IEnumerator, IDisposable // TypeDefIndex: 1002"
"34448","class","TutorialManager","1003","public class TutorialManager : MonoBehaviourSingleton<TutorialManager> // TypeDefIndex: 1003"
"34563","class","UIManager.","1004","private sealed class UIManager.<Fade>d__65 : IEnumerator<object>, IEnumerator, IDisposable // TypeDefIndex: 1004"
"34610","class","UIManager.","1005","private sealed class UIManager.<WaitForAnimEnd>d__61 : IEnumerator<object>, IEnumerator, IDisposable // TypeDefIndex: 1005"
"34650","class","UIManager","1006","public class UIManager : MonoBehaviourSingleton<UIManager> // TypeDefIndex: 1006"
"34833","enum","UIPopupManager.Order","1007","public enum UIPopupManager.Order // TypeDefIndex: 1007"
"34844","class","UIPopupManager.PopupCloseActionData","1008","private class UIPopupManager.PopupCloseActionData // TypeDefIndex: 1008"
"34857","class","UIPopupManager.PopupSequenceData","1009","private class UIPopupManager.PopupSequenceData // TypeDefIndex: 1009"
"34873","class","UIPopupManager.","1010","private sealed class UIPopupManager.<>c__32<T> // TypeDefIndex: 1010"
"34908","class","UIPopupManager.","1011","private sealed class UIPopupManager.<>c__DisplayClass44_0 // TypeDefIndex: 1011"
"34924","class","UIPopupManager.","1012","private sealed class UIPopupManager.<CheckAllPopupClose>d__38 : IEnumerator<object>, IEnumerator, IDisposable // TypeDefIndex: 1012"
"34963","class","UIPopupManager.","1013","private sealed class UIPopupManager.<StartProcess>d__44 : IEnumerator<object>, IEnumerator, IDisposable // TypeDefIndex: 1013"
"35002","class","UIPopupManager","1014","public class UIPopupManager : MonoBehaviour // TypeDefIndex: 1014"
"35162","class","UserScheduleManager.TimerEndCallback","1015","public sealed class UserScheduleManager.TimerEndCallback : MulticastDelegate // TypeDefIndex: 1015"
"35180","class","UserScheduleManager.TimerEndCallbackSendInt","1016","public sealed class UserScheduleManager.TimerEndCallbackSendInt : MulticastDelegate // TypeDefIndex: 1016"
"35198","class","UserScheduleManager.TimerEndCallbackSendString","1017","public sealed class UserScheduleManager.TimerEndCallbackSendString : MulticastDelegate // TypeDefIndex: 1017"
"35217","class","UserScheduleManager.","1018","private sealed class UserScheduleManager.<TimeFlow>d__31 : IEnumerator<object>, IEnumerator, IDisposable // TypeDefIndex: 1018"
"35255","class","UserScheduleManager","1019","public class UserScheduleManager : MonoBehaviourSingleton<UserScheduleManager> // TypeDefIndex: 1019"
"35347","class","WeatherManager.","1020","private sealed class WeatherManager.<StartRain>d__7 : IEnumerator<object>, IEnumerator, IDisposable // TypeDefIndex: 1020"
"35385","class","WeatherManager","1021","public class WeatherManager : MonoBehaviourSingleton<WeatherManager> // TypeDefIndex: 1021"
"35416","class","EventMatch3DProp","1022","public class EventMatch3DProp : MonoBehaviour // TypeDefIndex: 1022"
"35463","class","PropInventory","1023","public class PropInventory : MonoBehaviour // TypeDefIndex: 1023"
"35494","class","MaidNPC","1024","public class MaidNPC : NPC // TypeDefIndex: 1024"
"35540","class","NPC","1025","public class NPC : MonoBehaviour // TypeDefIndex: 1025"
"35671","class","NpcEffect.","1026","private sealed class NpcEffect.<>c__DisplayClass5_0 // TypeDefIndex: 1026"
"35688","class","NpcEffect","1027","public class NpcEffect : MonoBehaviour // TypeDefIndex: 1027"
"35716","class","SeasonPassPreviewData","1028","public class SeasonPassPreviewData // TypeDefIndex: 1028"
"35734","class","CameraController.","1029","private sealed class CameraController.<>c__DisplayClass74_0 // TypeDefIndex: 1029"
"35750","class","CameraController.","1030","private sealed class CameraController.<>c__DisplayClass75_0 // TypeDefIndex: 1030"
"35770","class","CameraController.","1031","private sealed class CameraController.<CameraBuildZoom>d__72 : IEnumerator<object>, IEnumerator, IDisposable // TypeDefIndex: 1031"
"35816","class","CameraController.","1032","private sealed class CameraController.<Shake>d__68 : IEnumerator<object>, IEnumerator, IDisposable // TypeDefIndex: 1032"
"35859","class","CameraController","1033","public class CameraController : MonoBehaviour // TypeDefIndex: 1033"
"36042","class","Collectible","1034","public class Collectible : MonoBehaviour // TypeDefIndex: 1034"
"36067","class","Dormitory.","1035","private sealed class Dormitory.<>c__DisplayClass4_0 // TypeDefIndex: 1035"
"36084","class","Dormitory","1036","public class Dormitory : RoomBase // TypeDefIndex: 1036"
"36113","class","DormitoryDoor","1037","public class DormitoryDoor : MonoBehaviour // TypeDefIndex: 1037"
"36122","class","EvidenceObject","1038","public class EvidenceObject : MonoBehaviour // TypeDefIndex: 1038"
"36135","struct","BuildEffectInfo","1039","public struct BuildEffectInfo // TypeDefIndex: 1039"
"36145","class","IntWrapper","1040","public class IntWrapper // TypeDefIndex: 1040"
"36157","class","SpineHandler","1041","public class SpineHandler : MonoBehaviour // TypeDefIndex: 1041"
"36170","class","Furniture.","1042","private sealed class Furniture.<>c__DisplayClass45_0 // TypeDefIndex: 1042"
"36187","class","Furniture.","1043","private sealed class Furniture.<>c__DisplayClass46_0 // TypeDefIndex: 1043"
"36204","class","Furniture.","1044","private sealed class Furniture.<>c__DisplayClass56_0 // TypeDefIndex: 1044"
"36223","class","Furniture.","1045","private sealed class Furniture.<>c__DisplayClass57_0 // TypeDefIndex: 1045"
"36251","class","Furniture.","1046","private sealed class Furniture.<PlayAfterDelay>d__56 : IEnumerator<object>, IEnumerator, IDisposable // TypeDefIndex: 1046"
"36297","class","Furniture.","1047","private sealed class Furniture.<StartCheckFinishTimer>d__53 : IEnumerator<object>, IEnumerator, IDisposable // TypeDefIndex: 1047"
"36337","class","Furniture","1048","public class Furniture : MonoBehaviour // TypeDefIndex: 1048"
"36491","class","IgnoreBrightness","1049","public class IgnoreBrightness : MonoBehaviour // TypeDefIndex: 1049"
"36501","class","MiniGameObject.","1050","private sealed class MiniGameObject.<>c__DisplayClass18_0 // TypeDefIndex: 1050"
"36518","class","MiniGameObject.","1051","private sealed class MiniGameObject.<>c__DisplayClass21_0 // TypeDefIndex: 1051"
"36536","class","MiniGameObject.","1052","private sealed class MiniGameObject.<StartCheckFinishTimer>d__23 : IEnumerator<object>, IEnumerator, IDisposable // TypeDefIndex: 1052"
"36576","class","MiniGameObject","1053","public class MiniGameObject : MonoBehaviour // TypeDefIndex: 1053"
"36647","class","SeasonPass_Furniture","1054","public class SeasonPass_Furniture // TypeDefIndex: 1054"
"36660","class","OutGameSeasonPass","1055","public class OutGameSeasonPass : MonoBehaviour // TypeDefIndex: 1055"
"36695","class","PostObject","1056","public class PostObject : MonoBehaviour // TypeDefIndex: 1056"
"36713","class","RandomObject","1057","public class RandomObject : MonoBehaviour // TypeDefIndex: 1057"
"36736","class","FishMovement","1058","public class FishMovement : MonoBehaviour // TypeDefIndex: 1058"
"36773","class","Room.","1059","private sealed class Room.<>c__DisplayClass2_0 // TypeDefIndex: 1059"
"36789","class","Room","1060","public class Room : RoomBase // TypeDefIndex: 1060"
"36808","class","FurnitureConfiguration","1061","public class FurnitureConfiguration // TypeDefIndex: 1061"
"36822","class","NpcPoint","1062","public class NpcPoint // TypeDefIndex: 1062"
"36837","class","RoomBase.","1063","private sealed class RoomBase.<>c // TypeDefIndex: 1063"
"36865","class","RoomBase.","1064","private sealed class RoomBase.<RestoreColorGradually>d__23 : IEnumerator<object>, IEnumerator, IDisposable // TypeDefIndex: 1064"
"36908","class","RoomBase.","1065","private sealed class RoomBase.<RestoreSkeletonColorGradually>d__24 : IEnumerator<object>, IEnumerator, IDisposable // TypeDefIndex: 1065"
"36950","class","RoomBase","1066","public class RoomBase : MonoBehaviour // TypeDefIndex: 1066"
"37052","class","SpineAnimDelay","1067","public class SpineAnimDelay : MonoBehaviour // TypeDefIndex: 1067"
"37064","class","SpineFlickerAnim","1068","public class SpineFlickerAnim : MonoBehaviour // TypeDefIndex: 1068"
"37073","class","SpineGlowAnim","1069","public class SpineGlowAnim : MonoBehaviour // TypeDefIndex: 1069"
"37099","class","AppleLoginManager.","1070","private sealed class AppleLoginManager.<>c // TypeDefIndex: 1070"
"37119","class","AppleLoginManager.","1071","private sealed class AppleLoginManager.<>c__DisplayClass12_0 // TypeDefIndex: 1071"
"37136","class","AppleLoginManager.","1072","private sealed class AppleLoginManager.<>c__DisplayClass14_0 // TypeDefIndex: 1072"
"37155","class","AppleLoginManager","1073","public class AppleLoginManager : MonoBehaviourSingleton<AppleLoginManager> // TypeDefIndex: 1073"
"37207","class","UserDailyInfo","1074","public class UserDailyInfo // TypeDefIndex: 1074"
"37233","class","UserEventStatData","1075","public class UserEventStatData : UserSaveData // TypeDefIndex: 1075"
"37246","class","DailyStatManager","1076","public class DailyStatManager : MonoBehaviourSingleton<DailyStatManager> // TypeDefIndex: 1076"
"37302","class","FacebookScript","1077","public class FacebookScript : MonoBehaviourSingleton<FacebookScript> // TypeDefIndex: 1077"
"37364","class","GameCenterManager","1078","public class GameCenterManager : MonoBehaviourSingleton<GameCenterManager> // TypeDefIndex: 1078"
"37384","enum","ServerRewardType","1079","public enum ServerRewardType // TypeDefIndex: 1079"
"37393","class","ServerRewardItemInfo","1080","public class ServerRewardItemInfo // TypeDefIndex: 1080"
"37407","class","ServerRewardInfo","1081","public class ServerRewardInfo // TypeDefIndex: 1081"
"37423","class","ServerRemoveInfo","1082","public class ServerRemoveInfo // TypeDefIndex: 1082"
"37438","class","ServerEventInfo","1083","public class ServerEventInfo // TypeDefIndex: 1083"
"37456","class","GameServerConfig.","1084","private sealed class GameServerConfig.<>c // TypeDefIndex: 1084"
"37475","class","GameServerConfig","1085","public class GameServerConfig : Immortal<GameServerConfig> // TypeDefIndex: 1085"
"37510","class","GooglePlayGame.","1086","private sealed class GooglePlayGame.<>c__DisplayClass11_0 // TypeDefIndex: 1086"
"37528","class","GooglePlayGame.","1087","private sealed class GooglePlayGame.<>c__DisplayClass12_0 // TypeDefIndex: 1087"
"37544","class","GooglePlayGame.","1088","private sealed class GooglePlayGame.<>c__DisplayClass13_0 // TypeDefIndex: 1088"
"37561","class","GooglePlayGame.","1089","private sealed class GooglePlayGame.<>c__DisplayClass14_0 // TypeDefIndex: 1089"
"37577","class","GooglePlayGame.","1090","private sealed class GooglePlayGame.<>c__DisplayClass15_0 // TypeDefIndex: 1090"
"37592","class","GooglePlayGame","1091","public class GooglePlayGame : MonoBehaviourSingleton<GooglePlayGame> // TypeDefIndex: 1091"
"37641","class","HighscoreApplovinMax.ReadyAds","1092","public sealed class HighscoreApplovinMax.ReadyAds : MulticastDelegate // TypeDefIndex: 1092"
"37661","class","HighscoreApplovinMax.","1093","private sealed class HighscoreApplovinMax.<>c // TypeDefIndex: 1093"
"37681","class","HighscoreApplovinMax.","1094","private sealed class HighscoreApplovinMax.<>c__DisplayClass8_0 // TypeDefIndex: 1094"
"37698","class","HighscoreApplovinMax.","1095","private sealed class HighscoreApplovinMax.<CleanupRoutine>d__31 : IEnumerator<object>, IEnumerator, IDisposable // TypeDefIndex: 1095"
"37736","class","HighscoreApplovinMax.","1096","private sealed class HighscoreApplovinMax.<LoadRewardedAdWait>d__19 : IEnumerator<object>, IEnumerator, IDisposable // TypeDefIndex: 1096"
"37774","class","HighscoreApplovinMax","1097","public class HighscoreApplovinMax : MonoBehaviourSingleton<HighscoreApplovinMax> // TypeDefIndex: 1097"
"37856","class","SingularManger","1098","public class SingularManger : MonoBehaviourSingleton<SingularManger>, SingularLinkHandler // TypeDefIndex: 1098"
"37884","class","UserDataServerItem","1099","public class UserDataServerItem // TypeDefIndex: 1099"
"37898","class","UserDataServer","1100","public class UserDataServer // TypeDefIndex: 1100"
"37920","class","UserDataSaveCloud.","1101","private sealed class UserDataSaveCloud.<>c // TypeDefIndex: 1101"
"37940","class","UserDataSaveCloud.","1102","private sealed class UserDataSaveCloud.<>c__DisplayClass5_0 // TypeDefIndex: 1102"
"37956","class","UserDataSaveCloud.","1103","private sealed class UserDataSaveCloud.<>c__DisplayClass6_0 // TypeDefIndex: 1103"
"37972","class","UserDataSaveCloud.","1104","private sealed class UserDataSaveCloud.<>c__DisplayClass7_0 // TypeDefIndex: 1104"
"37990","class","UserDataSaveCloud","1105","public class UserDataSaveCloud : Immortal<UserDataSaveCloud> // TypeDefIndex: 1105"
"38037","class","AlbumTableData","1106","public class AlbumTableData // TypeDefIndex: 1106"
"38057","class","Table_Album","1107","public class Table_Album : ExcelImporterRoot // TypeDefIndex: 1107"
"38073","class","AlwaysMiniGameInfo","1108","public class AlwaysMiniGameInfo // TypeDefIndex: 1108"
"38088","class","AlwaysMiniGameRewardInfo","1109","public class AlwaysMiniGameRewardInfo // TypeDefIndex: 1109"
"38120","class","AlwaysBloodWormStepData","1110","public class AlwaysBloodWormStepData // TypeDefIndex: 1110"
"38142","class","AlwaysVendingMachineStepData","1111","public class AlwaysVendingMachineStepData // TypeDefIndex: 1111"
"38159","class","AlwaysPuddingJumpStepData","1112","public class AlwaysPuddingJumpStepData // TypeDefIndex: 1112"
"38174","class","Table_AlwaysMiniGame","1113","public class Table_AlwaysMiniGame : ExcelImporterRoot // TypeDefIndex: 1113"
"38196","class","AttendanceDailyData","1114","public class AttendanceDailyData // TypeDefIndex: 1114"
"38211","class","AttendanceDailyRewardData","1115","public class AttendanceDailyRewardData // TypeDefIndex: 1115"
"38231","class","Table_Attendance","1116","public class Table_Attendance : ExcelImporterRoot // TypeDefIndex: 1116"
"38248","class","BlockTableData","1117","public class BlockTableData // TypeDefIndex: 1117"
"38306","class","BlockDropTableData","1118","public class BlockDropTableData // TypeDefIndex: 1118"
"38323","class","BlockBubbleDropTableData","1119","public class BlockBubbleDropTableData // TypeDefIndex: 1119"
"38340","class","BlockDesignedDropTableData","1120","public class BlockDesignedDropTableData // TypeDefIndex: 1120"
"38356","class","BlockProduceTableData","1121","public class BlockProduceTableData // TypeDefIndex: 1121"
"38371","class","BlockGrowProduceTableData","1122","public class BlockGrowProduceTableData // TypeDefIndex: 1122"
"38389","class","BlockSpineTableData","1123","public class BlockSpineTableData // TypeDefIndex: 1123"
"38407","class","BlockProduceMsgTableData","1124","public class BlockProduceMsgTableData // TypeDefIndex: 1124"
"38421","class","BlockCoolTimeTableData","1125","public class BlockCoolTimeTableData // TypeDefIndex: 1125"
"38438","class","BubbleRewardTableData","1126","public class BubbleRewardTableData // TypeDefIndex: 1126"
"38455","class","BlockCollectionTableData","1127","public class BlockCollectionTableData // TypeDefIndex: 1127"
"38471","class","BlockMergeDropRateTableData","1128","public class BlockMergeDropRateTableData // TypeDefIndex: 1128"
"38486","class","BlockMergeDropPoolTableData","1129","public class BlockMergeDropPoolTableData // TypeDefIndex: 1129"
"38501","class","Table_Block","1130","public class Table_Block : ExcelImporterRoot // TypeDefIndex: 1130"
"38529","class","SelectBoxDropTableData","1131","public class SelectBoxDropTableData // TypeDefIndex: 1131"
"38547","class","RandBoxDropTableData","1132","public class RandBoxDropTableData // TypeDefIndex: 1132"
"38566","class","DesignedBoxDropTableData","1133","public class DesignedBoxDropTableData // TypeDefIndex: 1133"
"38585","class","BoxDropTableData","1134","public class BoxDropTableData // TypeDefIndex: 1134"
"38604","class","BoxBlockGroupTableData","1135","public class BoxBlockGroupTableData // TypeDefIndex: 1135"
"38621","class","Table_BlockBox","1136","public class Table_BlockBox : ExcelImporterRoot // TypeDefIndex: 1136"
"38641","class","FabricateBlockData","1137","public class FabricateBlockData // TypeDefIndex: 1137"
"38660","class","FabricateRecipeData","1138","public class FabricateRecipeData // TypeDefIndex: 1138"
"38689","class","Table_BlockFabricate","1139","public class Table_BlockFabricate : ExcelImporterRoot // TypeDefIndex: 1139"
"38706","enum","MapCellType","1140","public enum MapCellType // TypeDefIndex: 1140"
"38721","class","MapTableData","1141","public class MapTableData // TypeDefIndex: 1141"
"38761","class","EchoArchiveMapTableData","1142","public class EchoArchiveMapTableData // TypeDefIndex: 1142"
"38782","class","Table_Board","1143","public class Table_Board : ExcelImporterRoot // TypeDefIndex: 1143"
"38800","class","CollectibleItem","1144","public class CollectibleItem // TypeDefIndex: 1144"
"38821","class","GlobalCollectibleSetting","1145","public class GlobalCollectibleSetting // TypeDefIndex: 1145"
"38835","class","Table_Collectible","1146","public class Table_Collectible : ExcelImporterRoot // TypeDefIndex: 1146"
"38852","class","CouponCardData","1147","public class CouponCardData // TypeDefIndex: 1147"
"38866","class","CustomerEpisodeData","1148","public class CustomerEpisodeData // TypeDefIndex: 1148"
"38884","class","CustomerEpisodeRewardData","1149","public class CustomerEpisodeRewardData // TypeDefIndex: 1149"
"38903","class","CustomerStoryStepData","1150","public class CustomerStoryStepData // TypeDefIndex: 1150"
"38931","class","CustomerStoryDialogData","1151","public class CustomerStoryDialogData // TypeDefIndex: 1151"
"38997","class","Table_CustomerEpisode","1152","public class Table_CustomerEpisode : ExcelImporterRoot // TypeDefIndex: 1152"
"39017","class","DailyMissionTableData","1153","public class DailyMissionTableData // TypeDefIndex: 1153"
"39036","class","DailyEventMissionTableData","1154","public class DailyEventMissionTableData // TypeDefIndex: 1154"
"39056","class","DailyAdsMissionTableData","1155","public class DailyAdsMissionTableData // TypeDefIndex: 1155"
"39073","class","Table_DailyMission","1156","public class Table_DailyMission : ExcelImporterRoot // TypeDefIndex: 1156"
"39090","enum","EchoArchiveOpenType","1157","public enum EchoArchiveOpenType // TypeDefIndex: 1157"
"39102","enum","EchoArchiveGameType","1158","public enum EchoArchiveGameType // TypeDefIndex: 1158"
"39115","class","EchoArchiveTableData","1159","public class EchoArchiveTableData // TypeDefIndex: 1159"
"39141","class","EchoArchiveStepTableData","1160","public class EchoArchiveStepTableData // TypeDefIndex: 1160"
"39168","class","EAGageUpTableData","1161","public class EAGageUpTableData // TypeDefIndex: 1161"
"39182","class","EACollectBlockTableData","1162","public class EACollectBlockTableData // TypeDefIndex: 1162"
"39196","class","EAFabricateBlockTableData","1163","public class EAFabricateBlockTableData // TypeDefIndex: 1163"
"39213","class","EARequestTableData","1164","public class EARequestTableData // TypeDefIndex: 1164"
"39233","class","EACollectionTableData","1165","public class EACollectionTableData // TypeDefIndex: 1165"
"39247","class","Table_EchoArchive","1166","public class Table_EchoArchive : ExcelImporterRoot // TypeDefIndex: 1166"
"39270","class","EventData","1167","public class EventData // TypeDefIndex: 1167"
"39297","class","FlowingEventStepData","1168","public class FlowingEventStepData // TypeDefIndex: 1168"
"39311","class","OverLapCheckEventData","1169","public class OverLapCheckEventData // TypeDefIndex: 1169"
"39326","class","EventScheduleData","1170","public class EventScheduleData // TypeDefIndex: 1170"
"39342","class","EventStartingData","1171","public class EventStartingData // TypeDefIndex: 1171"
"39356","class","SeasonPassScheduleData","1172","public class SeasonPassScheduleData : EventScheduleData // TypeDefIndex: 1172"
"39371","class","EventDropBlockData","1173","public class EventDropBlockData // TypeDefIndex: 1173"
"39386","class","EventDetailData","1174","public class EventDetailData // TypeDefIndex: 1174"
"39422","class","EventBlockDatas","1175","public class EventBlockDatas // TypeDefIndex: 1175"
"39436","class","EventIngameResourceData","1176","public class EventIngameResourceData // TypeDefIndex: 1176"
"39450","class","EventPointGetData","1177","public class EventPointGetData // TypeDefIndex: 1177"
"39467","class","Table_Event","1178","public class Table_Event : ExcelImporterRoot // TypeDefIndex: 1178"
"39493","class","ArcadeMiniGameData","1179","public class ArcadeMiniGameData // TypeDefIndex: 1179"
"39509","class","ArcadeMiniGameRewardData","1180","public class ArcadeMiniGameRewardData // TypeDefIndex: 1180"
"39533","class","ArcadeRankingRewardData","1181","public class ArcadeRankingRewardData // TypeDefIndex: 1181"
"39557","class","Table_Event_Arcade","1182","public class Table_Event_Arcade : ExcelImporterRoot // TypeDefIndex: 1182"
"39581","class","BandTableData","1183","public class BandTableData // TypeDefIndex: 1183"
"39610","class","BandPackageTableData","1184","public class BandPackageTableData // TypeDefIndex: 1184"
"39643","class","Table_Event_Band","1185","public class Table_Event_Band : ExcelImporterRoot // TypeDefIndex: 1185"
"39660","class","EventBingoBoardData","1186","public class EventBingoBoardData // TypeDefIndex: 1186"
"39677","class","EventBingoBlockData","1187","public class EventBingoBlockData // TypeDefIndex: 1187"
"39710","class","EventBingoMaxLevelData","1188","public class EventBingoMaxLevelData // TypeDefIndex: 1188"
"39725","class","EventBingoRefData","1189","public class EventBingoRefData // TypeDefIndex: 1189"
"39739","class","Table_Event_Bingo","1190","public class Table_Event_Bingo : ExcelImporterRoot // TypeDefIndex: 1190"
"39758","enum","BloodWormTargetType","1191","public enum BloodWormTargetType // TypeDefIndex: 1191"
"39771","class","Event_BloodWarmData","1192","public class Event_BloodWarmData // TypeDefIndex: 1192"
"39796","class","Event_BloodWormRewardData","1193","public class Event_BloodWormRewardData // TypeDefIndex: 1193"
"39813","class","Event_BloodWorm_RewardList","1194","public class Event_BloodWorm_RewardList // TypeDefIndex: 1194"
"39828","class","Event_BloodWorm_SpawnList","1195","public class Event_BloodWorm_SpawnList // TypeDefIndex: 1195"
"39844","class","Table_Event_BloodWorm","1196","public class Table_Event_BloodWorm : ExcelImporterRoot // TypeDefIndex: 1196"
"39863","class","EventCardPackTableData","1197","public class EventCardPackTableData // TypeDefIndex: 1197"
"39893","class","EventCardPack_GroupListTableData","1198","public class EventCardPack_GroupListTableData // TypeDefIndex: 1198"
"39923","class","EventCardPack_CardTableData","1199","public class EventCardPack_CardTableData // TypeDefIndex: 1199"
"39942","class","EventCardPack_CardTierTableData","1200","public class EventCardPack_CardTierTableData // TypeDefIndex: 1200"
"39957","class","EventCardPack_PackTableData","1201","public class EventCardPack_PackTableData // TypeDefIndex: 1201"
"39980","class","EventCardPack_PackRateTableData","1202","public class EventCardPack_PackRateTableData // TypeDefIndex: 1202"
"39995","class","EventCardPack_ShopTableData","1203","public class EventCardPack_ShopTableData // TypeDefIndex: 1203"
"40016","class","Table_Event_CardPack","1204","public class Table_Event_CardPack : ExcelImporterRoot // TypeDefIndex: 1204"
"40038","class","CartoonStepData","1205","public class CartoonStepData // TypeDefIndex: 1205"
"40056","class","CartoonPackageData","1206","public class CartoonPackageData // TypeDefIndex: 1206"
"40071","class","CartoonRewardIdData","1207","public class CartoonRewardIdData // TypeDefIndex: 1207"
"40099","class","Table_Event_Cartoon","1208","public class Table_Event_Cartoon : ExcelImporterRoot // TypeDefIndex: 1208"
"40118","class","EventCumulativeQuestTableData","1209","public class EventCumulativeQuestTableData // TypeDefIndex: 1209"
"40133","class","CumulativeQuestItemTableData","1210","public class CumulativeQuestItemTableData // TypeDefIndex: 1210"
"40153","class","Table_Event_CumulativeQuest","1211","public class Table_Event_CumulativeQuest : ExcelImporterRoot // TypeDefIndex: 1211"
"40170","class","Event_FishingStepData","1212","public class Event_FishingStepData // TypeDefIndex: 1212"
"40201","class","Event_FishingRewardData","1213","public class Event_FishingRewardData // TypeDefIndex: 1213"
"40219","class","Event_FishingBlockData","1214","public class Event_FishingBlockData // TypeDefIndex: 1214"
"40235","class","Table_Event_Fishing","1215","public class Table_Event_Fishing : ExcelImporterRoot // TypeDefIndex: 1215"
"40253","class","MatchCardData","1216","public class MatchCardData // TypeDefIndex: 1216"
"40276","class","MatchCardInfo","1217","public class MatchCardInfo // TypeDefIndex: 1217"
"40293","class","MatchCardProductData","1218","public class MatchCardProductData // TypeDefIndex: 1218"
"40308","class","MatchItemReward","1219","public class MatchItemReward // TypeDefIndex: 1219"
"40324","class","Table_Event_MatchCard","1220","public class Table_Event_MatchCard : ExcelImporterRoot // TypeDefIndex: 1220"
"40343","class","EventMateRaceData","1221","public class EventMateRaceData // TypeDefIndex: 1221"
"40366","class","MateRaceRewardData","1222","public class MateRaceRewardData // TypeDefIndex: 1222"
"40389","class","MateRaceNameData","1223","public class MateRaceNameData // TypeDefIndex: 1223"
"40402","class","Table_Event_MateRace","1224","public class Table_Event_MateRace : ExcelImporterRoot // TypeDefIndex: 1224"
"40420","class","EventPointCollectInfoData","1225","public class EventPointCollectInfoData // TypeDefIndex: 1225"
"40434","class","EventPointCollectStepData","1226","public class EventPointCollectStepData // TypeDefIndex: 1226"
"40452","class","Table_Event_PointCollect","1227","public class Table_Event_PointCollect : ExcelImporterRoot // TypeDefIndex: 1227"
"40469","enum","EventPuddingJumpType","1228","public enum EventPuddingJumpType // TypeDefIndex: 1228"
"40480","class","Event_PuddingJumpStepData","1229","public class Event_PuddingJumpStepData // TypeDefIndex: 1229"
"40502","class","Event_PuddingJumpRewardData","1230","public class Event_PuddingJumpRewardData // TypeDefIndex: 1230"
"40519","class","Event_PuddingJumpSpawnList","1231","public class Event_PuddingJumpSpawnList // TypeDefIndex: 1231"
"40536","class","Table_Event_PuddingJump","1232","public class Table_Event_PuddingJump : ExcelImporterRoot // TypeDefIndex: 1232"
"40554","class","EventSchoolUniformTableData","1233","public class EventSchoolUniformTableData // TypeDefIndex: 1233"
"40572","class","EventSchoolUniformStepTableData","1234","public class EventSchoolUniformStepTableData // TypeDefIndex: 1234"
"40594","class","EventUniformCollectBlockTableData","1235","public class EventUniformCollectBlockTableData // TypeDefIndex: 1235"
"40608","class","EventUniformCollectionTableData","1236","public class EventUniformCollectionTableData // TypeDefIndex: 1236"
"40622","class","EventUniformKeepOnBlockTableData","1237","public class EventUniformKeepOnBlockTableData // TypeDefIndex: 1237"
"40636","class","Table_Event_SchoolUniform","1238","public class Table_Event_SchoolUniform : ExcelImporterRoot // TypeDefIndex: 1238"
"40656","class","SeasonPassStepData","1239","public class SeasonPassStepData // TypeDefIndex: 1239"
"40679","class","SeasonPassIdData","1240","public class SeasonPassIdData // TypeDefIndex: 1240"
"40694","class","SeasonPassPackageData","1241","public class SeasonPassPackageData // TypeDefIndex: 1241"
"40710","class","SeasonPassMergePointRateData","1242","public class SeasonPassMergePointRateData // TypeDefIndex: 1242"
"40726","class","SeasonPassRewardIdData","1243","public class SeasonPassRewardIdData // TypeDefIndex: 1243"
"40754","class","Table_Event_SeasonPass","1244","public class Table_Event_SeasonPass : ExcelImporterRoot // TypeDefIndex: 1244"
"40774","class","EventSummerFestivalInfo","1245","public class EventSummerFestivalInfo // TypeDefIndex: 1245"
"40801","class","EventSummerFestivalReward","1246","public class EventSummerFestivalReward // TypeDefIndex: 1246"
"40823","class","EventSummerFestivalNpc","1247","public class EventSummerFestivalNpc // TypeDefIndex: 1247"
"40838","class","Table_Event_SummerFestival","1248","public class Table_Event_SummerFestival : ExcelImporterRoot // TypeDefIndex: 1248"
"40856","class","SurpriseBoxTableData","1249","public class SurpriseBoxTableData // TypeDefIndex: 1249"
"40878","class","Table_Event_SurpriseBox","1250","public class Table_Event_SurpriseBox : ExcelImporterRoot // TypeDefIndex: 1250"
"40894","class","TreasureSandStepTableData","1251","public class TreasureSandStepTableData // TypeDefIndex: 1251"
"40930","class","TreasureSandBlockTableData","1252","public class TreasureSandBlockTableData // TypeDefIndex: 1252"
"40949","class","TreasureSandBlockGroupTableData","1253","public class TreasureSandBlockGroupTableData // TypeDefIndex: 1253"
"40964","class","TreasureSandCellTableData","1254","public class TreasureSandCellTableData // TypeDefIndex: 1254"
"40979","class","Table_Event_TreasureSand","1255","public class Table_Event_TreasureSand : ExcelImporterRoot // TypeDefIndex: 1255"
"40998","class","Event_VendingMachineStepData","1256","public class Event_VendingMachineStepData // TypeDefIndex: 1256"
"41014","class","Event_VendingMachineRewardData","1257","public class Event_VendingMachineRewardData // TypeDefIndex: 1257"
"41031","class","Table_Event_VendingMachine","1258","public class Table_Event_VendingMachine : ExcelImporterRoot // TypeDefIndex: 1258"
"41048","class","WhiteDayStepData","1259","public class WhiteDayStepData // TypeDefIndex: 1259"
"41088","class","WhiteDayRewardIdData","1260","public class WhiteDayRewardIdData // TypeDefIndex: 1260"
"41116","class","WhiteDayPackageData","1261","public class WhiteDayPackageData // TypeDefIndex: 1261"
"41130","class","Table_Event_WhiteDay","1262","public class Table_Event_WhiteDay : ExcelImporterRoot // TypeDefIndex: 1262"
"41148","class","FindEvidenceIdData","1263","public class FindEvidenceIdData // TypeDefIndex: 1263"
"41164","class","Table_FindEvidence","1264","public class Table_FindEvidence : ExcelImporterRoot // TypeDefIndex: 1264"
"41180","class","FriendInviteReward","1265","public class FriendInviteReward // TypeDefIndex: 1265"
"41216","class","Table_FriendInvite","1266","public class Table_FriendInvite : ExcelImporterRoot // TypeDefIndex: 1266"
"41231","enum","KujiRateType","1267","public enum KujiRateType // TypeDefIndex: 1267"
"41241","class","HighKujiTableData","1268","public class HighKujiTableData // TypeDefIndex: 1268"
"41264","class","HighKujiTicketUIDTableData","1269","public class HighKujiTicketUIDTableData // TypeDefIndex: 1269"
"41279","class","HighKujiRewardTableData","1270","public class HighKujiRewardTableData // TypeDefIndex: 1270"
"41300","class","HighKujiRateGroupTableData","1271","public class HighKujiRateGroupTableData // TypeDefIndex: 1271"
"41316","class","HighKujiRateInfoTableData","1272","public class HighKujiRateInfoTableData // TypeDefIndex: 1272"
"41331","class","Table_HighKuji","1273","public class Table_HighKuji : ExcelImporterRoot // TypeDefIndex: 1273"
"41351","class","ProduceBlockSlotTableData","1274","public class ProduceBlockSlotTableData // TypeDefIndex: 1274"
"41366","class","MaterialSlotTableData","1275","public class MaterialSlotTableData // TypeDefIndex: 1275"
"41380","class","BlockSlotTableData","1276","public class BlockSlotTableData // TypeDefIndex: 1276"
"41395","class","Table_Inventory","1277","public class Table_Inventory : ExcelImporterRoot // TypeDefIndex: 1277"
"41412","class","ItemData","1278","public class ItemData // TypeDefIndex: 1278"
"41426","class","NeedleData","1279","public class NeedleData // TypeDefIndex: 1279"
"41442","class","RewardBoxData","1280","public class RewardBoxData // TypeDefIndex: 1280"
"41476","class","MemoryCardTicketData","1281","public class MemoryCardTicketData // TypeDefIndex: 1281"
"41492","class","HighKujiTicketData","1282","public class HighKujiTicketData // TypeDefIndex: 1282"
"41506","class","UserProfileTableData","1283","public class UserProfileTableData // TypeDefIndex: 1283"
"41527","class","InGameResTableData","1284","public class InGameResTableData // TypeDefIndex: 1284"
"41550","class","Table_Item","1285","public class Table_Item : ExcelImporterRoot // TypeDefIndex: 1285"
"41572","class","LevelPassTableData","1286","public class LevelPassTableData // TypeDefIndex: 1286"
"41594","class","LevelPassRewardTableData","1287","public class LevelPassRewardTableData // TypeDefIndex: 1287"
"41616","class","Table_LevelPass","1288","public class Table_LevelPass : ExcelImporterRoot // TypeDefIndex: 1288"
"41633","class","MaidAIChatSituationData","1289","public class MaidAIChatSituationData // TypeDefIndex: 1289"
"41648","class","MaidAIChatModerationData","1290","public class MaidAIChatModerationData // TypeDefIndex: 1290"
"41662","class","MaidAIChatInvalidStringData","1291","public class MaidAIChatInvalidStringData // TypeDefIndex: 1291"
"41675","class","Table_MaidAIChat","1292","public class Table_MaidAIChat : ExcelImporterRoot // TypeDefIndex: 1292"
"41693","class","ChatUnlockData","1293","public class ChatUnlockData // TypeDefIndex: 1293"
"41708","class","ChatStepData","1294","public class ChatStepData // TypeDefIndex: 1294"
"41729","class","ChatDialogData","1295","public class ChatDialogData // TypeDefIndex: 1295"
"41795","class","Table_MaidChat","1296","public class Table_MaidChat : ExcelImporterRoot // TypeDefIndex: 1296"
"41815","class","MemoryCardData","1297","public class MemoryCardData // TypeDefIndex: 1297"
"41838","class","MemoryCardSkillData","1298","public class MemoryCardSkillData // TypeDefIndex: 1298"
"41855","class","MemoryCardSlotData","1299","public class MemoryCardSlotData // TypeDefIndex: 1299"
"41869","class","MemoryGachaPoolData","1300","public class MemoryGachaPoolData // TypeDefIndex: 1300"
"41899","class","MemoryGachaPoolCardData","1301","public class MemoryGachaPoolCardData // TypeDefIndex: 1301"
"41914","class","MemoryTicketGemRateData","1302","public class MemoryTicketGemRateData // TypeDefIndex: 1302"
"41928","class","MemoryGachaScheduleData","1303","public class MemoryGachaScheduleData // TypeDefIndex: 1303"
"41945","class","MemoryTicketExchangeShopData","1304","public class MemoryTicketExchangeShopData // TypeDefIndex: 1304"
"41965","class","Table_MemoryCard","1305","public class Table_MemoryCard : ExcelImporterRoot // TypeDefIndex: 1305"
"41988","class","MissionPassTableData","1306","public class MissionPassTableData // TypeDefIndex: 1306"
"42013","class","MissionPassResTableData","1307","public class MissionPassResTableData // TypeDefIndex: 1307"
"42032","class","MissionPassLevelTableData","1308","public class MissionPassLevelTableData // TypeDefIndex: 1308"
"42053","class","MissionPassQuestTableData","1309","public class MissionPassQuestTableData // TypeDefIndex: 1309"
"42073","class","MissionPassBonusRewardTableData","1310","public class MissionPassBonusRewardTableData // TypeDefIndex: 1310"
"42090","class","MissionPassNormalRewardInfo","1311","public class MissionPassNormalRewardInfo // TypeDefIndex: 1311"
"42104","class","MissionPassVIPRewardInfo","1312","public class MissionPassVIPRewardInfo // TypeDefIndex: 1312"
"42119","class","Table_MissionPass","1313","public class Table_MissionPass : ExcelImporterRoot // TypeDefIndex: 1313"
"42140","class","NoticeRewardInfo","1314","public class NoticeRewardInfo // TypeDefIndex: 1314"
"42155","class","NoticeData","1315","public class NoticeData // TypeDefIndex: 1315"
"42215","class","Table_Notice","1316","public class Table_Notice : ExcelImporterRoot // TypeDefIndex: 1316"
"42234","class","NpcTableData","1317","public class NpcTableData // TypeDefIndex: 1317"
"42267","class","MaidLevelTableData","1318","public class MaidLevelTableData // TypeDefIndex: 1318"
"42285","class","MaidSceneLoadingTableData","1319","public class MaidSceneLoadingTableData // TypeDefIndex: 1319"
"42306","class","MaidSkillTableData","1320","public class MaidSkillTableData // TypeDefIndex: 1320"
"42323","class","MaidInfoTableData","1321","public class MaidInfoTableData // TypeDefIndex: 1321"
"42348","class","InGameNpcDialog","1322","public class InGameNpcDialog // TypeDefIndex: 1322"
"42389","class","CustomerTableData","1323","public class CustomerTableData // TypeDefIndex: 1323"
"42411","class","CustomerRewardData","1324","public class CustomerRewardData // TypeDefIndex: 1324"
"42427","class","CustomerLikeLevelData","1325","public class CustomerLikeLevelData // TypeDefIndex: 1325"
"42446","class","MaidGiftTableData","1326","public class MaidGiftTableData // TypeDefIndex: 1326"
"42463","class","Table_Npc","1327","public class Table_Npc : ExcelImporterRoot // TypeDefIndex: 1327"
"42495","enum","QuestType","1328","public enum QuestType // TypeDefIndex: 1328"
"42508","class","RoomQuestData","1329","public class RoomQuestData // TypeDefIndex: 1329"
"42538","enum","FurnitureUnlockType","1330","public enum FurnitureUnlockType // TypeDefIndex: 1330"
"42548","enum","FurniturePurchasableType","1331","public enum FurniturePurchasableType // TypeDefIndex: 1331"
"42560","enum","FurnitureIconSizeType","1332","public enum FurnitureIconSizeType // TypeDefIndex: 1332"
"42571","class","FurnitureData","1333","public class FurnitureData // TypeDefIndex: 1333"
"42597","class","LevelData","1334","public class LevelData // TypeDefIndex: 1334"
"42621","class","RoomUnlockData","1335","public class RoomUnlockData // TypeDefIndex: 1335"
"42635","class","DormitoryUnlockData","1336","public class DormitoryUnlockData // TypeDefIndex: 1336"
"42649","class","Table_OutGame","1337","public class Table_OutGame : ExcelImporterRoot // TypeDefIndex: 1337"
"42670","class","PackageData","1338","public class PackageData // TypeDefIndex: 1338"
"42701","class","ExclusivePackageGroupData","1339","public class ExclusivePackageGroupData // TypeDefIndex: 1339"
"42715","class","LinkedPackageData","1340","public class LinkedPackageData // TypeDefIndex: 1340"
"42734","class","LevelUpPackageData","1341","public class LevelUpPackageData // TypeDefIndex: 1341"
"42749","class","LinkedPackageScheduleData","1342","public class LinkedPackageScheduleData // TypeDefIndex: 1342"
"42764","class","PackageScheduleData","1343","public class PackageScheduleData // TypeDefIndex: 1343"
"42780","class","PackageAppearData","1344","public class PackageAppearData // TypeDefIndex: 1344"
"42796","class","PackageRewardData","1345","public class PackageRewardData // TypeDefIndex: 1345"
"42824","class","GoldenWormRewardData","1346","public class GoldenWormRewardData // TypeDefIndex: 1346"
"42855","class","EnergyPackageData","1347","public class EnergyPackageData // TypeDefIndex: 1347"
"42880","class","OnePlusPackageData","1348","public class OnePlusPackageData // TypeDefIndex: 1348"
"42909","class","SpecialAttendanceData","1349","public class SpecialAttendanceData // TypeDefIndex: 1349"
"42926","class","AdsRemovePackageData","1350","public class AdsRemovePackageData // TypeDefIndex: 1350"
"42956","class","GemJarPackageData","1351","public class GemJarPackageData // TypeDefIndex: 1351"
"42976","class","SpecialBlockPackageData","1352","public class SpecialBlockPackageData // TypeDefIndex: 1352"
"42991","class","PackageStepData","1353","public class PackageStepData // TypeDefIndex: 1353"
"43021","class","PackageShowStepData","1354","public class PackageShowStepData // TypeDefIndex: 1354"
"43038","class","BenefitPackageData","1355","public class BenefitPackageData // TypeDefIndex: 1355"
"43069","enum","PackageOpenLimitType","1356","public enum PackageOpenLimitType // TypeDefIndex: 1356"
"43081","class","Table_Package","1357","public class Table_Package : ExcelImporterRoot // TypeDefIndex: 1357"
"43115","class","MaidCoinData","1358","public class MaidCoinData // TypeDefIndex: 1358"
"43131","class","PhotoCardData","1359","public class PhotoCardData // TypeDefIndex: 1359"
"43165","class","PhotoCardGroupData","1360","public class PhotoCardGroupData // TypeDefIndex: 1360"
"43181","class","Table_PhotoCard","1361","public class Table_PhotoCard : ExcelImporterRoot // TypeDefIndex: 1361"
"43199","class","RandomObjectData","1362","public class RandomObjectData // TypeDefIndex: 1362"
"43222","class","Table_RandomObject","1363","public class Table_RandomObject : ExcelImporterRoot // TypeDefIndex: 1363"
"43238","class","RequestMainRoomTableData","1364","public class RequestMainRoomTableData // TypeDefIndex: 1364"
"43271","class","RequestRandomTableData","1365","public class RequestRandomTableData // TypeDefIndex: 1365"
"43294","class","RequestUrgentTableData","1366","public class RequestUrgentTableData // TypeDefIndex: 1366"
"43312","class","RequestDormitoryTableData","1367","public class RequestDormitoryTableData // TypeDefIndex: 1367"
"43327","class","RequestEventTableData","1368","public class RequestEventTableData // TypeDefIndex: 1368"
"43359","class","RequestRewardPointData","1369","public class RequestRewardPointData // TypeDefIndex: 1369"
"43378","class","RequestEventItemRewardData","1370","public class RequestEventItemRewardData // TypeDefIndex: 1370"
"43396","class","RequestRandomBlockTableData","1371","public class RequestRandomBlockTableData // TypeDefIndex: 1371"
"43412","class","RandomBlockGroupTableData","1372","public class RandomBlockGroupTableData // TypeDefIndex: 1372"
"43427","class","ConstructQuestRewardData","1373","public class ConstructQuestRewardData // TypeDefIndex: 1373"
"43445","class","RequestMainPointTableData","1374","public class RequestMainPointTableData // TypeDefIndex: 1374"
"43462","class","RequestMainDeginedChangeData","1375","public class RequestMainDeginedChangeData // TypeDefIndex: 1375"
"43475","class","Table_Request","1376","public class Table_Request : ExcelImporterRoot // TypeDefIndex: 1376"
"43503","enum","RouletteRateType","1377","public enum RouletteRateType // TypeDefIndex: 1377"
"43513","class","RouletteTableData","1378","public class RouletteTableData // TypeDefIndex: 1378"
"43537","class","RouletteTicketUIDTableData","1379","public class RouletteTicketUIDTableData // TypeDefIndex: 1379"
"43552","class","RouletteRewardTableData","1380","public class RouletteRewardTableData // TypeDefIndex: 1380"
"43582","class","RouletteRateGroupTableData","1381","public class RouletteRateGroupTableData // TypeDefIndex: 1381"
"43598","class","RouletteRateInfoTableData","1382","public class RouletteRateInfoTableData // TypeDefIndex: 1382"
"43613","class","Table_Roulette","1383","public class Table_Roulette : ExcelImporterRoot // TypeDefIndex: 1383"
"43633","class","SnsDatas","1384","public class SnsDatas // TypeDefIndex: 1384"
"43650","class","Table_SNS","1385","public class Table_SNS : ExcelImporterRoot // TypeDefIndex: 1385"
"43666","class","SRMergeStepTableData","1386","public class SRMergeStepTableData // TypeDefIndex: 1386"
"43682","class","SRMergeSkillGroupTableData","1387","public class SRMergeSkillGroupTableData // TypeDefIndex: 1387"
"43697","class","SRMergeSkillTableData","1388","public class SRMergeSkillTableData // TypeDefIndex: 1388"
"43718","class","SRMergeConfigTableData","1389","public class SRMergeConfigTableData // TypeDefIndex: 1389"
"43733","class","Table_SeriouslyMerge","1390","public class Table_SeriouslyMerge : ExcelImporterRoot // TypeDefIndex: 1390"
"43752","class","ShopApTableData","1391","public class ShopApTableData // TypeDefIndex: 1391"
"43783","class","ShopJewelTableData","1392","public class ShopJewelTableData // TypeDefIndex: 1392"
"43811","class","ShopMasterHeartTableData","1393","public class ShopMasterHeartTableData : ShopJewelTableData // TypeDefIndex: 1393"
"43824","class","ShopGoldTableData","1394","public class ShopGoldTableData // TypeDefIndex: 1394"
"43850","class","ShopDailyTableData","1395","public class ShopDailyTableData // TypeDefIndex: 1395"
"43867","class","ShopDailyRandomRewardTableData","1396","public class ShopDailyRandomRewardTableData // TypeDefIndex: 1396"
"43884","class","ShopSkinPackageTableData","1397","public class ShopSkinPackageTableData // TypeDefIndex: 1397"
"43914","class","ShopBlockGroupLvTableData","1398","public class ShopBlockGroupLvTableData // TypeDefIndex: 1398"
"43928","class","ShopMaidGiftTableData","1399","public class ShopMaidGiftTableData // TypeDefIndex: 1399"
"43948","class","ShopProductTableData","1400","public class ShopProductTableData // TypeDefIndex: 1400"
"43972","class","ShopAddBoradLineMapTableData","1401","public class ShopAddBoradLineMapTableData // TypeDefIndex: 1401"
"43987","class","ShopNpcCostumeTableData","1402","public class ShopNpcCostumeTableData // TypeDefIndex: 1402"
"44020","class","ShopAddLinePriceTableData","1403","public class ShopAddLinePriceTableData // TypeDefIndex: 1403"
"44034","class","Table_Shop","1404","public class Table_Shop : ExcelImporterRoot // TypeDefIndex: 1404"
"44061","class","Table_ShopPackage","1405","public class Table_ShopPackage : MonoBehaviour // TypeDefIndex: 1405"
"44076","enum","DialogType","1406","public enum DialogType // TypeDefIndex: 1406"
"44088","enum","StoryBGChangeType","1407","public enum StoryBGChangeType // TypeDefIndex: 1407"
"44106","enum","StoryMoveType","1408","public enum StoryMoveType // TypeDefIndex: 1408"
"44122","enum","StoryBGActiveType","1409","public enum StoryBGActiveType // TypeDefIndex: 1409"
"44134","enum","StoryOnOffType","1410","public enum StoryOnOffType // TypeDefIndex: 1410"
"44148","enum","StoryBGMType","1411","public enum StoryBGMType // TypeDefIndex: 1411"
"44158","class","StoryCharInfo","1412","public class StoryCharInfo // TypeDefIndex: 1412"
"44178","class","StoryStepData","1413","public class StoryStepData // TypeDefIndex: 1413"
"44261","class","StoryDialogData","1414","public class StoryDialogData // TypeDefIndex: 1414"
"44327","class","StorySummaryData","1415","public class StorySummaryData // TypeDefIndex: 1415"
"44393","class","Table_Story","1416","public class Table_Story : ExcelImporterRoot // TypeDefIndex: 1416"
"44427","class","CheckUserKeyInfo","1417","public class CheckUserKeyInfo // TypeDefIndex: 1417"
"44441","class","Table_UserKey","1418","public class Table_UserKey : ExcelImporterRoot // TypeDefIndex: 1418"
"44457","class","VideoBonusRewardData","1419","public class VideoBonusRewardData // TypeDefIndex: 1419"
"44474","class","VideoBonusBuyRewardData","1420","public class VideoBonusBuyRewardData // TypeDefIndex: 1420"
"44502","class","Table_VideoBonus","1421","public class Table_VideoBonus : ExcelImporterRoot // TypeDefIndex: 1421"
"44519","class","WorkLogMissionTableData","1422","public class WorkLogMissionTableData // TypeDefIndex: 1422"
"44541","class","WorkLogRewardTableData","1423","public class WorkLogRewardTableData // TypeDefIndex: 1423"
"44569","class","Table_WorkLog","1424","public class Table_WorkLog : ExcelImporterRoot // TypeDefIndex: 1424"
"44586","class","AniEventCallback.AniEvent","1425","public sealed class AniEventCallback.AniEvent : MulticastDelegate // TypeDefIndex: 1425"
"44604","class","AniEventCallback","1426","public class AniEventCallback : MonoBehaviour // TypeDefIndex: 1426"
"44622","class","CutToonSequnceData","1427","public class CutToonSequnceData // TypeDefIndex: 1427"
"44636","class","CutToon.","1428","private sealed class CutToon.<AutoProgressCoroutine>d__16 : IEnumerator<object>, IEnumerator, IDisposable // TypeDefIndex: 1428"
"44675","class","CutToon.","1429","private sealed class CutToon.<StartFirstCutAutomatic>d__14 : IEnumerator<object>, IEnumerator, IDisposable // TypeDefIndex: 1429"
"44713","class","CutToon","1430","public class CutToon : MonoBehaviour // TypeDefIndex: 1430"
"44779","class","TableCutsceneDialogInfo","1431","public class TableCutsceneDialogInfo : LangaugeCommonData // TypeDefIndex: 1431"
"44795","class","UI_CutsceneController.","1432","private sealed class UI_CutsceneController.<Show>d__9 : IEnumerator<object>, IEnumerator, IDisposable // TypeDefIndex: 1432"
"44834","class","UI_CutsceneController","1433","public class UI_CutsceneController : MonoBehaviour // TypeDefIndex: 1433"
"44870","class","UI_CutsceneDialog","1434","public class UI_CutsceneDialog : MonoBehaviour // TypeDefIndex: 1434"
"44895","class","UI_CutsceneDialog_Animation.AnimationData","1435","public class UI_CutsceneDialog_Animation.AnimationData // TypeDefIndex: 1435"
"44908","class","UI_CutsceneDialog_Animation","1436","public class UI_CutsceneDialog_Animation : UI_CutsceneDialog // TypeDefIndex: 1436"
"44926","class","UI_CutsceneDialog_Spine","1437","public class UI_CutsceneDialog_Spine : UI_CutsceneDialog // TypeDefIndex: 1437"
"44956","class","UIListitem_CustomerChat","1438","public class UIListitem_CustomerChat : MonoBehaviour // TypeDefIndex: 1438"
"44981","class","UIListitem_CustomerChatBox.","1439","private sealed class UIListitem_CustomerChatBox.<ShakeTextCoroutine>d__6 : IEnumerator<object>, IEnumerator, IDisposable // TypeDefIndex: 1439"
"45024","class","UIListitem_CustomerChatBox","1440","public class UIListitem_CustomerChatBox : MonoBehaviour // TypeDefIndex: 1440"
"45055","class","UIListitem_CustomerBG.","1441","private sealed class UIListitem_CustomerBG.<FadeCoroutine>d__13 : IEnumerator<object>, IEnumerator, IDisposable // TypeDefIndex: 1441"
"45098","class","UIListitem_CustomerBG","1442","public class UIListitem_CustomerBG : MonoBehaviour // TypeDefIndex: 1442"
"45147","class","UIListItem_EA_BlockCollectItem","1443","public class UIListItem_EA_BlockCollectItem : MonoBehaviour // TypeDefIndex: 1443"
"45205","class","UIListItem_EA_FabricateBlockItem","1444","public class UIListItem_EA_FabricateBlockItem : MonoBehaviour // TypeDefIndex: 1444"
"45253","class","UIListItem_EchoArchive_BookItem","1445","public class UIListItem_EchoArchive_BookItem : MonoBehaviour // TypeDefIndex: 1445"
"45287","class","UIListItem_InGame_EchoArchive","1446","public class UIListItem_InGame_EchoArchive : MonoBehaviour // TypeDefIndex: 1446"
"45326","class","UIListitem_EchoArchive_Episode","1447","public class UIListitem_EchoArchive_Episode : InfiniteScrollItem // TypeDefIndex: 1447"
"45364","class","UIListItem_CardPack_Card","1448","public class UIListItem_CardPack_Card : MonoBehaviour // TypeDefIndex: 1448"
"45410","class","UIListItem_CardPack_CardGroup","1449","public class UIListItem_CardPack_CardGroup : MonoBehaviour // TypeDefIndex: 1449"
"45456","class","CardPackRewardCardInfo","1450","public class CardPackRewardCardInfo : InfiniteScrollData // TypeDefIndex: 1450"
"45471","class","UIListItem_CardPack_RewardCard","1451","public class UIListItem_CardPack_RewardCard : InfiniteScrollItem // TypeDefIndex: 1451"
"45514","class","UIListItem_PC_PuddingJump_Pudding.","1452","private sealed class UIListItem_PC_PuddingJump_Pudding.<MovePudding>d__17 : IEnumerator<object>, IEnumerator, IDisposable // TypeDefIndex: 1452"
"45556","class","UIListItem_PC_PuddingJump_Pudding.","1453","private sealed class UIListItem_PC_PuddingJump_Pudding.<MoveSpoon>d__18 : IEnumerator<object>, IEnumerator, IDisposable // TypeDefIndex: 1453"
"45597","class","UIListItem_PC_PuddingJump_Pudding","1454","public class UIListItem_PC_PuddingJump_Pudding : MonoBehaviour // TypeDefIndex: 1454"
"45649","class","UIListitem_PC_BloodWormTarget.","1455","private sealed class UIListitem_PC_BloodWormTarget.<MoveCatched>d__13 : IEnumerator<object>, IEnumerator, IDisposable // TypeDefIndex: 1455"
"45691","class","UIListitem_PC_BloodWormTarget.","1456","private sealed class UIListitem_PC_BloodWormTarget.<MoveTarget>d__12 : IEnumerator<object>, IEnumerator, IDisposable // TypeDefIndex: 1456"
"45733","class","UIListitem_PC_BloodWormTarget","1457","public class UIListitem_PC_BloodWormTarget : MonoBehaviour // TypeDefIndex: 1457"
"45777","class","PC_VendingMachineBtnInfo","1458","public class PC_VendingMachineBtnInfo // TypeDefIndex: 1458"
"45792","class","UIListitem_PC_VendingMachineSlot","1459","public class UIListitem_PC_VendingMachineSlot : MonoBehaviour // TypeDefIndex: 1459"
"45826","class","UIListItem_EventCumulativeQuestInfo","1460","public class UIListItem_EventCumulativeQuestInfo : MonoBehaviour // TypeDefIndex: 1460"
"45888","struct","MatchCardItemInfo","1461","public struct MatchCardItemInfo // TypeDefIndex: 1461"
"45901","class","UIListItem_MatchCard","1462","public class UIListItem_MatchCard : MonoBehaviour // TypeDefIndex: 1462"
"45967","class","UIListItem_MateRaceMate.","1463","private sealed class UIListItem_MateRaceMate.<ScaleAnimation>d__11 : IEnumerator<object>, IEnumerator, IDisposable // TypeDefIndex: 1463"
"46008","class","UIListItem_MateRaceMate","1464","public class UIListItem_MateRaceMate : MonoBehaviour // TypeDefIndex: 1464"
"46050","class","UIListItem_MateRaceRewardRank","1465","public class UIListItem_MateRaceRewardRank : MonoBehaviour // TypeDefIndex: 1465"
"46072","class","UIListItem_RequestEvent_Band","1466","public class UIListItem_RequestEvent_Band : UIListItem_RequestEvent_Base // TypeDefIndex: 1466"
"46098","class","UIListItem_RequestEvent_Base","1467","public class UIListItem_RequestEvent_Base : UIListItem_Quest // TypeDefIndex: 1467"
"46161","class","UIListItem_RequestEvent_Bingo","1468","public class UIListItem_RequestEvent_Bingo : UIListItem_RequestEvent_Base // TypeDefIndex: 1468"
"46197","class","UIListItem_RequestEvent_CardPack","1469","public class UIListItem_RequestEvent_CardPack : UIListItem_RequestEvent_Base // TypeDefIndex: 1469"
"46230","class","UIListItem_RequestEvent_CumulativeQuest.","1470","private sealed class UIListItem_RequestEvent_CumulativeQuest.<>c // TypeDefIndex: 1470"
"46249","class","UIListItem_RequestEvent_CumulativeQuest","1471","public class UIListItem_RequestEvent_CumulativeQuest : UIListItem_RequestEvent_Base // TypeDefIndex: 1471"
"46278","class","UIListItem_RequestEvent_House","1472","public class UIListItem_RequestEvent_House : UIListItem_RequestEvent_Base // TypeDefIndex: 1472"
"46336","class","UIListItem_RequestEvent_Match3d","1473","public class UIListItem_RequestEvent_Match3d : UIListItem_RequestEvent_Base // TypeDefIndex: 1473"
"46345","class","UIListItem_RequestEvent_MatchCard","1474","public class UIListItem_RequestEvent_MatchCard : UIListItem_RequestEvent_Base // TypeDefIndex: 1474"
"46382","class","UIListItem_RequestEvent_MateRace","1475","public class UIListItem_RequestEvent_MateRace : UIListItem_RequestEvent_Base // TypeDefIndex: 1475"
"46431","class","UIListItem_RequestEvent_MiniGame","1476","public class UIListItem_RequestEvent_MiniGame : UIListItem_RequestEvent_Base // TypeDefIndex: 1476"
"46455","class","UIListItem_RequestEvent_Ocean","1477","public class UIListItem_RequestEvent_Ocean : UIListItem_RequestEvent_Base // TypeDefIndex: 1477"
"46513","class","UIListItem_RequestEvent_PointCollect","1478","public class UIListItem_RequestEvent_PointCollect : UIListItem_RequestEvent_Base // TypeDefIndex: 1478"
"46541","class","UIListItem_RequestEvent_Pudding","1479","public class UIListItem_RequestEvent_Pudding : UIListItem_RequestEvent_Base // TypeDefIndex: 1479"
"46599","class","UIListItem_RequestEvent_Spring","1480","public class UIListItem_RequestEvent_Spring : UIListItem_RequestEvent_Base // TypeDefIndex: 1480"
"46657","class","UIListItem_RequestEvent_TreasureSand","1481","public class UIListItem_RequestEvent_TreasureSand : UIListItem_RequestEvent_Base // TypeDefIndex: 1481"
"46688","class","UIListItem_RequestEvent_Uniform","1482","public class UIListItem_RequestEvent_Uniform : UIListItem_RequestEvent_Base // TypeDefIndex: 1482"
"46714","class","UIListItem_RequestEvent_WhiteDay","1483","public class UIListItem_RequestEvent_WhiteDay : UIListItem_RequestEvent_Base // TypeDefIndex: 1483"
"46745","class","UIListItem_RequestEvent_Winter","1484","public class UIListItem_RequestEvent_Winter : UIListItem_RequestEvent_Base // TypeDefIndex: 1484"
"46803","class","UIListItem_SeasonPass_RewardItem","1485","public class UIListItem_SeasonPass_RewardItem : MonoBehaviour // TypeDefIndex: 1485"
"46846","class","UIListitem_CartoonQuest","1486","public class UIListitem_CartoonQuest : MonoBehaviour // TypeDefIndex: 1486"
"46891","class","UIListitem_EventCartoonQuestItemSlot","1487","public class UIListitem_EventCartoonQuestItemSlot : MonoBehaviour // TypeDefIndex: 1487"
"46942","class","UIListitem_EventSummerFestival","1488","public class UIListitem_EventSummerFestival : MonoBehaviour // TypeDefIndex: 1488"
"46957","class","UIListitem_EventTreasureSandBlock","1489","public class UIListitem_EventTreasureSandBlock : MonoBehaviour // TypeDefIndex: 1489"
"47064","class","UIListitem_EventTreasureSandBlockList.","1490","private sealed class UIListitem_EventTreasureSandBlockList.<C_OpenBlock>d__9 : IEnumerator<object>, IEnumerator, IDisposable // TypeDefIndex: 1490"
"47105","class","UIListitem_EventTreasureSandBlockList","1491","public class UIListitem_EventTreasureSandBlockList : MonoBehaviour // TypeDefIndex: 1491"
"47140","class","UIListitem_EventTreasureSandCell","1492","public class UIListitem_EventTreasureSandCell : MonoBehaviour // TypeDefIndex: 1492"
"47181","class","UIListitem_Event_BandPackage.","1493","private sealed class UIListitem_Event_BandPackage.<>c__DisplayClass10_0 // TypeDefIndex: 1493"
"47197","class","UIListitem_Event_BandPackage","1494","public class UIListitem_Event_BandPackage : MonoBehaviour // TypeDefIndex: 1494"
"47239","class","UIListitem_Event_BandSheet.","1495","private sealed class UIListitem_Event_BandSheet.<StartPointAnimCo>d__17 : IEnumerator<object>, IEnumerator, IDisposable // TypeDefIndex: 1495"
"47282","class","UIListitem_Event_BandSheet","1496","public class UIListitem_Event_BandSheet : MonoBehaviour // TypeDefIndex: 1496"
"47338","class","UIListitem_Event_Fish","1497","public class UIListitem_Event_Fish : MonoBehaviour // TypeDefIndex: 1497"
"47376","class","UIListitem_Event_FishingCell.","1498","private sealed class UIListitem_Event_FishingCell.<>c // TypeDefIndex: 1498"
"47396","class","UIListitem_Event_FishingCell.","1499","private sealed class UIListitem_Event_FishingCell.<>c__DisplayClass15_0 // TypeDefIndex: 1499"
"47413","class","UIListitem_Event_FishingCell.","1500","private sealed class UIListitem_Event_FishingCell.<WaitOpenBlockInfoPopup>d__11 : IEnumerator<object>, IEnumerator, IDisposable // TypeDefIndex: 1500"
"47450","class","UIListitem_Event_FishingCell","1501","public class UIListitem_Event_FishingCell : MonoBehaviour // TypeDefIndex: 1501"
"47502","class","UIListitem_MateRaceNameTag","1502","public class UIListitem_MateRaceNameTag : MonoBehaviour // TypeDefIndex: 1502"
"47518","class","UIListitem_MissionPassAlarm","1503","public class UIListitem_MissionPassAlarm : MonoBehaviour // TypeDefIndex: 1503"
"47533","class","UIListitem_MissionPassBonusReward","1504","public class UIListitem_MissionPassBonusReward : MonoBehaviour // TypeDefIndex: 1504"
"47549","class","UIListitem_MissionPassQuest","1505","public class UIListitem_MissionPassQuest : MonoBehaviour // TypeDefIndex: 1505"
"47619","class","MissionPassRewardItemData","1506","public class MissionPassRewardItemData : InfiniteScrollData // TypeDefIndex: 1506"
"47637","class","UIListitem_MissionPassReward","1507","public class UIListitem_MissionPassReward : InfiniteScrollItem // TypeDefIndex: 1507"
"47733","class","UIListitem_RequestEvent_Cartoon","1508","public class UIListitem_RequestEvent_Cartoon : UIListItem_RequestEvent_Base // TypeDefIndex: 1508"
"47769","class","UIListitem_RequestEvent_SeasonPass","1509","public class UIListitem_RequestEvent_SeasonPass : UIListItem_RequestEvent_Base // TypeDefIndex: 1509"
"47803","class","UIListitem_RequestEvent_SummerFestival","1510","public class UIListitem_RequestEvent_SummerFestival : UIListItem_RequestEvent_Base // TypeDefIndex: 1510"
"47876","class","UIListitem_RequestMissionPass","1511","public class UIListitem_RequestMissionPass : MonoBehaviour // TypeDefIndex: 1511"
"47925","class","UIListitem_SeasonPass_Reward","1512","public class UIListitem_SeasonPass_Reward : MonoBehaviour // TypeDefIndex: 1512"
"47969","class","UiListitem_RequestEvent_Fishing","1513","public class UiListitem_RequestEvent_Fishing : UIListItem_RequestEvent_Base // TypeDefIndex: 1513"
"47994","class","ListItem_InGameBoard","1514","public class ListItem_InGameBoard : MonoBehaviour // TypeDefIndex: 1514"
"48026","class","UIInGame_RequestTimerCheck.Timer","1515","public sealed class UIInGame_RequestTimerCheck.Timer : MulticastDelegate // TypeDefIndex: 1515"
"48044","class","UIInGame_RequestTimerCheck","1516","public class UIInGame_RequestTimerCheck : MonoBehaviour // TypeDefIndex: 1516"
"48069","class","UIListItem_BlockSeq.","1517","private sealed class UIListItem_BlockSeq.<>c__DisplayClass41_0 // TypeDefIndex: 1517"
"48087","class","UIListItem_BlockSeq.","1518","private sealed class UIListItem_BlockSeq.<>c__DisplayClass43_0 // TypeDefIndex: 1518"
"48103","class","UIListItem_BlockSeq","1519","public class UIListItem_BlockSeq : MonoBehaviour // TypeDefIndex: 1519"
"48209","class","UIListItem_EventBingoSlot.","1520","private sealed class UIListItem_EventBingoSlot.<>c__DisplayClass29_0 // TypeDefIndex: 1520"
"48230","class","UIListItem_EventBingoSlot","1521","public class UIListItem_EventBingoSlot : MonoBehaviour // TypeDefIndex: 1521"
"48320","class","UIListItem_EventReward.","1522","private sealed class UIListItem_EventReward.<>c__DisplayClass5_0 // TypeDefIndex: 1522"
"48337","class","UIListItem_EventReward.","1523","private sealed class UIListItem_EventReward.<>c__DisplayClass5_1 // TypeDefIndex: 1523"
"48353","class","UIListItem_EventReward","1524","public class UIListItem_EventReward : MonoBehaviour // TypeDefIndex: 1524"
"48382","class","UIListItem_EventSlotHouse","1525","public class UIListItem_EventSlotHouse : MonoBehaviour // TypeDefIndex: 1525"
"48434","class","UIListItem_EventSurpriseBox","1526","public class UIListItem_EventSurpriseBox : MonoBehaviour // TypeDefIndex: 1526"
"48489","class","UIListItem_FabricateInfo","1527","public class UIListItem_FabricateInfo : MonoBehaviour // TypeDefIndex: 1527"
"48518","class","UIListItem_GridSeriouslyMerge","1528","public class UIListItem_GridSeriouslyMerge : MonoBehaviour // TypeDefIndex: 1528"
"48561","class","UIListItem_InvenSlot_Block_BM","1529","public class UIListItem_InvenSlot_Block_BM : MonoBehaviour // TypeDefIndex: 1529"
"48617","class","UIListItem_MaidSkin_AlernativeReward","1530","public class UIListItem_MaidSkin_AlernativeReward : MonoBehaviour // TypeDefIndex: 1530"
"48636","class","UIListItem_Quest.","1531","private sealed class UIListItem_Quest.<OnStartFinishRequest>d__23 : IEnumerator<object>, IEnumerator, IDisposable // TypeDefIndex: 1531"
"48682","class","UIListItem_Quest.","1532","private sealed class UIListItem_Quest.<OnStartNewRequest>d__22 : IEnumerator<object>, IEnumerator, IDisposable // TypeDefIndex: 1532"
"48721","class","UIListItem_Quest.","1533","private sealed class UIListItem_Quest.<OnStartNewTrayAnim>d__25 : IEnumerator<object>, IEnumerator, IDisposable // TypeDefIndex: 1533"
"48760","class","UIListItem_Quest.","1534","private sealed class UIListItem_Quest.<OnStartTrayFinishAnim>d__24 : IEnumerator<object>, IEnumerator, IDisposable // TypeDefIndex: 1534"
"48799","class","UIListItem_Quest","1535","public class UIListItem_Quest : MonoBehaviour // TypeDefIndex: 1535"
"48880","class","UIListItem_Request.","1536","private sealed class UIListItem_Request.<>c // TypeDefIndex: 1536"
"48900","class","UIListItem_Request.","1537","private sealed class UIListItem_Request.<>c__DisplayClass104_0 // TypeDefIndex: 1537"
"48917","class","UIListItem_Request.","1538","private sealed class UIListItem_Request.<>c__DisplayClass112_0 // TypeDefIndex: 1538"
"48933","class","UIListItem_Request.","1539","private sealed class UIListItem_Request.<>c__DisplayClass80_0 // TypeDefIndex: 1539"
"48950","class","UIListItem_Request.","1540","private sealed class UIListItem_Request.<OnCompleteFinish>d__96 : IEnumerator<object>, IEnumerator, IDisposable // TypeDefIndex: 1540"
"48989","class","UIListItem_Request.","1541","private sealed class UIListItem_Request.<OnOffDialog>d__107 : IEnumerator<object>, IEnumerator, IDisposable // TypeDefIndex: 1541"
"49032","class","UIListItem_Request.","1542","private sealed class UIListItem_Request.<TouchAnimTimer>d__109 : IEnumerator<object>, IEnumerator, IDisposable // TypeDefIndex: 1542"
"49071","class","UIListItem_Request","1543","public class UIListItem_Request : UIListItem_Quest // TypeDefIndex: 1543"
"49388","class","UIListItem_RequestItem","1544","public class UIListItem_RequestItem : MonoBehaviour // TypeDefIndex: 1544"
"49479","enum","MainPointSpineType","1545","public enum MainPointSpineType // TypeDefIndex: 1545"
"49491","class","MainPointSpineInfo","1546","public class MainPointSpineInfo // TypeDefIndex: 1546"
"49505","class","UIListItem_RequestMainPoint","1547","public class UIListItem_RequestMainPoint : MonoBehaviour // TypeDefIndex: 1547"
"49546","class","UIListItem_Request_SummerFestival","1548","public class UIListItem_Request_SummerFestival : MonoBehaviour // TypeDefIndex: 1548"
"49580","class","UIListItem_Reward.","1549","private sealed class UIListItem_Reward.<>c__DisplayClass8_0 // TypeDefIndex: 1549"
"49600","class","UIListItem_Reward.","1550","private sealed class UIListItem_Reward.<>c__DisplayClass8_1 // TypeDefIndex: 1550"
"49616","class","UIListItem_Reward","1551","public class UIListItem_Reward : MonoBehaviour // TypeDefIndex: 1551"
"49665","class","CutSceneAnim","1552","public class CutSceneAnim // TypeDefIndex: 1552"
"49682","class","UIListitem_CutSceneAnim.","1553","private sealed class UIListitem_CutSceneAnim.<>c // TypeDefIndex: 1553"
"49701","class","UIListitem_CutSceneAnim","1554","public class UIListitem_CutSceneAnim : MonoBehaviour // TypeDefIndex: 1554"
"49745","class","FabricateInitItemData","1555","public class FabricateInitItemData : InfiniteScrollData // TypeDefIndex: 1555"
"49759","class","UIListitem_FabricateInitBlock","1556","public class UIListitem_FabricateInitBlock : InfiniteScrollItem // TypeDefIndex: 1556"
"49803","class","FabricateRecipeItemData","1557","public class FabricateRecipeItemData : InfiniteScrollData // TypeDefIndex: 1557"
"49816","class","UIListitem_FabricateRecipeInfo","1558","public class UIListitem_FabricateRecipeInfo : InfiniteScrollItem // TypeDefIndex: 1558"
"49836","class","UIListitem_GroupQuestInfo","1559","public class UIListitem_GroupQuestInfo : MonoBehaviour // TypeDefIndex: 1559"
"49863","class","UIListitem_MaidAIChatCard","1560","public class UIListitem_MaidAIChatCard : MonoBehaviour // TypeDefIndex: 1560"
"49916","class","UIListitem_MaidCard","1561","public class UIListitem_MaidCard : MonoBehaviour // TypeDefIndex: 1561"
"49991","class","UIListitem_MainRoomQuestGroup.","1562","private sealed class UIListitem_MainRoomQuestGroup.<>c // TypeDefIndex: 1562"
"50011","class","UIListitem_MainRoomQuestGroup.","1563","private sealed class UIListitem_MainRoomQuestGroup.<>c__DisplayClass45_0 // TypeDefIndex: 1563"
"50027","class","UIListitem_MainRoomQuestGroup.","1564","private sealed class UIListitem_MainRoomQuestGroup.<FinishAnim>d__40 : IEnumerator<object>, IEnumerator, IDisposable // TypeDefIndex: 1564"
"50069","class","UIListitem_MainRoomQuestGroup.","1565","private sealed class UIListitem_MainRoomQuestGroup.<LayoutRebuild>d__48 : IEnumerator<object>, IEnumerator, IDisposable // TypeDefIndex: 1565"
"50108","class","UIListitem_MainRoomQuestGroup.","1566","private sealed class UIListitem_MainRoomQuestGroup.<OnOffDialog>d__43 : IEnumerator<object>, IEnumerator, IDisposable // TypeDefIndex: 1566"
"50149","class","UIListitem_MainRoomQuestGroup","1567","public class UIListitem_MainRoomQuestGroup : MonoBehaviour // TypeDefIndex: 1567"
"50275","class","UIListitem_PhotoCard.PhotoCardLVObjectInfo","1568","private class UIListitem_PhotoCard.PhotoCardLVObjectInfo // TypeDefIndex: 1568"
"50288","class","UIListitem_PhotoCard","1569","public class UIListitem_PhotoCard : MonoBehaviour // TypeDefIndex: 1569"
"50322","class","UIListitem_PhotoCardSpine","1570","public class UIListitem_PhotoCardSpine : MonoBehaviour // TypeDefIndex: 1570"
"50347","class","UIListitem_ProduceParentInfo","1571","public class UIListitem_ProduceParentInfo : MonoBehaviour // TypeDefIndex: 1571"
"50385","class","UIListitem_QuestInfoGroup.","1572","private sealed class UIListitem_QuestInfoGroup.<RebuildLayout>d__28 : IEnumerator<object>, IEnumerator, IDisposable // TypeDefIndex: 1572"
"50423","class","UIListitem_QuestInfoGroup","1573","public class UIListitem_QuestInfoGroup : MonoBehaviour // TypeDefIndex: 1573"
"50501","class","UIListitem_QuestInfoItem","1574","public class UIListitem_QuestInfoItem : MonoBehaviour // TypeDefIndex: 1574"
"50523","class","UIListitem_RandomQuestInfoGroup","1575","public class UIListitem_RandomQuestInfoGroup : MonoBehaviour // TypeDefIndex: 1575"
"50545","class","UIListitem_RequestDormitory.","1576","private sealed class UIListitem_RequestDormitory.<LinquidMoveCo>d__20 : IEnumerator<object>, IEnumerator, IDisposable // TypeDefIndex: 1576"
"50583","class","UIListitem_RequestDormitory","1577","public class UIListitem_RequestDormitory : MonoBehaviour // TypeDefIndex: 1577"
"50638","class","UIListitem_RequestRewardItem","1578","public class UIListitem_RequestRewardItem : MonoBehaviour // TypeDefIndex: 1578"
"50673","class","UIListitem_SeriouslyMergeSkillItem","1579","public class UIListitem_SeriouslyMergeSkillItem : MonoBehaviour // TypeDefIndex: 1579"
"50715","class","UIListItem_MaidNoteGift","1580","public class UIListItem_MaidNoteGift : MonoBehaviour, IBeginDragHandler, IEventSystemHandler, IDragHandler, IEndDragHandler, IPointerDownHandler, IPointerUpHandler, IPointerClickHandler // TypeDefIndex: 1580"
"50812","class","UIListItem_MaidTeamEditor","1581","public class UIListItem_MaidTeamEditor : MonoBehaviour // TypeDefIndex: 1581"
"50827","class","UIListItem_PresetBtn","1582","public class UIListItem_PresetBtn : MonoBehaviour // TypeDefIndex: 1582"
"50849","class","UIListitem_CostumeChangeBtn","1583","public class UIListitem_CostumeChangeBtn : MonoBehaviour // TypeDefIndex: 1583"
"50902","enum","InGameResItemStatus","1584","public enum InGameResItemStatus // TypeDefIndex: 1584"
"50915","class","UIListitem_InGameResItem","1585","public class UIListitem_InGameResItem : MonoBehaviour // TypeDefIndex: 1585"
"50991","class","UIListitem_MaidAlbumGroup","1586","public class UIListitem_MaidAlbumGroup : MonoBehaviour // TypeDefIndex: 1586"
"51055","class","UIListitem_MaidAlbumItem","1587","public class UIListitem_MaidAlbumItem : MonoBehaviour // TypeDefIndex: 1587"
"51079","class","UIListitem_MaidFormation","1588","public class UIListitem_MaidFormation : MonoBehaviour // TypeDefIndex: 1588"
"51133","class","UIListitem_RemodelingRoomGroup","1589","public class UIListitem_RemodelingRoomGroup : MonoBehaviour // TypeDefIndex: 1589"
"51181","class","UIListitem_TeamFormationNpc","1590","public class UIListitem_TeamFormationNpc : MonoBehaviour // TypeDefIndex: 1590"
"51232","class","UIMaidNote_Album","1591","public class UIMaidNote_Album : MonoBehaviour // TypeDefIndex: 1591"
"51266","class","UIMaidNote_Collection.","1592","private sealed class UIMaidNote_Collection.<>c__DisplayClass40_0 // TypeDefIndex: 1592"
"51283","class","UIMaidNote_Collection.","1593","private sealed class UIMaidNote_Collection.<>c__DisplayClass41_0 // TypeDefIndex: 1593"
"51299","class","UIMaidNote_Collection","1594","public class UIMaidNote_Collection : MonoBehaviour // TypeDefIndex: 1594"
"51469","class","UIMaidNote_Customer","1595","public class UIMaidNote_Customer : MonoBehaviour // TypeDefIndex: 1595"
"51554","class","UIMaidNote_Remodeling","1596","public class UIMaidNote_Remodeling : MonoBehaviour // TypeDefIndex: 1596"
"51605","class","UIMaidNote_StoryReplay.","1597","private sealed class UIMaidNote_StoryReplay.<>c // TypeDefIndex: 1597"
"51625","struct","UIMaidNote_StoryReplay.","1598","private struct UIMaidNote_StoryReplay.<>c__DisplayClass31_0 // TypeDefIndex: 1598"
"51633","class","UIMaidNote_StoryReplay.","1599","private sealed class UIMaidNote_StoryReplay.<>c__DisplayClass32_0 // TypeDefIndex: 1599"
"51653","struct","UIMaidNote_StoryReplay.","1600","private struct UIMaidNote_StoryReplay.<>c__DisplayClass33_0 // TypeDefIndex: 1600"
"51661","struct","UIMaidNote_StoryReplay.","1601","private struct UIMaidNote_StoryReplay.<>c__DisplayClass49_0 // TypeDefIndex: 1601"
"51668","class","UIMaidNote_StoryReplay","1602","public class UIMaidNote_StoryReplay : MonoBehaviour // TypeDefIndex: 1602"
"51806","class","MemoryCardSkillUI","1603","public class MemoryCardSkillUI // TypeDefIndex: 1603"
"51823","class","UIMaidNote_TeamFormation.","1604","private sealed class UIMaidNote_TeamFormation.<>c__DisplayClass34_0 // TypeDefIndex: 1604"
"51839","class","UIMaidNote_TeamFormation","1605","public class UIMaidNote_TeamFormation : MonoBehaviour // TypeDefIndex: 1605"
"52029","class","UIListItem_LevelStars","1606","public class UIListItem_LevelStars : MonoBehaviour // TypeDefIndex: 1606"
"52072","class","UIListItem_MemoryCardChanceInfo","1607","public class UIListItem_MemoryCardChanceInfo : MonoBehaviour // TypeDefIndex: 1607"
"52090","class","UIListItem_MemoryCardShop","1608","public class UIListItem_MemoryCardShop : MonoBehaviour // TypeDefIndex: 1608"
"52152","class","UIListItem_MemoryCardShop_Normal","1609","public class UIListItem_MemoryCardShop_Normal : MonoBehaviour // TypeDefIndex: 1609"
"52179","class","MemoryCardTabButton","1610","public class MemoryCardTabButton : MonoBehaviour // TypeDefIndex: 1610"
"52198","class","UIListItem_TeamFormation_MemoryCardSlot.","1611","private sealed class UIListItem_TeamFormation_MemoryCardSlot.<>c__DisplayClass34_0 // TypeDefIndex: 1611"
"52213","class","UIListItem_TeamFormation_MemoryCardSlot","1612","public class UIListItem_TeamFormation_MemoryCardSlot : MonoBehaviour // TypeDefIndex: 1612"
"52321","class","UIListitem_CumulativeReward","1613","public class UIListitem_CumulativeReward : MonoBehaviour // TypeDefIndex: 1613"
"52354","struct","BloodWarmSizeInfo","1614","public struct BloodWarmSizeInfo // TypeDefIndex: 1614"
"52368","struct","BloodWarmHpInfo","1615","public struct BloodWarmHpInfo // TypeDefIndex: 1615"
"52378","class","UIListitem_MiniGame_BloodWorm.","1616","private sealed class UIListitem_MiniGame_BloodWorm.<StartCounting>d__39 : IEnumerator<object>, IEnumerator, IDisposable // TypeDefIndex: 1616"
"52418","class","UIListitem_MiniGame_BloodWorm","1617","public class UIListitem_MiniGame_BloodWorm : MonoBehaviour // TypeDefIndex: 1617"
"52524","struct","BloodWormObjectInfo","1618","public struct BloodWormObjectInfo // TypeDefIndex: 1618"
"52534","class","UIListitem_MiniGame_BloodWormTarget.","1619","private sealed class UIListitem_MiniGame_BloodWormTarget.<MoveCatched>d__17 : IEnumerator<object>, IEnumerator, IDisposable // TypeDefIndex: 1619"
"52576","class","UIListitem_MiniGame_BloodWormTarget.","1620","private sealed class UIListitem_MiniGame_BloodWormTarget.<MoveTarget>d__16 : IEnumerator<object>, IEnumerator, IDisposable // TypeDefIndex: 1620"
"52617","class","UIListitem_MiniGame_BloodWormTarget","1621","public class UIListitem_MiniGame_BloodWormTarget : MonoBehaviour // TypeDefIndex: 1621"
"52665","struct","PuddingJumpStepInfo","1622","public struct PuddingJumpStepInfo // TypeDefIndex: 1622"
"52678","class","UIListitem_MiniGame_PuddingJump.","1623","private sealed class UIListitem_MiniGame_PuddingJump.<StartCounting>d__62 : IEnumerator<object>, IEnumerator, IDisposable // TypeDefIndex: 1623"
"52719","class","UIListitem_MiniGame_PuddingJump.","1624","private sealed class UIListitem_MiniGame_PuddingJump.<StartScrollMove>d__67 : IEnumerator<object>, IEnumerator, IDisposable // TypeDefIndex: 1624"
"52761","class","UIListitem_MiniGame_PuddingJump.","1625","private sealed class UIListitem_MiniGame_PuddingJump.<WarningObjectInstance>d__65 : IEnumerator<object>, IEnumerator, IDisposable // TypeDefIndex: 1625"
"52802","class","UIListitem_MiniGame_PuddingJump","1626","public class UIListitem_MiniGame_PuddingJump : MonoBehaviour // TypeDefIndex: 1626"
"52981","class","UIListitem_MiniGame_VendingMachine.","1627","private sealed class UIListitem_MiniGame_VendingMachine.<StartOnTarget>d__42 : IEnumerator<object>, IEnumerator, IDisposable // TypeDefIndex: 1627"
"53022","class","UIListitem_MiniGame_VendingMachine.","1628","private sealed class UIListitem_MiniGame_VendingMachine.<StartReplayRoundAnim>d__48 : IEnumerator<object>, IEnumerator, IDisposable // TypeDefIndex: 1628"
"53063","class","UIListitem_MiniGame_VendingMachine","1629","public class UIListitem_MiniGame_VendingMachine : MonoBehaviour // TypeDefIndex: 1629"
"53194","enum","VendingMachineBtnType","1630","public enum VendingMachineBtnType // TypeDefIndex: 1630"
"53207","class","VendingMachineBtnInfo","1631","public class VendingMachineBtnInfo // TypeDefIndex: 1631"
"53221","class","UIListitem_MiniGame_VendingMachineTarget","1632","public class UIListitem_MiniGame_VendingMachineTarget : MonoBehaviour // TypeDefIndex: 1632"
"53259","class","UIListitem_PuddingJump_Char","1633","public class UIListitem_PuddingJump_Char : MonoBehaviour // TypeDefIndex: 1633"
"53323","class","EventPuddingJumpPuddingInfo","1634","public class EventPuddingJumpPuddingInfo // TypeDefIndex: 1634"
"53345","class","UIListitem_PuddingJump_Pudding.","1635","private sealed class UIListitem_PuddingJump_Pudding.<>c // TypeDefIndex: 1635"
"53365","class","UIListitem_PuddingJump_Pudding.","1636","private sealed class UIListitem_PuddingJump_Pudding.<CheckPuddingType>d__18 : IEnumerator<object>, IEnumerator, IDisposable // TypeDefIndex: 1636"
"53405","class","UIListitem_PuddingJump_Pudding.","1637","private sealed class UIListitem_PuddingJump_Pudding.<MovePudding>d__19 : IEnumerator<object>, IEnumerator, IDisposable // TypeDefIndex: 1637"
"53447","class","UIListitem_PuddingJump_Pudding.","1638","private sealed class UIListitem_PuddingJump_Pudding.<MoveSpoon>d__20 : IEnumerator<object>, IEnumerator, IDisposable // TypeDefIndex: 1638"
"53488","class","UIListitem_PuddingJump_Pudding","1639","public class UIListitem_PuddingJump_Pudding : MonoBehaviour // TypeDefIndex: 1639"
"53543","class","UIListItem_ChooseDormitory.","1640","private sealed class UIListItem_ChooseDormitory.<ScaleAnimation>d__14 : IEnumerator<object>, IEnumerator, IDisposable // TypeDefIndex: 1640"
"53584","class","UIListItem_ChooseDormitory","1641","public class UIListItem_ChooseDormitory : MonoBehaviour // TypeDefIndex: 1641"
"53635","class","UIListItem_Language","1642","public class UIListItem_Language : MonoBehaviour // TypeDefIndex: 1642"
"53661","class","UIListItem_CardPackTierRate","1643","public class UIListItem_CardPackTierRate : MonoBehaviour // TypeDefIndex: 1643"
"53680","class","UIListItem_HighKuji_RankReward","1644","public class UIListItem_HighKuji_RankReward : MonoBehaviour // TypeDefIndex: 1644"
"53721","class","UIListItem_HighKuji_RateItem","1645","public class UIListItem_HighKuji_RateItem : MonoBehaviour // TypeDefIndex: 1645"
"53742","class","UIListItem_HighKuji_ResultTicket","1646","public class UIListItem_HighKuji_ResultTicket : MonoBehaviour // TypeDefIndex: 1646"
"53760","class","UIListItem_HighKuji_Select","1647","public class UIListItem_HighKuji_Select : MonoBehaviour // TypeDefIndex: 1647"
"53809","class","UIListItem_HighKuji_TicketCount","1648","public class UIListItem_HighKuji_TicketCount : MonoBehaviour // TypeDefIndex: 1648"
"53826","class","UIListItem_MemoryTicketExchangeShop.","1649","private sealed class UIListItem_MemoryTicketExchangeShop.<>c__DisplayClass2_0 // TypeDefIndex: 1649"
"53842","class","UIListItem_MemoryTicketExchangeShop","1650","public class UIListItem_MemoryTicketExchangeShop : UIListItem_ShopBase // TypeDefIndex: 1650"
"53891","class","UIListItem_PackageIcon_CardPack","1651","public class UIListItem_PackageIcon_CardPack : UIListitem_PackageIconBase // TypeDefIndex: 1651"
"53912","class","UIListItem_RouletteSlot","1652","public class UIListItem_RouletteSlot : MonoBehaviour // TypeDefIndex: 1652"
"53938","class","UIListItem_Roulette_RateItem","1653","public class UIListItem_Roulette_RateItem : MonoBehaviour // TypeDefIndex: 1653"
"53959","class","UIListItem_ShopBase","1654","public abstract class UIListItem_ShopBase : MonoBehaviour // TypeDefIndex: 1654"
"54016","class","UIListItem_ShopBlock","1655","public class UIListItem_ShopBlock : UIListItem_ShopBase // TypeDefIndex: 1655"
"54056","class","UIListItem_Currency.","1656","private sealed class UIListItem_Currency.<>c__DisplayClass10_0 // TypeDefIndex: 1656"
"54073","class","UIListItem_Currency.","1657","private sealed class UIListItem_Currency.<>c__DisplayClass11_0 // TypeDefIndex: 1657"
"54090","class","UIListItem_Currency.","1658","private sealed class UIListItem_Currency.<>c__DisplayClass17_0 // TypeDefIndex: 1658"
"54106","class","UIListItem_Currency","1659","public class UIListItem_Currency : UIListItem_ShopBase // TypeDefIndex: 1659"
"54185","class","UIListItem_ShopDaily.","1660","private sealed class UIListItem_ShopDaily.<>c__DisplayClass6_0 // TypeDefIndex: 1660"
"54202","class","UIListItem_ShopDaily.","1661","private sealed class UIListItem_ShopDaily.<>c__DisplayClass9_0 // TypeDefIndex: 1661"
"54218","class","UIListItem_ShopDaily","1662","public class UIListItem_ShopDaily : UIListItem_ShopBase // TypeDefIndex: 1662"
"54266","class","UIListItem_ShopNormal.","1663","private sealed class UIListItem_ShopNormal.<>c__DisplayClass20_0 // TypeDefIndex: 1663"
"54283","class","UIListItem_ShopNormal.","1664","private sealed class UIListItem_ShopNormal.<>c__DisplayClass21_0 // TypeDefIndex: 1664"
"54300","class","UIListItem_ShopNormal.","1665","private sealed class UIListItem_ShopNormal.<>c__DisplayClass23_0 // TypeDefIndex: 1665"
"54316","class","UIListItem_ShopNormal","1666","public class UIListItem_ShopNormal : MonoBehaviour // TypeDefIndex: 1666"
"54414","class","UIListItem_ShopTitleBlock.","1667","private sealed class UIListItem_ShopTitleBlock.<DelayedRefresh>d__7 : IEnumerator<object>, IEnumerator, IDisposable // TypeDefIndex: 1667"
"54452","class","UIListItem_ShopTitleBlock","1668","public class UIListItem_ShopTitleBlock : MonoBehaviour // TypeDefIndex: 1668"
"54488","class","UIListItem_ShopTitleDaily.","1669","private sealed class UIListItem_ShopTitleDaily.<DelayedRefresh>d__8 : IEnumerator<object>, IEnumerator, IDisposable // TypeDefIndex: 1669"
"54526","class","UIListItem_ShopTitleDaily","1670","public class UIListItem_ShopTitleDaily : MonoBehaviour // TypeDefIndex: 1670"
"54561","class","UIListItem_ShopTitleMemoryTicket.","1671","private sealed class UIListItem_ShopTitleMemoryTicket.<DelayedRefresh>d__8 : IEnumerator<object>, IEnumerator, IDisposable // TypeDefIndex: 1671"
"54599","class","UIListItem_ShopTitleMemoryTicket","1672","public class UIListItem_ShopTitleMemoryTicket : MonoBehaviour // TypeDefIndex: 1672"
"54633","class","UIListitem_GemJarPackage","1673","public class UIListitem_GemJarPackage : MonoBehaviour // TypeDefIndex: 1673"
"54671","class","UIListitem_GemjarProgress","1674","public class UIListitem_GemjarProgress : MonoBehaviour // TypeDefIndex: 1674"
"54720","class","UIListitem_Package.","1675","private sealed class UIListitem_Package.<>c // TypeDefIndex: 1675"
"54739","class","UIListitem_Package","1676","public class UIListitem_Package : MonoBehaviour // TypeDefIndex: 1676"
"54803","class","UIListitem_PackageIconBase","1677","public class UIListitem_PackageIconBase : MonoBehaviour // TypeDefIndex: 1677"
"54844","class","UIListitem_PackageIcon_Costume","1678","public class UIListitem_PackageIcon_Costume : UIListitem_PackageIconBase // TypeDefIndex: 1678"
"54860","class","UIListitem_PackageIcon_SeasonPass","1679","public class UIListitem_PackageIcon_SeasonPass : UIListitem_PackageIconBase // TypeDefIndex: 1679"
"54882","class","UIListitem_ShopCostume.","1680","private sealed class UIListitem_ShopCostume.<DelaySetting>d__24 : IEnumerator<object>, IEnumerator, IDisposable // TypeDefIndex: 1680"
"54920","class","UIListitem_ShopCostume","1681","public class UIListitem_ShopCostume : MonoBehaviour // TypeDefIndex: 1681"
"55007","class","UIListitem_ShopCostumeItem","1682","public class UIListitem_ShopCostumeItem : MonoBehaviour // TypeDefIndex: 1682"
"55058","class","UIListitem_ShopHighKujiTicket.","1683","private sealed class UIListitem_ShopHighKujiTicket.<>c // TypeDefIndex: 1683"
"55078","class","UIListitem_ShopHighKujiTicket.","1684","private sealed class UIListitem_ShopHighKujiTicket.<>c__DisplayClass18_0 // TypeDefIndex: 1684"
"55094","class","UIListitem_ShopHighKujiTicket","1685","public class UIListitem_ShopHighKujiTicket : MonoBehaviour // TypeDefIndex: 1685"
"55154","class","UIListitem_ShopHighKujiTicketGroup","1686","public class UIListitem_ShopHighKujiTicketGroup : MonoBehaviour // TypeDefIndex: 1686"
"55202","class","UIListitem_ShopMaidGift","1687","public class UIListitem_ShopMaidGift : UIListItem_ShopBase // TypeDefIndex: 1687"
"55244","class","UIListitem_ShopMemoryTicket","1688","public class UIListitem_ShopMemoryTicket : MonoBehaviour // TypeDefIndex: 1688"
"55264","class","UIListitem_ShopMemoryTicketItem","1689","public class UIListitem_ShopMemoryTicketItem : MonoBehaviour // TypeDefIndex: 1689"
"55299","class","UIListitem_ShopSummerFestival.","1690","private sealed class UIListitem_ShopSummerFestival.<>c // TypeDefIndex: 1690"
"55319","class","UIListitem_ShopSummerFestival.","1691","private sealed class UIListitem_ShopSummerFestival.<>c__DisplayClass2_0 // TypeDefIndex: 1691"
"55335","class","UIListitem_ShopSummerFestival","1692","public class UIListitem_ShopSummerFestival : UIListItem_ShopBase // TypeDefIndex: 1692"
"55375","class","UIListitem_ShopTitleMaidGift.","1693","private sealed class UIListitem_ShopTitleMaidGift.<DelayedRefresh>d__7 : IEnumerator<object>, IEnumerator, IDisposable // TypeDefIndex: 1693"
"55413","class","UIListitem_ShopTitleMaidGift","1694","public class UIListitem_ShopTitleMaidGift : MonoBehaviour // TypeDefIndex: 1694"
"55448","class","UIListitem_SpecialBlockPackageQuest","1695","public class UIListitem_SpecialBlockPackageQuest : MonoBehaviour // TypeDefIndex: 1695"
"55465","class","UIListItem_StoryDialog.","1696","private sealed class UIListItem_StoryDialog.<Shake>d__33 : IEnumerator<object>, IEnumerator, IDisposable // TypeDefIndex: 1696"
"55505","class","UIListItem_StoryDialog.","1697","private sealed class UIListItem_StoryDialog.<ShowDialog>d__31 : IEnumerator<object>, IEnumerator, IDisposable // TypeDefIndex: 1697"
"55548","class","UIListItem_StoryDialog","1698","public class UIListItem_StoryDialog : MonoBehaviour // TypeDefIndex: 1698"
"55634","class","UIListItem_StoryStartQuest","1699","public class UIListItem_StoryStartQuest : MonoBehaviour // TypeDefIndex: 1699"
"55663","struct","BGFadeInfo","1700","public struct BGFadeInfo // TypeDefIndex: 1700"
"55674","struct","BGFadeTweenInfo","1701","public struct BGFadeTweenInfo // TypeDefIndex: 1701"
"55683","class","UIListitem_StoryBG.","1702","private sealed class UIListitem_StoryBG.<>c__DisplayClass30_0 // TypeDefIndex: 1702"
"55700","class","UIListitem_StoryBG.","1703","private sealed class UIListitem_StoryBG.<>c__DisplayClass32_0 // TypeDefIndex: 1703"
"55717","class","UIListitem_StoryBG.","1704","private sealed class UIListitem_StoryBG.<>c__DisplayClass34_0 // TypeDefIndex: 1704"
"55733","class","UIListitem_StoryBG.","1705","private sealed class UIListitem_StoryBG.<Shake>d__33 : IEnumerator<object>, IEnumerator, IDisposable // TypeDefIndex: 1705"
"55773","class","UIListitem_StoryBG","1706","public class UIListitem_StoryBG : MonoBehaviour // TypeDefIndex: 1706"
"55865","class","StoryBGItemInfo","1707","public class StoryBGItemInfo // TypeDefIndex: 1707"
"55881","class","UIListitem_StoryBGItem.","1708","private sealed class UIListitem_StoryBGItem.<>c__DisplayClass4_0 // TypeDefIndex: 1708"
"55896","class","UIListitem_StoryBGItem","1709","public class UIListitem_StoryBGItem : MonoBehaviour // TypeDefIndex: 1709"
"55920","class","StoryCharMovePoint","1710","public class StoryCharMovePoint // TypeDefIndex: 1710"
"55934","class","StoryCameraZoomInfo","1711","public class StoryCameraZoomInfo // TypeDefIndex: 1711"
"55948","class","UIListitem_StoryCharGroup.","1712","private sealed class UIListitem_StoryCharGroup.<>c__DisplayClass16_0 // TypeDefIndex: 1712"
"55978","class","UIListitem_StoryCharGroup.","1713","private sealed class UIListitem_StoryCharGroup.<>c__DisplayClass16_1 // TypeDefIndex: 1713"
"55995","class","UIListitem_StoryCharGroup.","1714","private sealed class UIListitem_StoryCharGroup.<>c__DisplayClass19_0 // TypeDefIndex: 1714"
"56010","class","UIListitem_StoryCharGroup","1715","public class UIListitem_StoryCharGroup : MonoBehaviour // TypeDefIndex: 1715"
"56078","enum","StoryCharDir","1716","public enum StoryCharDir // TypeDefIndex: 1716"
"56089","enum","StoryCharDepth","1717","public enum StoryCharDepth // TypeDefIndex: 1717"
"56100","class","UIListitem_StoryCharInfo.","1718","private sealed class UIListitem_StoryCharInfo.<>c__DisplayClass28_0 // TypeDefIndex: 1718"
"56120","class","UIListitem_StoryCharInfo.","1719","private sealed class UIListitem_StoryCharInfo.<>c__DisplayClass32_0 // TypeDefIndex: 1719"
"56141","class","UIListitem_StoryCharInfo.","1720","private sealed class UIListitem_StoryCharInfo.<SetEnterColorTween>d__35 : IEnumerator<object>, IEnumerator, IDisposable // TypeDefIndex: 1720"
"56181","class","UIListitem_StoryCharInfo.","1721","private sealed class UIListitem_StoryCharInfo.<SetExitColorTween>d__36 : IEnumerator<object>, IEnumerator, IDisposable // TypeDefIndex: 1721"
"56220","class","UIListitem_StoryCharInfo","1722","public class UIListitem_StoryCharInfo : MonoBehaviour // TypeDefIndex: 1722"
"56329","class","UIListitem_StoryLog.","1723","private sealed class UIListitem_StoryLog.<RebuildLayout>d__6 : IEnumerator<object>, IEnumerator, IDisposable // TypeDefIndex: 1723"
"56367","class","UIListitem_StoryLog","1724","public class UIListitem_StoryLog : MonoBehaviour // TypeDefIndex: 1724"
"56395","class","UIListitem_StoryLogItem","1725","public class UIListitem_StoryLogItem : MonoBehaviour // TypeDefIndex: 1725"
"56422","class","UIListitem_StoryPopupImage.","1726","private sealed class UIListitem_StoryPopupImage.<>c__DisplayClass4_0 // TypeDefIndex: 1726"
"56438","class","UIListitem_StoryPopupImage","1727","public class UIListitem_StoryPopupImage : MonoBehaviour // TypeDefIndex: 1727"
"56464","class","UIListitem_StorySelectBtn","1728","public class UIListitem_StorySelectBtn : MonoBehaviour // TypeDefIndex: 1728"
"56492","class","UIListitem_StorySelectBtnItem","1729","public class UIListitem_StorySelectBtnItem : MonoBehaviour // TypeDefIndex: 1729"
"56523","class","UIListitem_StorySummary.","1730","private sealed class UIListitem_StorySummary.<>c // TypeDefIndex: 1730"
"56542","class","UIListitem_StorySummary","1731","public class UIListitem_StorySummary : MonoBehaviour // TypeDefIndex: 1731"
"56591","class","UILIstitem_WorkLogReward","1732","public class UILIstitem_WorkLogReward : MonoBehaviour // TypeDefIndex: 1732"
"56625","class","UIListItem_BoxReward.","1733","private sealed class UIListItem_BoxReward.<>c__DisplayClass4_0 // TypeDefIndex: 1733"
"56642","class","UIListItem_BoxReward.","1734","private sealed class UIListItem_BoxReward.<>c__DisplayClass4_1 // TypeDefIndex: 1734"
"56658","class","UIListItem_BoxReward","1735","public class UIListItem_BoxReward : MonoBehaviour // TypeDefIndex: 1735"
"56692","class","UIListItem_Collectible","1736","public class UIListItem_Collectible : MonoBehaviour // TypeDefIndex: 1736"
"56728","class","BlockCollectionItemData","1737","public class BlockCollectionItemData : InfiniteScrollData // TypeDefIndex: 1737"
"56743","class","UIListItem_Collection","1738","public class UIListItem_Collection : InfiniteScrollItem // TypeDefIndex: 1738"
"56806","class","UIListItem_CollectionCustomerSeq","1739","public class UIListItem_CollectionCustomerSeq : MonoBehaviour // TypeDefIndex: 1739"
"56856","class","UIListItem_CollectionFurnitrueSeq","1740","public class UIListItem_CollectionFurnitrueSeq : MonoBehaviour // TypeDefIndex: 1740"
"56882","class","UIListItem_CouponCard","1741","public class UIListItem_CouponCard : MonoBehaviour // TypeDefIndex: 1741"
"56905","class","UIListItem_EventSlotReward","1742","public class UIListItem_EventSlotReward : MonoBehaviour // TypeDefIndex: 1742"
"56932","class","UIListItem_GoldenWorm.","1743","private sealed class UIListItem_GoldenWorm.<>c // TypeDefIndex: 1743"
"56952","class","UIListItem_GoldenWorm.","1744","private sealed class UIListItem_GoldenWorm.<>c__DisplayClass26_0 // TypeDefIndex: 1744"
"56967","class","UIListItem_GoldenWorm","1745","public class UIListItem_GoldenWorm : MonoBehaviour // TypeDefIndex: 1745"
"57064","class","UIListItem_InvenSlot_Block","1746","public class UIListItem_InvenSlot_Block : MonoBehaviour // TypeDefIndex: 1746"
"57156","class","UIListItem_InvenSlot_ProduceBlock","1747","public class UIListItem_InvenSlot_ProduceBlock : MonoBehaviour // TypeDefIndex: 1747"
"57226","class","UIListItem_MaidSelect","1748","public class UIListItem_MaidSelect : MonoBehaviour // TypeDefIndex: 1748"
"57277","class","UIListItem_MaidSelectBox","1749","public class UIListItem_MaidSelectBox : MonoBehaviour // TypeDefIndex: 1749"
"57329","struct","UIListItem_MemoryArchiveCard.","1750","private struct UIListItem_MemoryArchiveCard.<ApplyPreviewImageAsync>d__12 : IAsyncStateMachine // TypeDefIndex: 1750"
"57349","class","UIListItem_MemoryArchiveCard","1751","public class UIListItem_MemoryArchiveCard : MonoBehaviour // TypeDefIndex: 1751"
"57407","class","UIListItem_MemoryCard.","1752","private sealed class UIListItem_MemoryCard.<CoDelayShowDetailsFallback>d__48 : IEnumerator<object>, IEnumerator, IDisposable // TypeDefIndex: 1752"
"57445","class","UIListItem_MemoryCard","1753","public class UIListItem_MemoryCard : MonoBehaviour // TypeDefIndex: 1753"
"57604","class","UIListItem_MemoryCard_Gallery","1754","public class UIListItem_MemoryCard_Gallery : InfiniteScrollItem // TypeDefIndex: 1754"
"57666","class","UIListItem_Notice","1755","public class UIListItem_Notice : UIListItem_NoticeBase // TypeDefIndex: 1755"
"57682","class","UIListItem_NoticeAds","1756","public class UIListItem_NoticeAds : UIListItem_NoticeBase // TypeDefIndex: 1756"
"57707","class","UIListItem_NoticeBase","1757","public abstract class UIListItem_NoticeBase : MonoBehaviour // TypeDefIndex: 1757"
"57765","class","UIListItem_Notice_Sns.","1758","private sealed class UIListItem_Notice_Sns.<CheckExternalTaskCompetion>d__11 : IEnumerator<object>, IEnumerator, IDisposable // TypeDefIndex: 1758"
"57804","class","UIListItem_Notice_Sns","1759","public class UIListItem_Notice_Sns : MonoBehaviour // TypeDefIndex: 1759"
"57853","class","UIListItem_NotificationText","1760","public class UIListItem_NotificationText : MonoBehaviour // TypeDefIndex: 1760"
"57876","class","UIListItem_PuddingReward","1761","public class UIListItem_PuddingReward : MonoBehaviour // TypeDefIndex: 1761"
"57906","class","UIListItem_RoomFurnitrueSeq.","1762","private sealed class UIListItem_RoomFurnitrueSeq.<>c // TypeDefIndex: 1762"
"57930","class","UIListItem_RoomFurnitrueSeq.","1763","private sealed class UIListItem_RoomFurnitrueSeq.<>c__DisplayClass13_0 // TypeDefIndex: 1763"
"57950","class","UIListItem_RoomFurnitrueSeq","1764","public class UIListItem_RoomFurnitrueSeq : MonoBehaviour // TypeDefIndex: 1764"
"57994","class","UIListItem_TabSlot_Collection","1765","public class UIListItem_TabSlot_Collection : MonoBehaviour // TypeDefIndex: 1765"
"58037","class","UIListItem_VideoBonus","1766","public class UIListItem_VideoBonus : UIListItem_BoxReward // TypeDefIndex: 1766"
"58060","class","UIListItem_WorkLog_DayTab","1767","public class UIListItem_WorkLog_DayTab : MonoBehaviour // TypeDefIndex: 1767"
"58110","class","UIListItem_WorkLog_InGame","1768","public class UIListItem_WorkLog_InGame : MonoBehaviour // TypeDefIndex: 1768"
"58150","class","UIListitem_AttendanceDaily.","1769","private sealed class UIListitem_AttendanceDaily.<>c // TypeDefIndex: 1769"
"58170","class","UIListitem_AttendanceDaily.","1770","private sealed class UIListitem_AttendanceDaily.<GiftGetAnim>d__17 : IEnumerator<object>, IEnumerator, IDisposable // TypeDefIndex: 1770"
"58208","class","UIListitem_AttendanceDaily","1771","public class UIListitem_AttendanceDaily : MonoBehaviour // TypeDefIndex: 1771"
"58255","class","UIListitem_Attendance_Day7.","1772","private sealed class UIListitem_Attendance_Day7.<ScrollMove>d__5 : IEnumerator<object>, IEnumerator, IDisposable // TypeDefIndex: 1772"
"58294","class","UIListitem_Attendance_Day7","1773","public class UIListitem_Attendance_Day7 : UIListitem_AttendanceDaily // TypeDefIndex: 1773"
"58319","class","UIListitem_BenefitMore","1774","public class UIListitem_BenefitMore : MonoBehaviour // TypeDefIndex: 1774"
"58361","class","UIListitem_BenefitSale","1775","public class UIListitem_BenefitSale : MonoBehaviour // TypeDefIndex: 1775"
"58403","class","CollectionCategoryitemData","1776","public class CollectionCategoryitemData : InfiniteScrollData // TypeDefIndex: 1776"
"58422","class","UIListitem_CollectionCategory","1777","public class UIListitem_CollectionCategory : InfiniteScrollItem // TypeDefIndex: 1777"
"58488","class","UIListitem_DailyMission","1778","public class UIListitem_DailyMission : MonoBehaviour // TypeDefIndex: 1778"
"58497","class","UIListitem_EnergyBottle","1779","public class UIListitem_EnergyBottle : MonoBehaviour // TypeDefIndex: 1779"
"58531","class","UIListitem_LevelPassReward","1780","public class UIListitem_LevelPassReward : InfiniteScrollItem // TypeDefIndex: 1780"
"58587","class","UIListitem_LikeReward_Customer","1781","public class UIListitem_LikeReward_Customer : MonoBehaviour // TypeDefIndex: 1781"
"58643","class","UIListitem_MaidCouponSelect","1782","public class UIListitem_MaidCouponSelect : MonoBehaviour // TypeDefIndex: 1782"
"58695","class","UIListitem_MaidReward","1783","public class UIListitem_MaidReward : MonoBehaviour // TypeDefIndex: 1783"
"58755","class","UIListitem_MateRaceTrack.","1784","private sealed class UIListitem_MateRaceTrack.<SliderAnim>d__8 : IEnumerator<object>, IEnumerator, IDisposable // TypeDefIndex: 1784"
"58798","class","UIListitem_MateRaceTrack","1785","public class UIListitem_MateRaceTrack : MonoBehaviour // TypeDefIndex: 1785"
"58838","class","UIListitem_MemoryCard_SkillGroup","1786","public class UIListitem_MemoryCard_SkillGroup : InfiniteScrollItem // TypeDefIndex: 1786"
"58871","class","UIListitem_ProfileFrameChange","1787","public class UIListitem_ProfileFrameChange : InfiniteScrollItem // TypeDefIndex: 1787"
"58915","class","UIListitem_RewardItem.","1788","private sealed class UIListitem_RewardItem.<>c__DisplayClass11_0 // TypeDefIndex: 1788"
"58935","class","UIListitem_RewardItem.","1789","private sealed class UIListitem_RewardItem.<>c__DisplayClass11_1 // TypeDefIndex: 1789"
"58951","class","UIListitem_RewardItem","1790","public class UIListitem_RewardItem : MonoBehaviour // TypeDefIndex: 1790"
"59008","class","UIListitem_RewardItem_Event","1791","public class UIListitem_RewardItem_Event : UIListitem_RewardItem // TypeDefIndex: 1791"
"59032","class","UIListitem_RewardItem_Npc","1792","public class UIListitem_RewardItem_Npc : MonoBehaviour // TypeDefIndex: 1792"
"59049","class","UIListitem_RewardMaidCoin.","1793","private sealed class UIListitem_RewardMaidCoin.<OnSetGage>d__9 : IEnumerator<object>, IEnumerator, IDisposable // TypeDefIndex: 1793"
"59089","class","UIListitem_RewardMaidCoin","1794","public class UIListitem_RewardMaidCoin : MonoBehaviour // TypeDefIndex: 1794"
"59119","class","UIListitem_RewardUserProfile","1795","public class UIListitem_RewardUserProfile : MonoBehaviour // TypeDefIndex: 1795"
"59139","class","UIListitem_RoomFurniture","1796","public class UIListitem_RoomFurniture : MonoBehaviour // TypeDefIndex: 1796"
"59174","class","UIListitem_SpecialAttendanceDayItem.","1797","private sealed class UIListitem_SpecialAttendanceDayItem.<>c // TypeDefIndex: 1797"
"59198","class","UIListitem_SpecialAttendanceDayItem.","1798","private sealed class UIListitem_SpecialAttendanceDayItem.<StartGetRewardAnim>d__6 : IEnumerator<object>, IEnumerator, IDisposable // TypeDefIndex: 1798"
"59237","class","UIListitem_SpecialAttendanceDayItem","1799","public class UIListitem_SpecialAttendanceDayItem : MonoBehaviour // TypeDefIndex: 1799"
"59264","class","UIListitem_StoryReplayChapter","1800","public class UIListitem_StoryReplayChapter : MonoBehaviour // TypeDefIndex: 1800"
"59315","class","UIListitem_StoryReplayChapter_Customer","1801","public class UIListitem_StoryReplayChapter_Customer : MonoBehaviour // TypeDefIndex: 1801"
"59366","class","UIListitem_StoryReplayChapter_EchoArchive","1802","public class UIListitem_StoryReplayChapter_EchoArchive : MonoBehaviour // TypeDefIndex: 1802"
"59421","class","UIListitem_StoryReplayChapter_Event","1803","public class UIListitem_StoryReplayChapter_Event : MonoBehaviour // TypeDefIndex: 1803"
"59472","class","UIListitem_StoryReplayItem","1804","public class UIListitem_StoryReplayItem : MonoBehaviour // TypeDefIndex: 1804"
"59532","class","UIListitem_StoryReplayItem_Customer","1805","public class UIListitem_StoryReplayItem_Customer : MonoBehaviour // TypeDefIndex: 1805"
"59559","class","UIListitem_TabSlot_StoryReplay","1806","public class UIListitem_TabSlot_StoryReplay : MonoBehaviour // TypeDefIndex: 1806"
"59592","class","UIListitem_UserProfileIconChange","1807","public class UIListitem_UserProfileIconChange : InfiniteScrollItem // TypeDefIndex: 1807"
"59635","class","UIListitem_UserProfillFramChange","1808","public class UIListitem_UserProfillFramChange : MonoBehaviour // TypeDefIndex: 1808"
"59650","enum","BuildButtonState","1809","public enum BuildButtonState // TypeDefIndex: 1809"
"59664","struct","UIListitem_VillageBuild.BtnData","1810","public struct UIListitem_VillageBuild.BtnData // TypeDefIndex: 1810"
"59673","class","UIListitem_VillageBuild.","1811","private sealed class UIListitem_VillageBuild.<>c__DisplayClass14_0 // TypeDefIndex: 1811"
"59691","class","UIListitem_VillageBuild.","1812","private sealed class UIListitem_VillageBuild.<>c__DisplayClass19_0 // TypeDefIndex: 1812"
"59706","class","UIListitem_VillageBuild","1813","public class UIListitem_VillageBuild : MonoBehaviour // TypeDefIndex: 1813"
"59769","class","UIListitem_WhiteDayPipe","1814","public class UIListitem_WhiteDayPipe : MonoBehaviour // TypeDefIndex: 1814"
"59799","class","UIListitem_WorkLogMission","1815","public class UIListitem_WorkLogMission : MonoBehaviour // TypeDefIndex: 1815"
"59845","enum","UIRewardBlockGet.BlockRewardGetType","1816","public enum UIRewardBlockGet.BlockRewardGetType // TypeDefIndex: 1816"
"59860","class","UIRewardBlockGet.","1817","private sealed class UIRewardBlockGet.<UpdateEffect>d__57 : IEnumerator<object>, IEnumerator, IDisposable // TypeDefIndex: 1817"
"59898","class","UIRewardBlockGet","1818","public class UIRewardBlockGet : MonoBehaviourSingleton<UIRewardBlockGet> // TypeDefIndex: 1818"
"60029","class","UIPopup_Attention_Abandon","1819","public class UIPopup_Attention_Abandon : UIPopup<UIPopup_Attention_Abandon> // TypeDefIndex: 1819"
"60057","class","UIPopup_Attention_Sell","1820","public class UIPopup_Attention_Sell : UIPopup<UIPopup_Attention_Sell> // TypeDefIndex: 1820"
"60085","class","UIPopup_BlockUser","1821","public class UIPopup_BlockUser : UIPopup<UIPopup_BlockUser> // TypeDefIndex: 1821"
"60113","class","UIPopup_CautionUser","1822","public class UIPopup_CautionUser : UIPopup<UIPopup_CautionUser> // TypeDefIndex: 1822"
"60147","class","UIPopup_ContactUs","1823","public class UIPopup_ContactUs : UIPopup<UIPopup_ContactUs> // TypeDefIndex: 1823"
"60171","class","UIPopup_DeleteAccount.","1824","private sealed class UIPopup_DeleteAccount.<>c // TypeDefIndex: 1824"
"60191","class","UIPopup_DeleteAccount.","1825","private sealed class UIPopup_DeleteAccount.<>c__DisplayClass6_0 // TypeDefIndex: 1825"
"60210","class","UIPopup_DeleteAccount","1826","public class UIPopup_DeleteAccount : UIPopup<UIPopup_DeleteAccount> // TypeDefIndex: 1826"
"60240","class","UIPopup_GameAccount.","1827","private sealed class UIPopup_GameAccount.<>c // TypeDefIndex: 1827"
"60259","class","UIPopup_GameAccount","1828","public class UIPopup_GameAccount : UIPopup<UIPopup_GameAccount> // TypeDefIndex: 1828"
"60332","class","UIPopup_GameAccountChange","1829","public class UIPopup_GameAccountChange : UIPopup<UIPopup_GameAccountChange> // TypeDefIndex: 1829"
"60392","class","UIPopup_GameClose","1830","public class UIPopup_GameClose : UIPopup<UIPopup_GameClose> // TypeDefIndex: 1830"
"60409","class","UIPopup_GameData.","1831","private sealed class UIPopup_GameData.<>c // TypeDefIndex: 1831"
"60429","class","UIPopup_GameData.","1832","private sealed class UIPopup_GameData.<>c__DisplayClass15_0 // TypeDefIndex: 1832"
"60445","class","UIPopup_GameData","1833","public class UIPopup_GameData : UIPopup<UIPopup_GameData> // TypeDefIndex: 1833"
"60502","class","UIPopup_GameDataLoad","1834","public class UIPopup_GameDataLoad : UIPopup<UIPopup_GameDataLoad> // TypeDefIndex: 1834"
"60535","class","UIPopup_GameDataSelect","1835","public class UIPopup_GameDataSelect : UIPopup<UIPopup_GameDataSelect> // TypeDefIndex: 1835"
"60607","class","UIPopup_GeneralNotify","1836","public class UIPopup_GeneralNotify : UIPopup<UIPopup_GeneralNotify> // TypeDefIndex: 1836"
"60630","struct","UIPopup_UnlockBtn.Data","1837","private struct UIPopup_UnlockBtn.Data // TypeDefIndex: 1837"
"60642","class","UIPopup_UnlockBtn.","1838","private sealed class UIPopup_UnlockBtn.<>c // TypeDefIndex: 1838"
"60662","class","UIPopup_UnlockBtn.","1839","private sealed class UIPopup_UnlockBtn.<MoveAndResizeToTarget>d__16 : IEnumerator<object>, IEnumerator, IDisposable // TypeDefIndex: 1839"
"60708","class","UIPopup_UnlockBtn","1840","public class UIPopup_UnlockBtn : UIPopup<UIPopup_UnlockBtn> // TypeDefIndex: 1840"
"60766","struct","UIPopup_Unlock.Data","1841","private struct UIPopup_Unlock.Data // TypeDefIndex: 1841"
"60778","class","UIPopup_Unlock.","1842","private sealed class UIPopup_Unlock.<>c // TypeDefIndex: 1842"
"60798","class","UIPopup_Unlock.","1843","private sealed class UIPopup_Unlock.<MoveAndResizeToTarget>d__14 : IEnumerator<object>, IEnumerator, IDisposable // TypeDefIndex: 1843"
"60844","class","UIPopup_Unlock","1844","public class UIPopup_Unlock : UIPopup<UIPopup_Unlock> // TypeDefIndex: 1844"
"60895","class","UIPopup_UpdateNotify","1845","public class UIPopup_UpdateNotify : UIPopup<UIPopup_UpdateNotify> // TypeDefIndex: 1845"
"60944","class","UIPopup_VersionNotify","1846","public class UIPopup_VersionNotify : UIPopup<UIPopup_VersionNotify> // TypeDefIndex: 1846"
"60962","class","UIpopup_Confirm","1847","public class UIpopup_Confirm : UIPopup<UIpopup_Confirm> // TypeDefIndex: 1847"
"61038","class","UIpopup_NeedCurrency","1848","public class UIpopup_NeedCurrency : UIPopup<UIpopup_NeedCurrency> // TypeDefIndex: 1848"
"61051","class","UIListItem_LoadSaveFile.","1849","private sealed class UIListItem_LoadSaveFile.<>c__DisplayClass3_0 // TypeDefIndex: 1849"
"61067","class","UIListItem_LoadSaveFile","1850","public class UIListItem_LoadSaveFile : MonoBehaviour // TypeDefIndex: 1850"
"61088","class","UIPopup_Debug.","1851","private sealed class UIPopup_Debug.<>c // TypeDefIndex: 1851"
"61111","class","UIPopup_Debug","1852","public class UIPopup_Debug : UIPopup<UIPopup_Debug> // TypeDefIndex: 1852"
"61353","class","UIPopup_Debug_PW","1853","public class UIPopup_Debug_PW : UIPopup<UIPopup_Debug_PW> // TypeDefIndex: 1853"
"61378","class","UIPopup_LoadSaveFile.","1854","private sealed class UIPopup_LoadSaveFile.<>c // TypeDefIndex: 1854"
"61401","class","UIPopup_LoadSaveFile","1855","public class UIPopup_LoadSaveFile : UIPopup<UIPopup_LoadSaveFile> // TypeDefIndex: 1855"
"61437","class","UIPopup_Status","1856","public class UIPopup_Status : UIPopup<UIPopup_Status> // TypeDefIndex: 1856"
"61455","class","UIPopup_EventReward_Bingo","1857","public class UIPopup_EventReward_Bingo : UIPopup<UIPopup_EventReward_Bingo> // TypeDefIndex: 1857"
"61565","class","UIPopup_EventReward_House","1858","public class UIPopup_EventReward_House : UIPopup<UIPopup_EventReward_House> // TypeDefIndex: 1858"
"61640","struct","UIPopup_EventReward_MateRace.RankRes","1859","public struct UIPopup_EventReward_MateRace.RankRes // TypeDefIndex: 1859"
"61650","class","UIPopup_EventReward_MateRace.","1860","private sealed class UIPopup_EventReward_MateRace.<PlayCloseAnimationAndClose>d__9 : IEnumerator<object>, IEnumerator, IDisposable // TypeDefIndex: 1860"
"61688","class","UIPopup_EventReward_MateRace","1861","public class UIPopup_EventReward_MateRace : UIPopup<UIPopup_EventReward_MateRace> // TypeDefIndex: 1861"
"61723","class","UIPopup_EventReward_Ocean","1862","public class UIPopup_EventReward_Ocean : UIPopup<UIPopup_EventReward_Ocean> // TypeDefIndex: 1862"
"61797","class","UIPopup_EventReward_Pudding","1863","public class UIPopup_EventReward_Pudding : UIPopup<UIPopup_EventReward_Pudding> // TypeDefIndex: 1863"
"61844","class","UIPopup_EventReward_Spring","1864","public class UIPopup_EventReward_Spring : UIPopup<UIPopup_EventReward_Spring> // TypeDefIndex: 1864"
"61918","class","UIPopup_EventReward_Winter","1865","public class UIPopup_EventReward_Winter : UIPopup<UIPopup_EventReward_Winter> // TypeDefIndex: 1865"
"61992","class","UIPopup_BandPackage","1866","public class UIPopup_BandPackage : UIPopup<UIPopup_BandPackage> // TypeDefIndex: 1866"
"62028","class","UIPopup_CartoonPackage.","1867","private sealed class UIPopup_CartoonPackage.<>c__DisplayClass17_0 // TypeDefIndex: 1867"
"62043","class","UIPopup_CartoonPackage","1868","public class UIPopup_CartoonPackage : UIPopup<UIPopup_CartoonPackage> // TypeDefIndex: 1868"
"62097","class","CartoonStepInfo","1869","public class CartoonStepInfo // TypeDefIndex: 1869"
"62110","class","UIPopup_CartoonView.","1870","private sealed class UIPopup_CartoonView.<>c__DisplayClass7_0 // TypeDefIndex: 1870"
"62126","class","UIPopup_CartoonView","1871","public class UIPopup_CartoonView : UIPopup<UIPopup_CartoonView> // TypeDefIndex: 1871"
"62155","class","UIPopup_CompleteMissionPass.MissionPassAlarmItem","1872","public class UIPopup_CompleteMissionPass.MissionPassAlarmItem // TypeDefIndex: 1872"
"62172","class","UIPopup_CompleteMissionPass","1873","public class UIPopup_CompleteMissionPass : UIPopup<UIPopup_CompleteMissionPass> // TypeDefIndex: 1873"
"62238","class","UIPopup_CustomerEpisodeGuide","1874","public class UIPopup_CustomerEpisodeGuide : UIPopup<UIPopup_CustomerEpisodeGuide> // TypeDefIndex: 1874"
"62248","class","UIPopup_EventBand.","1875","private sealed class UIPopup_EventBand.<>c__DisplayClass16_0 // TypeDefIndex: 1875"
"62265","class","UIPopup_EventBand.","1876","private sealed class UIPopup_EventBand.<>c__DisplayClass17_0 // TypeDefIndex: 1876"
"62293","class","UIPopup_EventBand.","1877","private sealed class UIPopup_EventBand.<>c__DisplayClass19_0 // TypeDefIndex: 1877"
"62310","class","UIPopup_EventBand.","1878","private sealed class UIPopup_EventBand.<StartBandSheetAnim>d__17 : IEnumerator<object>, IEnumerator, IDisposable // TypeDefIndex: 1878"
"62355","class","UIPopup_EventBand","1879","public class UIPopup_EventBand : UIPopup<UIPopup_EventBand> // TypeDefIndex: 1879"
"62429","class","UIPopup_EventBandGuide","1880","public class UIPopup_EventBandGuide : UIPopup<UIPopup_EventBandGuide> // TypeDefIndex: 1880"
"62438","class","UIPopup_EventBingo.BingoEffect","1881","private class UIPopup_EventBingo.BingoEffect // TypeDefIndex: 1881"
"62454","class","UIPopup_EventBingo.","1882","private sealed class UIPopup_EventBingo.<CheckReceiveRewardCO>d__67 : IEnumerator<object>, IEnumerator, IDisposable // TypeDefIndex: 1882"
"62492","class","UIPopup_EventBingo","1883","public class UIPopup_EventBingo : UIPopup<UIPopup_EventBingo> // TypeDefIndex: 1883"
"62668","class","UIPopup_EventBingoGuide","1884","public class UIPopup_EventBingoGuide : UIPopup<UIPopup_EventBingoGuide> // TypeDefIndex: 1884"
"62677","class","UIPopup_EventBingoRewardInfo","1885","public class UIPopup_EventBingoRewardInfo : UIPopup<UIPopup_EventBingoRewardInfo> // TypeDefIndex: 1885"
"62696","class","UIPopup_EventCardPackGuide","1886","public class UIPopup_EventCardPackGuide : UIPopup<UIPopup_EventCardPackGuide> // TypeDefIndex: 1886"
"62706","class","UIPopup_EventCartoon.","1887","private sealed class UIPopup_EventCartoon.<>c__DisplayClass14_0 // TypeDefIndex: 1887"
"62723","class","UIPopup_EventCartoon.","1888","private sealed class UIPopup_EventCartoon.<>c__DisplayClass18_0 // TypeDefIndex: 1888"
"62744","class","UIPopup_EventCartoon.","1889","private sealed class UIPopup_EventCartoon.<>c__DisplayClass20_0 // TypeDefIndex: 1889"
"62760","class","UIPopup_EventCartoon","1890","public class UIPopup_EventCartoon : UIPopup<UIPopup_EventCartoon> // TypeDefIndex: 1890"
"62834","class","UIPopup_EventCumulativeQuest.","1891","private sealed class UIPopup_EventCumulativeQuest.<>c // TypeDefIndex: 1891"
"62854","class","UIPopup_EventCumulativeQuest.","1892","private sealed class UIPopup_EventCumulativeQuest.<>c__DisplayClass17_0 // TypeDefIndex: 1892"
"62871","class","UIPopup_EventCumulativeQuest","1893","public class UIPopup_EventCumulativeQuest : UIPopup<UIPopup_EventCumulativeQuest> // TypeDefIndex: 1893"
"62947","class","UIPopup_EventFishingGuide","1894","public class UIPopup_EventFishingGuide : UIPopup<UIPopup_EventFishingGuide> // TypeDefIndex: 1894"
"62957","class","UIPopup_EventHouse.","1895","private sealed class UIPopup_EventHouse.<StartProgressEffect>d__44 : IEnumerator<object>, IEnumerator, IDisposable // TypeDefIndex: 1895"
"63007","class","UIPopup_EventHouse","1896","public class UIPopup_EventHouse : UIPopup<UIPopup_EventHouse> // TypeDefIndex: 1896"
"63118","class","UIPopup_EventMatch3d.","1897","private sealed class UIPopup_EventMatch3d.<>c // TypeDefIndex: 1897"
"63138","class","UIPopup_EventMatch3d.","1898","private sealed class UIPopup_EventMatch3d.<StartCountdown>d__26 : IEnumerator<object>, IEnumerator, IDisposable // TypeDefIndex: 1898"
"63177","class","UIPopup_EventMatch3d","1899","public class UIPopup_EventMatch3d : UIPopup<UIPopup_EventMatch3d> // TypeDefIndex: 1899"
"63299","class","UIPopup_EventMatchCard.","1900","private sealed class UIPopup_EventMatchCard.<>c // TypeDefIndex: 1900"
"63323","class","UIPopup_EventMatchCard.","1901","private sealed class UIPopup_EventMatchCard.<>c__DisplayClass34_0 // TypeDefIndex: 1901"
"63340","class","UIPopup_EventMatchCard.","1902","private sealed class UIPopup_EventMatchCard.<>c__DisplayClass52_0 // TypeDefIndex: 1902"
"63357","class","UIPopup_EventMatchCard.","1903","private sealed class UIPopup_EventMatchCard.<>c__DisplayClass55_0 // TypeDefIndex: 1903"
"63373","class","UIPopup_EventMatchCard.","1904","private sealed class UIPopup_EventMatchCard.<CheckMatch>d__52 : IEnumerator<object>, IEnumerator, IDisposable // TypeDefIndex: 1904"
"63413","class","UIPopup_EventMatchCard.","1905","private sealed class UIPopup_EventMatchCard.<GiveGameEndReward>d__57 : IEnumerator<object>, IEnumerator, IDisposable // TypeDefIndex: 1905"
"63452","class","UIPopup_EventMatchCard","1906","public class UIPopup_EventMatchCard : UIPopup<UIPopup_EventMatchCard> // TypeDefIndex: 1906"
"63638","class","UIPopup_EventMatchCardGuide","1907","public class UIPopup_EventMatchCardGuide : UIPopup<UIPopup_EventMatchCardGuide> // TypeDefIndex: 1907"
"63655","class","UIPopup_EventMateRace.","1908","private sealed class UIPopup_EventMateRace.<>c // TypeDefIndex: 1908"
"63675","class","UIPopup_EventMateRace.","1909","private sealed class UIPopup_EventMateRace.<>c__DisplayClass65_0 // TypeDefIndex: 1909"
"63697","class","UIPopup_EventMateRace.","1910","private sealed class UIPopup_EventMateRace.<>c__DisplayClass65_1 // TypeDefIndex: 1910"
"63714","class","UIPopup_EventMateRace.","1911","private sealed class UIPopup_EventMateRace.<AIUpdateRoutine>d__54 : IEnumerator<object>, IEnumerator, IDisposable // TypeDefIndex: 1911"
"63753","class","UIPopup_EventMateRace.","1912","private sealed class UIPopup_EventMateRace.<DisableButtonForSeconds>d__100 : IEnumerator<object>, IEnumerator, IDisposable // TypeDefIndex: 1912"
"63793","class","UIPopup_EventMateRace.","1913","private sealed class UIPopup_EventMateRace.<MoveCoroutine>d__103 : IEnumerator<object>, IEnumerator, IDisposable // TypeDefIndex: 1913"
"63837","class","UIPopup_EventMateRace.","1914","private sealed class UIPopup_EventMateRace.<ScrollToPosition>d__82 : IEnumerator<object>, IEnumerator, IDisposable // TypeDefIndex: 1914"
"63878","class","UIPopup_EventMateRace","1915","public class UIPopup_EventMateRace : UIPopup<UIPopup_EventMateRace> // TypeDefIndex: 1915"
"64213","class","UIPopup_EventMateRaceGuide","1916","public class UIPopup_EventMateRaceGuide : UIPopup<UIPopup_EventMateRaceGuide> // TypeDefIndex: 1916"
"64228","class","UIPopup_EventOcean","1917","public class UIPopup_EventOcean : UIPopup<UIPopup_EventOcean> // TypeDefIndex: 1917"
"64301","class","UIPopup_EventPreStart.","1918","private sealed class UIPopup_EventPreStart.<>c__DisplayClass9_0 // TypeDefIndex: 1918"
"64320","class","UIPopup_EventPreStart","1919","public class UIPopup_EventPreStart : UIPopup<UIPopup_EventPreStart> // TypeDefIndex: 1919"
"64355","class","UIPopup_EventPudding.","1920","private sealed class UIPopup_EventPudding.<PuddingAnim>d__24 : IEnumerator<object>, IEnumerator, IDisposable // TypeDefIndex: 1920"
"64399","class","UIPopup_EventPudding","1921","public class UIPopup_EventPudding : UIPopup<UIPopup_EventPudding> // TypeDefIndex: 1921"
"64525","class","UIPopup_EventPuddingGuide","1922","public class UIPopup_EventPuddingGuide : UIPopup<UIPopup_EventPuddingGuide> // TypeDefIndex: 1922"
"64534","class","UIPopup_EventSchoolUniform_Guide","1923","public class UIPopup_EventSchoolUniform_Guide : UIPopup<UIPopup_EventSchoolUniform_Guide> // TypeDefIndex: 1923"
"64563","class","UIPopup_EventSpring","1924","public class UIPopup_EventSpring : UIPopup<UIPopup_EventSpring> // TypeDefIndex: 1924"
"64636","class","BannerType","1925","public class BannerType // TypeDefIndex: 1925"
"64651","class","UIPopup_EventStart.","1926","private sealed class UIPopup_EventStart.<>c__DisplayClass5_0 // TypeDefIndex: 1926"
"64667","class","UIPopup_EventStart","1927","public class UIPopup_EventStart : UIPopup<UIPopup_EventStart> // TypeDefIndex: 1927"
"64707","class","UIPopup_EventSummerFestivalGuide","1928","public class UIPopup_EventSummerFestivalGuide : UIPopup<UIPopup_EventSummerFestivalGuide> // TypeDefIndex: 1928"
"64716","class","UIPopup_EventSurpriseBox","1929","public class UIPopup_EventSurpriseBox : UIPopup<UIPopup_EventSurpriseBox> // TypeDefIndex: 1929"
"64739","class","UIPopup_EventSurpriseBoxGuide","1930","public class UIPopup_EventSurpriseBoxGuide : UIPopup<UIPopup_EventSurpriseBoxGuide> // TypeDefIndex: 1930"
"64752","class","TreasureSandMapScale","1931","internal class TreasureSandMapScale // TypeDefIndex: 1931"
"64767","class","UIPopup_EventTreasureSand.","1932","private sealed class UIPopup_EventTreasureSand.<>c // TypeDefIndex: 1932"
"64787","class","UIPopup_EventTreasureSand.","1933","private sealed class UIPopup_EventTreasureSand.<>c__DisplayClass57_0 // TypeDefIndex: 1933"
"64809","class","UIPopup_EventTreasureSand.","1934","private sealed class UIPopup_EventTreasureSand.<>c__DisplayClass57_1 // TypeDefIndex: 1934"
"64830","class","UIPopup_EventTreasureSand.","1935","private sealed class UIPopup_EventTreasureSand.<HintTimer>d__59 : IEnumerator<object>, IEnumerator, IDisposable // TypeDefIndex: 1935"
"64869","class","UIPopup_EventTreasureSand","1936","public class UIPopup_EventTreasureSand : UIPopup<UIPopup_EventTreasureSand> // TypeDefIndex: 1936"
"65063","class","UIPopup_EventWhiteDayGuide","1937","public class UIPopup_EventWhiteDayGuide : UIPopup<UIPopup_EventWhiteDayGuide> // TypeDefIndex: 1937"
"65072","class","UIPopup_EventWinter","1938","public class UIPopup_EventWinter : UIPopup<UIPopup_EventWinter> // TypeDefIndex: 1938"
"65145","class","CardShopItemInfo","1939","public class CardShopItemInfo // TypeDefIndex: 1939"
"65163","class","UIPopup_Event_CardPack.","1940","private sealed class UIPopup_Event_CardPack.<>c__DisplayClass32_0 // TypeDefIndex: 1940"
"65179","class","UIPopup_Event_CardPack.","1941","private sealed class UIPopup_Event_CardPack.<>c__DisplayClass40_0 // TypeDefIndex: 1941"
"65195","class","UIPopup_Event_CardPack","1942","public class UIPopup_Event_CardPack : UIPopup<UIPopup_Event_CardPack> // TypeDefIndex: 1942"
"65311","class","UIPopup_Event_Fishing.","1943","private sealed class UIPopup_Event_Fishing.<>c__DisplayClass35_0 // TypeDefIndex: 1943"
"65331","class","UIPopup_Event_Fishing.","1944","private sealed class UIPopup_Event_Fishing.<>c__DisplayClass36_0 // TypeDefIndex: 1944"
"65348","class","UIPopup_Event_Fishing.","1945","private sealed class UIPopup_Event_Fishing.<>c__DisplayClass36_1 // TypeDefIndex: 1945"
"65365","class","UIPopup_Event_Fishing.","1946","private sealed class UIPopup_Event_Fishing.<NewCellStart>d__38 : IEnumerator<object>, IEnumerator, IDisposable // TypeDefIndex: 1946"
"65404","class","UIPopup_Event_Fishing","1947","public class UIPopup_Event_Fishing : UIPopup<UIPopup_Event_Fishing> // TypeDefIndex: 1947"
"65530","class","UIPopup_Event_FishingConfirm","1948","public class UIPopup_Event_FishingConfirm : UIPopup<UIPopup_Event_FishingConfirm> // TypeDefIndex: 1948"
"65611","class","UIPopup_Event_PC_BloodWorm.","1949","private sealed class UIPopup_Event_PC_BloodWorm.<CheckBloodWormSpawnAnim>d__16 : IEnumerator<object>, IEnumerator, IDisposable // TypeDefIndex: 1949"
"65650","class","UIPopup_Event_PC_BloodWorm","1950","public class UIPopup_Event_PC_BloodWorm : UIPopup_Event_PointCollectt<UIPopup_Event_PC_BloodWorm> // TypeDefIndex: 1950"
"65714","class","UIPopup_Event_PC_PuddingJump.","1951","private sealed class UIPopup_Event_PC_PuddingJump.<StartScrollMove>d__31 : IEnumerator<object>, IEnumerator, IDisposable // TypeDefIndex: 1951"
"65755","class","UIPopup_Event_PC_PuddingJump","1952","public class UIPopup_Event_PC_PuddingJump : UIPopup_Event_PointCollectt<UIPopup_Event_PC_PuddingJump> // TypeDefIndex: 1952"
"65839","class","UIPopup_Event_PC_VendingMachine.","1953","private sealed class UIPopup_Event_PC_VendingMachine.<CheckVendingMachineNextSlot>d__8 : IEnumerator<object>, IEnumerator, IDisposable // TypeDefIndex: 1953"
"65881","class","UIPopup_Event_PC_VendingMachine","1954","public class UIPopup_Event_PC_VendingMachine : UIPopup_Event_PointCollectt<UIPopup_Event_PC_VendingMachine> // TypeDefIndex: 1954"
"65927","class","UIPopup_Event_PointCollectt.","1955","private sealed class UIPopup_Event_PointCollectt.<>c__DisplayClass36_0<T> // TypeDefIndex: 1955"
"65953","class","UIPopup_Event_PointCollectt.","1956","private sealed class UIPopup_Event_PointCollectt.<ProgressSliderTarget>d__34<T> : IEnumerator<object>, IEnumerator, IDisposable // TypeDefIndex: 1956"
"66029","class","UIPopup_Event_PointCollectt","1957","public abstract class UIPopup_Event_PointCollectt<T> : UIPopup<T> // TypeDefIndex: 1957"
"66287","class","UIPopup_Event_PointCollectGuide","1958","public class UIPopup_Event_PointCollectGuide : UIPopup<UIPopup_Event_PointCollectGuide> // TypeDefIndex: 1958"
"66317","class","UIPopup_Event_SummerFestivalShop.","1959","private sealed class UIPopup_Event_SummerFestivalShop.<>c__DisplayClass19_0 // TypeDefIndex: 1959"
"66333","class","UIPopup_Event_SummerFestivalShop","1960","public class UIPopup_Event_SummerFestivalShop : UIPopup<UIPopup_Event_SummerFestivalShop> // TypeDefIndex: 1960"
"66403","class","UIPopup_GetCardPackTicket","1961","public class UIPopup_GetCardPackTicket : UIPopup<UIPopup_GetCardPackTicket> // TypeDefIndex: 1961"
"66452","class","UIPopup_LikeabilityGuide","1962","public class UIPopup_LikeabilityGuide : UIPopup<UIPopup_LikeabilityGuide> // TypeDefIndex: 1962"
"66461","class","UIPopup_MemoryStart","1963","public class UIPopup_MemoryStart : UIPopup<UIPopup_MemoryStart> // TypeDefIndex: 1963"
"66499","class","UIPopup_MiniGameAlways_BloodWorm.","1964","private sealed class UIPopup_MiniGameAlways_BloodWorm.<>c__DisplayClass19_0 // TypeDefIndex: 1964"
"66515","class","UIPopup_MiniGameAlways_BloodWorm","1965","public class UIPopup_MiniGameAlways_BloodWorm : UIPopup<UIPopup_MiniGameAlways_BloodWorm> // TypeDefIndex: 1965"
"66583","class","UIPopup_MiniGameAlways_PuddingJump.","1966","private sealed class UIPopup_MiniGameAlways_PuddingJump.<>c__DisplayClass19_0 // TypeDefIndex: 1966"
"66599","class","UIPopup_MiniGameAlways_PuddingJump","1967","public class UIPopup_MiniGameAlways_PuddingJump : UIPopup<UIPopup_MiniGameAlways_PuddingJump> // TypeDefIndex: 1967"
"66671","class","UIPopup_MiniGameAlways_VendingMachine.","1968","private sealed class UIPopup_MiniGameAlways_VendingMachine.<>c__DisplayClass21_0 // TypeDefIndex: 1968"
"66688","class","UIPopup_MiniGameAlways_VendingMachine.","1969","private sealed class UIPopup_MiniGameAlways_VendingMachine.<StartCounting>d__24 : IEnumerator<object>, IEnumerator, IDisposable // TypeDefIndex: 1969"
"66728","class","UIPopup_MiniGameAlways_VendingMachine","1970","public class UIPopup_MiniGameAlways_VendingMachine : UIPopup<UIPopup_MiniGameAlways_VendingMachine> // TypeDefIndex: 1970"
"66809","class","UIPopup_MiniGameEvent_PuddingJump.","1971","private sealed class UIPopup_MiniGameEvent_PuddingJump.<>c // TypeDefIndex: 1971"
"66865","class","UIPopup_MiniGameEvent_PuddingJump.","1972","private sealed class UIPopup_MiniGameEvent_PuddingJump.<>c__DisplayClass54_0 // TypeDefIndex: 1972"
"66892","class","UIPopup_MiniGameEvent_PuddingJump.","1973","private sealed class UIPopup_MiniGameEvent_PuddingJump.<>c__DisplayClass56_0 // TypeDefIndex: 1973"
"66908","class","UIPopup_MiniGameEvent_PuddingJump.","1974","private sealed class UIPopup_MiniGameEvent_PuddingJump.<>c__DisplayClass58_0 // TypeDefIndex: 1974"
"66930","class","UIPopup_MiniGameEvent_PuddingJump.","1975","private sealed class UIPopup_MiniGameEvent_PuddingJump.<>c__DisplayClass58_1 // TypeDefIndex: 1975"
"66946","class","UIPopup_MiniGameEvent_PuddingJump.","1976","private sealed class UIPopup_MiniGameEvent_PuddingJump.<>c__DisplayClass59_0 // TypeDefIndex: 1976"
"66965","class","UIPopup_MiniGameEvent_PuddingJump","1977","public class UIPopup_MiniGameEvent_PuddingJump : UIPopup<UIPopup_MiniGameEvent_PuddingJump> // TypeDefIndex: 1977"
"67114","class","UIPopup_MiniGameEvent_VendingMachine.","1978","private sealed class UIPopup_MiniGameEvent_VendingMachine.<>c // TypeDefIndex: 1978"
"67166","class","UIPopup_MiniGameEvent_VendingMachine.","1979","private sealed class UIPopup_MiniGameEvent_VendingMachine.<>c__DisplayClass56_0 // TypeDefIndex: 1979"
"67193","class","UIPopup_MiniGameEvent_VendingMachine.","1980","private sealed class UIPopup_MiniGameEvent_VendingMachine.<>c__DisplayClass60_0 // TypeDefIndex: 1980"
"67210","class","UIPopup_MiniGameEvent_VendingMachine.","1981","private sealed class UIPopup_MiniGameEvent_VendingMachine.<>c__DisplayClass62_0 // TypeDefIndex: 1981"
"67236","class","UIPopup_MiniGameEvent_VendingMachine.","1982","private sealed class UIPopup_MiniGameEvent_VendingMachine.<>c__DisplayClass63_0 // TypeDefIndex: 1982"
"67252","class","UIPopup_MiniGameEvent_VendingMachine.","1983","private sealed class UIPopup_MiniGameEvent_VendingMachine.<StartCounting>d__46 : IEnumerator<object>, IEnumerator, IDisposable // TypeDefIndex: 1983"
"67293","class","UIPopup_MiniGameEvent_VendingMachine","1984","public class UIPopup_MiniGameEvent_VendingMachine : UIPopup<UIPopup_MiniGameEvent_VendingMachine> // TypeDefIndex: 1984"
"67478","class","UIPopup_MiniGame_Revival.","1985","private sealed class UIPopup_MiniGame_Revival.<OnStartCounting>d__12 : IEnumerator<object>, IEnumerator, IDisposable // TypeDefIndex: 1985"
"67516","class","UIPopup_MiniGame_Revival","1986","public class UIPopup_MiniGame_Revival : UIPopup<UIPopup_MiniGame_Revival> // TypeDefIndex: 1986"
"67565","class","UIPopup_MissionPassBase.","1987","private sealed class UIPopup_MissionPassBase.<>c // TypeDefIndex: 1987"
"67589","class","UIPopup_MissionPassBase.","1988","private sealed class UIPopup_MissionPassBase.<>c__DisplayClass84_0 // TypeDefIndex: 1988"
"67606","class","UIPopup_MissionPassBase.","1989","private sealed class UIPopup_MissionPassBase.<>c__DisplayClass86_0 // TypeDefIndex: 1989"
"67624","class","UIPopup_MissionPassBase.","1990","private sealed class UIPopup_MissionPassBase.<>c__DisplayClass89_0 // TypeDefIndex: 1990"
"67643","class","UIPopup_MissionPassBase.","1991","private sealed class UIPopup_MissionPassBase.<>c__DisplayClass92_0 // TypeDefIndex: 1991"
"67660","class","UIPopup_MissionPassBase.","1992","private sealed class UIPopup_MissionPassBase.<LockPanelDialogTimer>d__103 : IEnumerator<object>, IEnumerator, IDisposable // TypeDefIndex: 1992"
"67699","class","UIPopup_MissionPassBase.","1993","private sealed class UIPopup_MissionPassBase.<StartExpGageCo>d__87 : IEnumerator<object>, IEnumerator, IDisposable // TypeDefIndex: 1993"
"67744","class","UIPopup_MissionPassBase.","1994","private sealed class UIPopup_MissionPassBase.<StartLvGage>d__92 : IEnumerator<object>, IEnumerator, IDisposable // TypeDefIndex: 1994"
"67789","class","UIPopup_MissionPassBase","1995","public class UIPopup_MissionPassBase : MonoBehaviour // TypeDefIndex: 1995"
"68063","class","UIPopup_SeasonPass.","1996","private sealed class UIPopup_SeasonPass.<DeferredSetPosition>d__36<T> : IEnumerator<object>, IEnumerator, IDisposable // TypeDefIndex: 1996"
"68132","class","UIPopup_SeasonPass.","1997","private sealed class UIPopup_SeasonPass.<MaidAnim>d__48<T> : IEnumerator<object>, IEnumerator, IDisposable // TypeDefIndex: 1997"
"68200","class","UIPopup_SeasonPass","1998","public abstract class UIPopup_SeasonPass<T> : UIPopup<T> // TypeDefIndex: 1998"
"68447","class","UIPopup_SeasonPassGuide_Christmas_2025","1999","public class UIPopup_SeasonPassGuide_Christmas_2025 : UIPopup_SeasonPass_Guide<UIPopup_SeasonPassGuide_Christmas_2025> // TypeDefIndex: 1999"
"68456","class","UIPopup_SeasonPassGuide_Halloween_2025","2000","public class UIPopup_SeasonPassGuide_Halloween_2025 : UIPopup_SeasonPass_Guide<UIPopup_SeasonPassGuide_Halloween_2025> // TypeDefIndex: 2000"
"68465","class","UIPopup_SeasonPassGuide_Summer_2025","2001","public class UIPopup_SeasonPassGuide_Summer_2025 : UIPopup_SeasonPass_Guide<UIPopup_SeasonPassGuide_Summer_2025> // TypeDefIndex: 2001"
"68474","class","UIPopup_SeasonPass_Christmas_2025","2002","public class UIPopup_SeasonPass_Christmas_2025 : UIPopup_SeasonPass<UIPopup_SeasonPass_Christmas_2025> // TypeDefIndex: 2002"
"68489","class","UIPopup_SeasonPass_Guide","2003","public abstract class UIPopup_SeasonPass_Guide<T> : UIPopup<T> // TypeDefIndex: 2003"
"68503","class","UIPopup_SeasonPass_Halloween_2025","2004","public class UIPopup_SeasonPass_Halloween_2025 : UIPopup_SeasonPass<UIPopup_SeasonPass_Halloween_2025> // TypeDefIndex: 2004"
"68518","class","UIPopup_SeasonPass_Preview","2005","public class UIPopup_SeasonPass_Preview : UIPopup<UIPopup_SeasonPass_Preview> // TypeDefIndex: 2005"
"68538","class","UIPopup_SeasonPass_Purchase.","2006","private sealed class UIPopup_SeasonPass_Purchase.<>c<T> // TypeDefIndex: 2006"
"68573","class","UIPopup_SeasonPass_Purchase.","2007","private sealed class UIPopup_SeasonPass_Purchase.<>c__DisplayClass12_0<T> // TypeDefIndex: 2007"
"68610","class","UIPopup_SeasonPass_Purchase.","2008","private sealed class UIPopup_SeasonPass_Purchase.<>c__DisplayClass13_0<T> // TypeDefIndex: 2008"
"68637","class","UIPopup_SeasonPass_Purchase","2009","public abstract class UIPopup_SeasonPass_Purchase<T> : UIPopup<T> // TypeDefIndex: 2009"
"68732","class","UIPopup_SeasonPass_Purchase_Christmas_2025","2010","public class UIPopup_SeasonPass_Purchase_Christmas_2025 : UIPopup_SeasonPass_Purchase<UIPopup_SeasonPass_Purchase_Christmas_2025> // TypeDefIndex: 2010"
"68741","class","UIPopup_SeasonPass_Purchase_Halloween_2025","2011","public class UIPopup_SeasonPass_Purchase_Halloween_2025 : UIPopup_SeasonPass_Purchase<UIPopup_SeasonPass_Purchase_Halloween_2025> // TypeDefIndex: 2011"
"68750","class","UIPopup_SeasonPass_Purchase_Summer_2025","2012","public class UIPopup_SeasonPass_Purchase_Summer_2025 : UIPopup_SeasonPass_Purchase<UIPopup_SeasonPass_Purchase_Summer_2025> // TypeDefIndex: 2012"
"68759","class","UIPopup_SeasonPass_Summer_2025","2013","public class UIPopup_SeasonPass_Summer_2025 : UIPopup_SeasonPass<UIPopup_SeasonPass_Summer_2025> // TypeDefIndex: 2013"
"68774","class","UIPopup_SeriouslyMergeGuide","2014","public class UIPopup_SeriouslyMergeGuide : UIPopup<UIPopup_SeriouslyMergeGuide> // TypeDefIndex: 2014"
"68790","class","UIPopup_InventoryBM","2015","public class UIPopup_InventoryBM : UIPopup<UIPopup_InventoryBM> // TypeDefIndex: 2015"
"68821","class","UIPopup_ItemDetailInfo","2016","public class UIPopup_ItemDetailInfo : UIPopup<UIPopup_ItemDetailInfo> // TypeDefIndex: 2016"
"68871","class","UIPopup_ItemUseCopy","2017","public class UIPopup_ItemUseCopy : UIPopup<UIPopup_ItemUseCopy> // TypeDefIndex: 2017"
"68898","class","UIPopup_ItemUseJoker","2018","public class UIPopup_ItemUseJoker : UIPopup<UIPopup_ItemUseJoker> // TypeDefIndex: 2018"
"68923","class","UIPopup_ItemUseSplit","2019","public class UIPopup_ItemUseSplit : UIPopup<UIPopup_ItemUseSplit> // TypeDefIndex: 2019"
"68952","class","UIPopup_RequestGroupInfo","2020","public class UIPopup_RequestGroupInfo : UIPopup<UIPopup_RequestGroupInfo> // TypeDefIndex: 2020"
"69006","class","UIPopup_RequestMainPointInfo","2021","public class UIPopup_RequestMainPointInfo : UIPopup<UIPopup_RequestMainPointInfo> // TypeDefIndex: 2021"
"69044","class","UIPopup_SeriouslyMerge","2022","public class UIPopup_SeriouslyMerge : UIPopup<UIPopup_SeriouslyMerge> // TypeDefIndex: 2022"
"69107","class","UIPopup_SeriouslyMergeInfo","2023","public class UIPopup_SeriouslyMergeInfo : UIPopup<UIPopup_SeriouslyMergeInfo> // TypeDefIndex: 2023"
"69187","class","UIPopup_AttendanceDaily.","2024","private sealed class UIPopup_AttendanceDaily.<DelaySettingDay>d__13 : IEnumerator<object>, IEnumerator, IDisposable // TypeDefIndex: 2024"
"69226","class","UIPopup_AttendanceDaily","2025","public class UIPopup_AttendanceDaily : UIPopup<UIPopup_AttendanceDaily> // TypeDefIndex: 2025"
"69269","class","UIPopup_Language","2026","public class UIPopup_Language : UIPopup<UIPopup_Language> // TypeDefIndex: 2026"
"69297","class","UIPopup_LevelUp.","2027","private sealed class UIPopup_LevelUp.<>c // TypeDefIndex: 2027"
"69316","class","UIPopup_LevelUp","2028","public class UIPopup_LevelUp : UIPopup<UIPopup_LevelUp> // TypeDefIndex: 2028"
"69355","class","UIPopup_NewMaid","2029","public class UIPopup_NewMaid : UIPopup<UIPopup_NewMaid> // TypeDefIndex: 2029"
"69387","class","UIPopup_NewNpc","2030","public class UIPopup_NewNpc : UIPopup<UIPopup_NewNpc> // TypeDefIndex: 2030"
"69412","class","UIPopup_Notice","2031","public class UIPopup_Notice : UIPopup<UIPopup_Notice> // TypeDefIndex: 2031"
"69493","class","UIPopup_NoticeContent","2032","public class UIPopup_NoticeContent : UIPopup<UIPopup_NoticeContent> // TypeDefIndex: 2032"
"69552","class","UIPopup_Survey","2033","public class UIPopup_Survey : UIPopup<UIPopup_Survey> // TypeDefIndex: 2033"
"69572","class","UIPopup_UnlockNewFurniture.","2034","private sealed class UIPopup_UnlockNewFurniture.<>c // TypeDefIndex: 2034"
"69596","class","UIPopup_UnlockNewFurniture.","2035","private sealed class UIPopup_UnlockNewFurniture.<>c__DisplayClass12_0 // TypeDefIndex: 2035"
"69617","class","UIPopup_UnlockNewFurniture","2036","public class UIPopup_UnlockNewFurniture : UIPopup<UIPopup_UnlockNewFurniture> // TypeDefIndex: 2036"
"69652","class","UIPopup_BenefitMorePackage","2037","public class UIPopup_BenefitMorePackage : UIPopup<UIPopup_BenefitMorePackage> // TypeDefIndex: 2037"
"69682","class","UIPopup_BenefitSalePackage","2038","public class UIPopup_BenefitSalePackage : UIPopup<UIPopup_BenefitSalePackage> // TypeDefIndex: 2038"
"69713","class","UIPopup_GemJarPackage.","2039","private sealed class UIPopup_GemJarPackage.<DelayToTargetingStep>d__20 : IEnumerator<object>, IEnumerator, IDisposable // TypeDefIndex: 2039"
"69753","class","UIPopup_GemJarPackage.","2040","private sealed class UIPopup_GemJarPackage.<StartBuyAnim>d__26 : IEnumerator<object>, IEnumerator, IDisposable // TypeDefIndex: 2040"
"69791","class","UIPopup_GemJarPackage","2041","public class UIPopup_GemJarPackage : UIPopup<UIPopup_GemJarPackage> // TypeDefIndex: 2041"
"69882","class","UIPopup_GemJarProgress","2042","public class UIPopup_GemJarProgress : UIPopup<UIPopup_GemJarProgress> // TypeDefIndex: 2042"
"69923","class","UIPopup_NormalPackage","2043","public class UIPopup_NormalPackage : UIPopup<UIPopup_NormalPackage> // TypeDefIndex: 2043"
"69962","class","UIPopup_OnePlusPackage.","2044","private sealed class UIPopup_OnePlusPackage.<>c // TypeDefIndex: 2044"
"69981","class","UIPopup_OnePlusPackage","2045","public class UIPopup_OnePlusPackage : UIPopup<UIPopup_OnePlusPackage> // TypeDefIndex: 2045"
"70036","class","UIPopup_RoulettePackage.","2046","private sealed class UIPopup_RoulettePackage.<>c // TypeDefIndex: 2046"
"70060","class","UIPopup_RoulettePackage.","2047","private sealed class UIPopup_RoulettePackage.<>c__DisplayClass49_0 // TypeDefIndex: 2047"
"70078","class","UIPopup_RoulettePackage.","2048","private sealed class UIPopup_RoulettePackage.<RouletteAnim>d__46 : IEnumerator<object>, IEnumerator, IDisposable // TypeDefIndex: 2048"
"70124","class","UIPopup_RoulettePackage","2049","public class UIPopup_RoulettePackage : MonoBehaviour // TypeDefIndex: 2049"
"70277","class","SpecialBlockPackageItemInfo","2050","public class SpecialBlockPackageItemInfo // TypeDefIndex: 2050"
"70290","class","UIPopup_SpecialBlockPackage","2051","public class UIPopup_SpecialBlockPackage : UIPopup<UIPopup_SpecialBlockPackage> // TypeDefIndex: 2051"
"70386","class","UIPopup_StartPackage.","2052","private sealed class UIPopup_StartPackage.<>c // TypeDefIndex: 2052"
"70405","class","UIPopup_StartPackage","2053","public class UIPopup_StartPackage : UIPopup<UIPopup_StartPackage> // TypeDefIndex: 2053"
"70456","class","UIpopup_Roulette_RatePopup.CellInfo","2054","private class UIpopup_Roulette_RatePopup.CellInfo // TypeDefIndex: 2054"
"70472","class","UIpopup_Roulette_RatePopup.","2055","private sealed class UIpopup_Roulette_RatePopup.<>c // TypeDefIndex: 2055"
"70495","class","UIpopup_Roulette_RatePopup","2056","public class UIpopup_Roulette_RatePopup : UIPopup<UIpopup_Roulette_RatePopup> // TypeDefIndex: 2056"
"70528","class","UIListitem_CostumePackage","2057","public class UIListitem_CostumePackage : UIListitem_Package // TypeDefIndex: 2057"
"70569","class","UIPopup_Shop.","2058","private sealed class UIPopup_Shop.<>c__DisplayClass48_0 // TypeDefIndex: 2058"
"70585","class","UIPopup_Shop","2059","public class UIPopup_Shop : UIPopup<UIPopup_Shop> // TypeDefIndex: 2059"
"70831","class","UIPopup_VideoBonus.","2060","private sealed class UIPopup_VideoBonus.<>c // TypeDefIndex: 2060"
"70873","class","UIPopup_VideoBonus.","2061","private sealed class UIPopup_VideoBonus.<>c__DisplayClass28_0 // TypeDefIndex: 2061"
"70890","class","UIPopup_VideoBonus.","2062","private sealed class UIPopup_VideoBonus.<>c__DisplayClass30_0 // TypeDefIndex: 2062"
"70907","class","UIPopup_VideoBonus.","2063","private sealed class UIPopup_VideoBonus.<AllBuyCoroutine>d__31 : IEnumerator<object>, IEnumerator, IDisposable // TypeDefIndex: 2063"
"70948","class","UIPopup_VideoBonus","2064","public class UIPopup_VideoBonus : UIPopup<UIPopup_VideoBonus> // TypeDefIndex: 2064"
"71054","interface","IUIPopup","2065","public interface IUIPopup // TypeDefIndex: 2065"
"71072","class","UIPopup","2066","public class UIPopup<T> : MonoBehaviour, IUIPopup // TypeDefIndex: 2066"
"71244","class","UIPopup_AIChatbotGuide","2067","public class UIPopup_AIChatbotGuide : UIPopup<UIPopup_AIChatbotGuide> // TypeDefIndex: 2067"
"71263","struct","AddLineRewardAmount","2068","internal struct AddLineRewardAmount // TypeDefIndex: 2068"
"71273","class","UIPopup_AddLinePack.","2069","private sealed class UIPopup_AddLinePack.<>c__DisplayClass17_0 // TypeDefIndex: 2069"
"71290","class","UIPopup_AddLinePack.","2070","private sealed class UIPopup_AddLinePack.<>c__DisplayClass17_1 // TypeDefIndex: 2070"
"71309","class","UIPopup_AddLinePack.","2071","private sealed class UIPopup_AddLinePack.<>c__DisplayClass19_0 // TypeDefIndex: 2071"
"71328","class","UIPopup_AddLinePack","2072","public class UIPopup_AddLinePack : UIPopup<UIPopup_AddLinePack> // TypeDefIndex: 2072"
"71379","class","UIPopup_AddLineUnlock","2073","public class UIPopup_AddLineUnlock : UIPopup<UIPopup_AddLineUnlock> // TypeDefIndex: 2073"
"71395","class","UIPopup_AdsRemovePackage.","2074","private sealed class UIPopup_AdsRemovePackage.<>c__DisplayClass14_0 // TypeDefIndex: 2074"
"71411","class","UIPopup_AdsRemovePackage","2075","public class UIPopup_AdsRemovePackage : UIPopup<UIPopup_AdsRemovePackage> // TypeDefIndex: 2075"
"71464","class","UIPopup_AlarmSetting","2076","public class UIPopup_AlarmSetting : UIPopup<UIPopup_AlarmSetting> // TypeDefIndex: 2076"
"71482","class","UIPopup_AlbumDetail","2077","public class UIPopup_AlbumDetail : UIPopup<UIPopup_AlbumDetail> // TypeDefIndex: 2077"
"71570","class","UIPopup_BingoRegister.","2078","private sealed class UIPopup_BingoRegister.<>c // TypeDefIndex: 2078"
"71590","class","UIPopup_BingoRegister.","2079","private sealed class UIPopup_BingoRegister.<WaitOpenBlockInfoPopup>d__11 : IEnumerator<object>, IEnumerator, IDisposable // TypeDefIndex: 2079"
"71627","class","UIPopup_BingoRegister","2080","public class UIPopup_BingoRegister : UIPopup<UIPopup_BingoRegister> // TypeDefIndex: 2080"
"71666","class","UIPopup_BlockDetailInfo","2081","public class UIPopup_BlockDetailInfo : UIPopup<UIPopup_BlockDetailInfo> // TypeDefIndex: 2081"
"71705","class","UIPopup_BlockInfo","2082","public class UIPopup_BlockInfo : UIPopup<UIPopup_BlockInfo> // TypeDefIndex: 2082"
"71809","class","UIPopup_BuildLoading.AnimationInfo","2083","public class UIPopup_BuildLoading.AnimationInfo // TypeDefIndex: 2083"
"71827","class","UIPopup_BuildLoading.","2084","private sealed class UIPopup_BuildLoading.<>c // TypeDefIndex: 2084"
"71847","class","UIPopup_BuildLoading.","2085","private sealed class UIPopup_BuildLoading.<>c__DisplayClass9_0 // TypeDefIndex: 2085"
"71862","class","UIPopup_BuildLoading","2086","public class UIPopup_BuildLoading : UIPopup<UIPopup_BuildLoading> // TypeDefIndex: 2086"
"71901","class","UIPopup_BuyPurchase","2087","public class UIPopup_BuyPurchase : UIPopup<UIPopup_BuyPurchase> // TypeDefIndex: 2087"
"71935","class","UIPopup_CafeNameChange","2088","public class UIPopup_CafeNameChange : UIPopup<UIPopup_CafeNameChange> // TypeDefIndex: 2088"
"71974","class","UIPopup_CardPackInfo.","2089","private sealed class UIPopup_CardPackInfo.<>c // TypeDefIndex: 2089"
"71993","class","UIPopup_CardPackInfo","2090","public class UIPopup_CardPackInfo : UIPopup<UIPopup_CardPackInfo> // TypeDefIndex: 2090"
"72020","class","UIPopup_Collectible","2091","public class UIPopup_Collectible : UIPopup<UIPopup_Collectible> // TypeDefIndex: 2091"
"72042","class","UIPopup_CouponEnter.","2092","private sealed class UIPopup_CouponEnter.<>c__DisplayClass3_0 // TypeDefIndex: 2092"
"72063","class","UIPopup_CouponEnter","2093","public class UIPopup_CouponEnter : UIPopup<UIPopup_CouponEnter> // TypeDefIndex: 2093"
"72091","class","UIPopup_CustomerChat.","2094","private sealed class UIPopup_CustomerChat.<>c__DisplayClass35_0 // TypeDefIndex: 2094"
"72109","class","UIPopup_CustomerChat.","2095","private sealed class UIPopup_CustomerChat.<>c__DisplayClass58_0 // TypeDefIndex: 2095"
"72126","class","UIPopup_CustomerChat.","2096","private sealed class UIPopup_CustomerChat.<AnimateCharacter>d__42 : IEnumerator<object>, IEnumerator, IDisposable // TypeDefIndex: 2096"
"72173","class","UIPopup_CustomerChat","2097","public class UIPopup_CustomerChat : UIPopup<UIPopup_CustomerChat> // TypeDefIndex: 2097"
"72347","class","UIPopup_CustomerInfo.","2098","private sealed class UIPopup_CustomerInfo.<>c // TypeDefIndex: 2098"
"72379","class","UIPopup_CustomerInfo.","2099","private sealed class UIPopup_CustomerInfo.<>c__DisplayClass63_0 // TypeDefIndex: 2099"
"72416","class","UIPopup_CustomerInfo.","2100","private sealed class UIPopup_CustomerInfo.<>c__DisplayClass65_0 // TypeDefIndex: 2100"
"72432","class","UIPopup_CustomerInfo.","2101","private sealed class UIPopup_CustomerInfo.<>c__DisplayClass69_0 // TypeDefIndex: 2101"
"72453","class","UIPopup_CustomerInfo.","2102","private sealed class UIPopup_CustomerInfo.<>c__DisplayClass71_0 // TypeDefIndex: 2102"
"72469","class","UIPopup_CustomerInfo","2103","public class UIPopup_CustomerInfo : UIPopup<UIPopup_CustomerInfo> // TypeDefIndex: 2103"
"72680","class","UIPopup_CustomerStory","2104","public class UIPopup_CustomerStory : UIPopup<UIPopup_CustomerStory> // TypeDefIndex: 2104"
"72703","class","UIPopup_DailyMission","2105","public class UIPopup_DailyMission : UIPopup<UIPopup_DailyMission> // TypeDefIndex: 2105"
"72712","class","UIPopup_DecoItemInfo","2106","public class UIPopup_DecoItemInfo : UIPopup<UIPopup_DecoItemInfo> // TypeDefIndex: 2106"
"72738","class","UIPopup_DesignedBoxOpen","2107","public class UIPopup_DesignedBoxOpen : UIPopup<UIPopup_DesignedBoxOpen> // TypeDefIndex: 2107"
"72769","class","UIPopup_DiaryWriteConfirm","2108","public class UIPopup_DiaryWriteConfirm : UIPopup<UIPopup_DiaryWriteConfirm> // TypeDefIndex: 2108"
"72795","class","UIPopup_DormitoryChoice.","2109","private sealed class UIPopup_DormitoryChoice.<>c__DisplayClass35_0 // TypeDefIndex: 2109"
"72815","class","UIPopup_DormitoryChoice.","2110","private sealed class UIPopup_DormitoryChoice.<ScrollToPosition>d__29 : IEnumerator<object>, IEnumerator, IDisposable // TypeDefIndex: 2110"
"72856","class","UIPopup_DormitoryChoice","2111","public class UIPopup_DormitoryChoice : UIPopup<UIPopup_DormitoryChoice> // TypeDefIndex: 2111"
"72961","class","UIPopup_DormitoryGuide.","2112","private sealed class UIPopup_DormitoryGuide.<StartPercent>d__5 : IEnumerator<object>, IEnumerator, IDisposable // TypeDefIndex: 2112"
"73000","class","UIPopup_DormitoryGuide","2113","public class UIPopup_DormitoryGuide : UIPopup_MinigameGuide // TypeDefIndex: 2113"
"73028","class","UIPopup_DormitoryQuest.","2114","private sealed class UIPopup_DormitoryQuest.<>c__DisplayClass25_0 // TypeDefIndex: 2114"
"73047","class","UIPopup_DormitoryQuest","2115","public class UIPopup_DormitoryQuest : UIPopup<UIPopup_DormitoryQuest> // TypeDefIndex: 2115"
"73133","class","UIPopup_DuckTube.","2116","private sealed class UIPopup_DuckTube.<>c__DisplayClass10_0 // TypeDefIndex: 2116"
"73154","class","UIPopup_DuckTube","2117","public class UIPopup_DuckTube : UIPopup<UIPopup_DuckTube> // TypeDefIndex: 2117"
"73195","class","UIPopup_EchoArchiveGuide_Fabricate","2118","public class UIPopup_EchoArchiveGuide_Fabricate : UIPopup<UIPopup_EchoArchiveGuide_Fabricate> // TypeDefIndex: 2118"
"73244","class","EchoArchiveEpisodeInfo","2119","public class EchoArchiveEpisodeInfo : InfiniteScrollData // TypeDefIndex: 2119"
"73259","class","EchoArchiveUnlockInfo","2120","public class EchoArchiveUnlockInfo // TypeDefIndex: 2120"
"73273","class","UIPopup_EchoArchive_SelectEpisode.","2121","private sealed class UIPopup_EchoArchive_SelectEpisode.<>c__DisplayClass26_0 // TypeDefIndex: 2121"
"73290","class","UIPopup_EchoArchive_SelectEpisode.","2122","private sealed class UIPopup_EchoArchive_SelectEpisode.<>c__DisplayClass30_0 // TypeDefIndex: 2122"
"73314","class","UIPopup_EchoArchive_SelectEpisode","2123","public class UIPopup_EchoArchive_SelectEpisode : UIPopup<UIPopup_EchoArchive_SelectEpisode> // TypeDefIndex: 2123"
"73416","class","UIPopup_Energy","2124","public class UIPopup_Energy : UIPopup<UIPopup_Energy> // TypeDefIndex: 2124"
"73524","class","UIPopup_EnergyPackage","2125","public class UIPopup_EnergyPackage : UIPopup<UIPopup_EnergyPackage> // TypeDefIndex: 2125"
"73552","class","UIPopup_EventEnd","2126","public class UIPopup_EventEnd : UIPopup<UIPopup_EventEnd> // TypeDefIndex: 2126"
"73598","class","UIPopup_EventFindEvidenceGuide","2127","public class UIPopup_EventFindEvidenceGuide : UIPopup<UIPopup_EventFindEvidenceGuide> // TypeDefIndex: 2127"
"73609","class","UIPopup_EventWhiteDay.","2128","private sealed class UIPopup_EventWhiteDay.<>c // TypeDefIndex: 2128"
"73629","class","UIPopup_EventWhiteDay.","2129","private sealed class UIPopup_EventWhiteDay.<>c__DisplayClass46_0 // TypeDefIndex: 2129"
"73646","class","UIPopup_EventWhiteDay.","2130","private sealed class UIPopup_EventWhiteDay.<AnimateSliderFill>d__44 : IEnumerator<object>, IEnumerator, IDisposable // TypeDefIndex: 2130"
"73691","class","UIPopup_EventWhiteDay.","2131","private sealed class UIPopup_EventWhiteDay.<FireCooldownRoutine>d__41 : IEnumerator<object>, IEnumerator, IDisposable // TypeDefIndex: 2131"
"73730","class","UIPopup_EventWhiteDay.","2132","private sealed class UIPopup_EventWhiteDay.<HoleStateAnim>d__51 : IEnumerator<object>, IEnumerator, IDisposable // TypeDefIndex: 2132"
"73774","class","UIPopup_EventWhiteDay.","2133","private sealed class UIPopup_EventWhiteDay.<NextStepLoadingAnim>d__48 : IEnumerator<object>, IEnumerator, IDisposable // TypeDefIndex: 2133"
"73812","class","UIPopup_EventWhiteDay","2134","public class UIPopup_EventWhiteDay : UIPopup<UIPopup_EventWhiteDay> // TypeDefIndex: 2134"
"73986","class","UIPopup_Event_Spring_01","2135","public class UIPopup_Event_Spring_01 : UIPopup<UIPopup_Event_Spring_01> // TypeDefIndex: 2135"
"74026","class","FabricateBlockInfoType","2136","public class FabricateBlockInfoType // TypeDefIndex: 2136"
"74042","class","UIPopup_FabricateBlockInfo.","2137","private sealed class UIPopup_FabricateBlockInfo.<>c // TypeDefIndex: 2137"
"74061","class","UIPopup_FabricateBlockInfo","2138","public class UIPopup_FabricateBlockInfo : UIPopup<UIPopup_FabricateBlockInfo> // TypeDefIndex: 2138"
"74098","class","UIPopup_FabricateProduct_BlockInfo","2139","public class UIPopup_FabricateProduct_BlockInfo : UIPopup<UIPopup_FabricateProduct_BlockInfo> // TypeDefIndex: 2139"
"74135","class","UIPopup_GoldenWorm.","2140","private sealed class UIPopup_GoldenWorm.<>c__DisplayClass10_0 // TypeDefIndex: 2140"
"74159","class","UIPopup_GoldenWorm","2141","public class UIPopup_GoldenWorm : UIPopup<UIPopup_GoldenWorm> // TypeDefIndex: 2141"
"74202","class","UIPopup_HighKuji.","2142","private sealed class UIPopup_HighKuji.<>c // TypeDefIndex: 2142"
"74222","class","UIPopup_HighKuji.","2143","private sealed class UIPopup_HighKuji.<>c__DisplayClass18_0 // TypeDefIndex: 2143"
"74237","class","UIPopup_HighKuji","2144","public class UIPopup_HighKuji : MonoBehaviour // TypeDefIndex: 2144"
"74317","class","UIPopup_HighKuji_Parent","2145","public class UIPopup_HighKuji_Parent : UIPopup<UIPopup_HighKuji_Parent> // TypeDefIndex: 2145"
"74360","class","UIPopup_HighKuji_RatePopup.","2146","private sealed class UIPopup_HighKuji_RatePopup.<>c // TypeDefIndex: 2146"
"74380","class","UIPopup_HighKuji_RatePopup.","2147","private sealed class UIPopup_HighKuji_RatePopup.<>c__DisplayClass10_0 // TypeDefIndex: 2147"
"74402","class","UIPopup_HighKuji_RatePopup.","2148","private sealed class UIPopup_HighKuji_RatePopup.<>c__DisplayClass9_0 // TypeDefIndex: 2148"
"74419","class","UIPopup_HighKuji_RatePopup","2149","public class UIPopup_HighKuji_RatePopup : UIPopup<UIPopup_HighKuji_RatePopup> // TypeDefIndex: 2149"
"74453","class","UIPopup_InGameCutScene.","2150","private sealed class UIPopup_InGameCutScene.<>c__DisplayClass4_0 // TypeDefIndex: 2150"
"74469","class","UIPopup_InGameCutScene","2151","public class UIPopup_InGameCutScene : UIPopup<UIPopup_InGameCutScene> // TypeDefIndex: 2151"
"74497","class","UIPopup_InGameResChange","2152","public class UIPopup_InGameResChange : UIPopup<UIPopup_InGameResChange> // TypeDefIndex: 2152"
"74597","class","UIPopup_Inventory","2153","public class UIPopup_Inventory : UIPopup<UIPopup_Inventory> // TypeDefIndex: 2153"
"74690","class","LevelPassRewardItemData","2154","public class LevelPassRewardItemData : InfiniteScrollData // TypeDefIndex: 2154"
"74712","class","UIPopup_LevelPassBase.","2155","private sealed class UIPopup_LevelPassBase.<>c__DisplayClass24_0 // TypeDefIndex: 2155"
"74731","class","UIPopup_LevelPassBase","2156","public class UIPopup_LevelPassBase : MonoBehaviour // TypeDefIndex: 2156"
"74830","class","UIPopup_LevelPassClose_PassCheck","2157","public class UIPopup_LevelPassClose_PassCheck : UIPopup<UIPopup_LevelPassClose_PassCheck> // TypeDefIndex: 2157"
"74876","class","UIPopup_LikeAbilityBlockInfo","2158","public class UIPopup_LikeAbilityBlockInfo : UIPopup<UIPopup_LikeAbilityBlockInfo> // TypeDefIndex: 2158"
"74909","class","UIPopup_Loading","2159","public class UIPopup_Loading : UIPopup<UIPopup_Loading> // TypeDefIndex: 2159"
"74929","class","UIPopup_MaidAIChatADItem","2160","public class UIPopup_MaidAIChatADItem : UIPopup<UIPopup_MaidAIChatADItem> // TypeDefIndex: 2160"
"75014","class","UIPopup_MaidAIChatAIDisclosure","2161","public class UIPopup_MaidAIChatAIDisclosure : UIPopup<UIPopup_MaidAIChatAIDisclosure> // TypeDefIndex: 2161"
"75044","class","UIPopup_MaidAIChatEndingImageGenerate.","2162","private sealed class UIPopup_MaidAIChatEndingImageGenerate.<>c__DisplayClass76_0 // TypeDefIndex: 2162"
"75060","struct","UIPopup_MaidAIChatEndingImageGenerate.","2163","private struct UIPopup_MaidAIChatEndingImageGenerate.<DownloadTextureAsync>d__75 : IAsyncStateMachine // TypeDefIndex: 2163"
"75081","struct","UIPopup_MaidAIChatEndingImageGenerate.","2164","private struct UIPopup_MaidAIChatEndingImageGenerate.<OnClickYes>d__36 : IAsyncStateMachine // TypeDefIndex: 2164"
"75106","struct","UIPopup_MaidAIChatEndingImageGenerate.","2165","private struct UIPopup_MaidAIChatEndingImageGenerate.<RecoverPendingEndingImageJobAsync>d__48 : IAsyncStateMachine // TypeDefIndex: 2165"
"75129","class","UIPopup_MaidAIChatEndingImageGenerate.","2166","private sealed class UIPopup_MaidAIChatEndingImageGenerate.<RefreshGenerateCostTextNextFrame>d__42 : IEnumerator<object>, IEnumerator, IDisposable // TypeDefIndex: 2166"
"75168","struct","UIPopup_MaidAIChatEndingImageGenerate.","2167","private struct UIPopup_MaidAIChatEndingImageGenerate.<ResolvePendingJobResponseAsync>d__64 : IAsyncStateMachine // TypeDefIndex: 2167"
"75188","class","UIPopup_MaidAIChatEndingImageGenerate","2168","public class UIPopup_MaidAIChatEndingImageGenerate : UIPopup<UIPopup_MaidAIChatEndingImageGenerate> // TypeDefIndex: 2168"
"75414","class","UIPopup_MaidAIChatNetworkError","2169","public class UIPopup_MaidAIChatNetworkError : UIPopup<UIPopup_MaidAIChatNetworkError> // TypeDefIndex: 2169"
"75436","struct","UIPopup_MaidAIChatReport.","2170","private struct UIPopup_MaidAIChatReport.<OnClickSubmit>d__18 : IAsyncStateMachine // TypeDefIndex: 2170"
"75456","class","UIPopup_MaidAIChatReport","2171","public class UIPopup_MaidAIChatReport : UIPopup<UIPopup_MaidAIChatReport> // TypeDefIndex: 2171"
"75517","class","UIPopup_MaidAIChatServerCheck","2172","public class UIPopup_MaidAIChatServerCheck : UIPopup<UIPopup_MaidAIChatServerCheck> // TypeDefIndex: 2172"
"75529","class","UIPopup_MaidChatNotice","2173","public class UIPopup_MaidChatNotice : UIPopup<UIPopup_MaidChatNotice> // TypeDefIndex: 2173"
"75556","class","UIPopup_MaidChatSkip","2174","public class UIPopup_MaidChatSkip : UIPopup<UIPopup_MaidChatSkip> // TypeDefIndex: 2174"
"75577","class","UIPopup_MaidCouponSelect","2175","public class UIPopup_MaidCouponSelect : UIPopup<UIPopup_MaidCouponSelect> // TypeDefIndex: 2175"
"75629","class","UIPopup_MaidLevelUp","2176","public class UIPopup_MaidLevelUp : UIPopup<UIPopup_MaidLevelUp> // TypeDefIndex: 2176"
"75658","class","MaidData","2177","public class MaidData // TypeDefIndex: 2177"
"75673","class","UIPopup_MaidLobbySelect","2178","public class UIPopup_MaidLobbySelect : UIPopup<UIPopup_MaidLobbySelect> // TypeDefIndex: 2178"
"75711","class","UIPopup_MaidNote","2179","public class UIPopup_MaidNote : UIPopup<UIPopup_MaidNote> // TypeDefIndex: 2179"
"76077","class","UIPopup_MaidSelect","2180","public class UIPopup_MaidSelect : UIPopup<UIPopup_MaidSelect> // TypeDefIndex: 2180"
"76119","class","UIPopup_MasterHeartCharge","2181","public class UIPopup_MasterHeartCharge : UIPopup<UIPopup_MasterHeartCharge> // TypeDefIndex: 2181"
"76167","struct","UIPopup_MasterHeartChatEndingResult.","2182","private struct UIPopup_MasterHeartChatEndingResult.<LoadArchivePreviewAsync>d__127 : IAsyncStateMachine // TypeDefIndex: 2182"
"76187","struct","UIPopup_MasterHeartChatEndingResult.","2183","private struct UIPopup_MasterHeartChatEndingResult.<LoadEndingAsync>d__59 : IAsyncStateMachine // TypeDefIndex: 2183"
"76206","class","UIPopup_MasterHeartChatEndingResult","2184","public class UIPopup_MasterHeartChatEndingResult : UIPopup<UIPopup_MasterHeartChatEndingResult> // TypeDefIndex: 2184"
"76617","class","UIPopup_MemoryCardBoard.","2185","private sealed class UIPopup_MemoryCardBoard.<>c__DisplayClass41_0 // TypeDefIndex: 2185"
"76635","class","UIPopup_MemoryCardBoard.","2186","private sealed class UIPopup_MemoryCardBoard.<AnimateCardRoutine>d__46 : IEnumerator<object>, IEnumerator, IDisposable // TypeDefIndex: 2186"
"76682","class","UIPopup_MemoryCardBoard.","2187","private sealed class UIPopup_MemoryCardBoard.<FingerWatcherRoutine>d__40 : IEnumerator<object>, IEnumerator, IDisposable // TypeDefIndex: 2187"
"76721","class","UIPopup_MemoryCardBoard.","2188","private sealed class UIPopup_MemoryCardBoard.<PlayProducePulseRoutine>d__55 : IEnumerator<object>, IEnumerator, IDisposable // TypeDefIndex: 2188"
"76766","class","UIPopup_MemoryCardBoard.","2189","private sealed class UIPopup_MemoryCardBoard.<PostCompleteDelayRoutine>d__52 : IEnumerator<object>, IEnumerator, IDisposable // TypeDefIndex: 2189"
"76804","class","UIPopup_MemoryCardBoard","2190","public class UIPopup_MemoryCardBoard : UIPopup<UIPopup_MemoryCardBoard> // TypeDefIndex: 2190"
"76960","class","UIPopup_MemoryCardInfo","2191","public class UIPopup_MemoryCardInfo : UIPopup<UIPopup_MemoryCardInfo> // TypeDefIndex: 2191"
"77060","class","UIPopup_MemoryCardInfo_CardShop","2192","public class UIPopup_MemoryCardInfo_CardShop : UIPopup<UIPopup_MemoryCardInfo_CardShop> // TypeDefIndex: 2192"
"77080","struct","UIPopup_MemoryCardProbability.Row","2193","private struct UIPopup_MemoryCardProbability.Row // TypeDefIndex: 2193"
"77088","class","UIPopup_MemoryCardProbability","2194","public class UIPopup_MemoryCardProbability : UIPopup<UIPopup_MemoryCardProbability> // TypeDefIndex: 2194"
"77126","class","TabIndexHolder","2195","public sealed class TabIndexHolder : MonoBehaviour // TypeDefIndex: 2195"
"77140","class","MemoryCardTabItem","2196","public class MemoryCardTabItem // TypeDefIndex: 2196"
"77160","class","UIPopup_MemoryCardShop.","2197","private sealed class UIPopup_MemoryCardShop.<>c // TypeDefIndex: 2197"
"77188","class","UIPopup_MemoryCardShop.","2198","private sealed class UIPopup_MemoryCardShop.<>c__DisplayClass37_0 // TypeDefIndex: 2198"
"77205","class","UIPopup_MemoryCardShop.","2199","private sealed class UIPopup_MemoryCardShop.<>c__DisplayClass38_0 // TypeDefIndex: 2199"
"77221","class","UIPopup_MemoryCardShop","2200","public class UIPopup_MemoryCardShop : UIPopup<UIPopup_MemoryCardShop> // TypeDefIndex: 2200"
"77443","class","UIPopup_MemoryCard_BuyTickets","2201","public class UIPopup_MemoryCard_BuyTickets : UIPopup<UIPopup_MemoryCard_BuyTickets> // TypeDefIndex: 2201"
"77471","class","UIPopup_MemoryCard_GachaResult.","2202","private sealed class UIPopup_MemoryCard_GachaResult.<>c // TypeDefIndex: 2202"
"77491","class","UIPopup_MemoryCard_GachaResult.","2203","private sealed class UIPopup_MemoryCard_GachaResult.<>c__DisplayClass36_0 // TypeDefIndex: 2203"
"77509","class","UIPopup_MemoryCard_GachaResult.","2204","private sealed class UIPopup_MemoryCard_GachaResult.<Co_AfterAllOpened>d__37 : IEnumerator<object>, IEnumerator, IDisposable // TypeDefIndex: 2204"
"77547","class","UIPopup_MemoryCard_GachaResult","2205","public class UIPopup_MemoryCard_GachaResult : UIPopup<UIPopup_MemoryCard_GachaResult> // TypeDefIndex: 2205"
"77660","class","UIPopup_MemoryTicketExchangeShop","2206","public class UIPopup_MemoryTicketExchangeShop : MonoBehaviour // TypeDefIndex: 2206"
"77730","class","UIPopup_Memory_GetEffect.","2207","private sealed class UIPopup_Memory_GetEffect.<WaitAndExecute>d__9 : IEnumerator<object>, IEnumerator, IDisposable // TypeDefIndex: 2207"
"77768","class","UIPopup_Memory_GetEffect","2208","public class UIPopup_Memory_GetEffect : UIPopup<UIPopup_Memory_GetEffect> // TypeDefIndex: 2208"
"77807","class","UIPopup_MiniGameEvent_BloodWorm.","2209","private sealed class UIPopup_MiniGameEvent_BloodWorm.<>c // TypeDefIndex: 2209"
"77859","class","UIPopup_MiniGameEvent_BloodWorm.","2210","private sealed class UIPopup_MiniGameEvent_BloodWorm.<>c__DisplayClass29_0 // TypeDefIndex: 2210"
"77886","class","UIPopup_MiniGameEvent_BloodWorm.","2211","private sealed class UIPopup_MiniGameEvent_BloodWorm.<>c__DisplayClass52_0 // TypeDefIndex: 2211"
"77903","class","UIPopup_MiniGameEvent_BloodWorm.","2212","private sealed class UIPopup_MiniGameEvent_BloodWorm.<>c__DisplayClass54_0 // TypeDefIndex: 2212"
"77928","class","UIPopup_MiniGameEvent_BloodWorm.","2213","private sealed class UIPopup_MiniGameEvent_BloodWorm.<>c__DisplayClass55_0 // TypeDefIndex: 2213"
"77944","class","UIPopup_MiniGameEvent_BloodWorm.","2214","private sealed class UIPopup_MiniGameEvent_BloodWorm.<>c__DisplayClass58_0 // TypeDefIndex: 2214"
"77969","class","UIPopup_MiniGameEvent_BloodWorm.","2215","private sealed class UIPopup_MiniGameEvent_BloodWorm.<>c__DisplayClass58_1 // TypeDefIndex: 2215"
"77984","class","UIPopup_MiniGameEvent_BloodWorm","2216","public class UIPopup_MiniGameEvent_BloodWorm : UIPopup<UIPopup_MiniGameEvent_BloodWorm> // TypeDefIndex: 2216"
"78145","class","UIPopup_MinigameGuide","2217","public class UIPopup_MinigameGuide : MonoBehaviour // TypeDefIndex: 2217"
"78187","class","UIPopup_MissionPass","2218","public class UIPopup_MissionPass : UIPopup<UIPopup_MissionPass> // TypeDefIndex: 2218"
"78245","class","UIPopup_MissionPassClose_PassCheck","2219","public class UIPopup_MissionPassClose_PassCheck : UIPopup<UIPopup_MissionPassClose_PassCheck> // TypeDefIndex: 2219"
"78293","class","UIPopup_MissionPassClose_RewardGet","2220","public class UIPopup_MissionPassClose_RewardGet : UIPopup<UIPopup_MissionPassClose_RewardGet> // TypeDefIndex: 2220"
"78332","class","UIPopup_MissionPassPurchase.","2221","private sealed class UIPopup_MissionPassPurchase.<>c__DisplayClass20_0 // TypeDefIndex: 2221"
"78349","class","UIPopup_MissionPassPurchase.","2222","private sealed class UIPopup_MissionPassPurchase.<>c__DisplayClass20_1 // TypeDefIndex: 2222"
"78366","class","UIPopup_MissionPassPurchase.","2223","private sealed class UIPopup_MissionPassPurchase.<>c__DisplayClass21_0 // TypeDefIndex: 2223"
"78383","class","UIPopup_MissionPassPurchase.","2224","private sealed class UIPopup_MissionPassPurchase.<>c__DisplayClass21_1 // TypeDefIndex: 2224"
"78399","class","UIPopup_MissionPassPurchase","2225","public class UIPopup_MissionPassPurchase : MonoBehaviour // TypeDefIndex: 2225"
"78461","class","UIPopup_MissionPassQuestComplete","2226","public class UIPopup_MissionPassQuestComplete : UIPopup<UIPopup_MissionPassQuestComplete> // TypeDefIndex: 2226"
"78492","class","UIPopup_MoreGames","2227","public class UIPopup_MoreGames : UIPopup<UIPopup_MoreGames> // TypeDefIndex: 2227"
"78521","struct","NeedleBlockDesc","2228","public struct NeedleBlockDesc // TypeDefIndex: 2228"
"78530","class","UIPopup_NeedleBlockInfo","2229","public class UIPopup_NeedleBlockInfo : UIPopup<UIPopup_NeedleBlockInfo> // TypeDefIndex: 2229"
"78566","class","UIPopup_NetworkError","2230","public class UIPopup_NetworkError : UIPopup<UIPopup_NetworkError> // TypeDefIndex: 2230"
"78589","struct","OptionTabUI","2231","public struct OptionTabUI // TypeDefIndex: 2231"
"78600","class","UIPopup_Option.","2232","private sealed class UIPopup_Option.<>c // TypeDefIndex: 2232"
"78623","class","UIPopup_Option","2233","public class UIPopup_Option : UIPopup<UIPopup_Option> // TypeDefIndex: 2233"
"78828","class","UIPopup_PassClose","2234","public class UIPopup_PassClose : UIPopup<UIPopup_PassClose> // TypeDefIndex: 2234"
"78846","class","UIPopup_PhotoCardDetail","2235","public class UIPopup_PhotoCardDetail : UIPopup<UIPopup_PhotoCardDetail> // TypeDefIndex: 2235"
"78899","struct","GrowProduceInfo","2236","public struct GrowProduceInfo // TypeDefIndex: 2236"
"78909","class","UIPopup_ProduceBlockInfo","2237","public class UIPopup_ProduceBlockInfo : UIPopup<UIPopup_ProduceBlockInfo> // TypeDefIndex: 2237"
"78992","class","UIPopup_QuestInfoList.","2238","private sealed class UIPopup_QuestInfoList.<>c // TypeDefIndex: 2238"
"79016","class","UIPopup_QuestInfoList.","2239","private sealed class UIPopup_QuestInfoList.<>c__DisplayClass10_0 // TypeDefIndex: 2239"
"79032","class","UIPopup_QuestInfoList.","2240","private sealed class UIPopup_QuestInfoList.<>c__DisplayClass11_0 // TypeDefIndex: 2240"
"79048","class","UIPopup_QuestInfoList.","2241","private sealed class UIPopup_QuestInfoList.<>c__DisplayClass12_0 // TypeDefIndex: 2241"
"79064","class","UIPopup_QuestInfoList.","2242","private sealed class UIPopup_QuestInfoList.<>c__DisplayClass8_0 // TypeDefIndex: 2242"
"79079","class","UIPopup_QuestInfoList","2243","public class UIPopup_QuestInfoList : UIPopup<UIPopup_QuestInfoList> // TypeDefIndex: 2243"
"79124","class","UIPopup_RateReview.","2244","private sealed class UIPopup_RateReview.<RequestGooglePlayStoreReviewCoroutine>d__11 : IEnumerator<object>, IEnumerator, IDisposable // TypeDefIndex: 2244"
"79164","class","UIPopup_RateReview","2245","public class UIPopup_RateReview : UIPopup<UIPopup_RateReview> // TypeDefIndex: 2245"
"79210","class","UIPopup_ReNamePreset","2246","public class UIPopup_ReNamePreset : MonoBehaviour // TypeDefIndex: 2246"
"79258","class","UIPopup_RewardGet","2247","public abstract class UIPopup_RewardGet<T> : UIPopup<T> // TypeDefIndex: 2247"
"79322","class","UIPopup_RewardGetAddScale.","2248","private sealed class UIPopup_RewardGetAddScale.<StartExpAddValue>d__10 : IEnumerator<object>, IEnumerator, IDisposable // TypeDefIndex: 2248"
"79360","class","UIPopup_RewardGetAddScale","2249","public class UIPopup_RewardGetAddScale : UIPopup<UIPopup_RewardGetAddScale> // TypeDefIndex: 2249"
"79394","class","PhotoCardGetInfo","2250","public class PhotoCardGetInfo // TypeDefIndex: 2250"
"79408","class","UIPopup_RewardGetMaidCoin","2251","public class UIPopup_RewardGetMaidCoin : UIPopup<UIPopup_RewardGetMaidCoin> // TypeDefIndex: 2251"
"79453","class","UIPopup_RewardGetMaidRelationship.","2252","private sealed class UIPopup_RewardGetMaidRelationship.<>c__DisplayClass19_0 // TypeDefIndex: 2252"
"79470","class","UIPopup_RewardGetMaidRelationship.","2253","private sealed class UIPopup_RewardGetMaidRelationship.<SetItemsDelay>d__13 : IEnumerator<object>, IEnumerator, IDisposable // TypeDefIndex: 2253"
"79510","class","UIPopup_RewardGetMaidRelationship","2254","public class UIPopup_RewardGetMaidRelationship : UIPopup_RewardGet<UIPopup_RewardGetMaidRelationship> // TypeDefIndex: 2254"
"79561","class","UIPopup_RewardGetNormal.","2255","private sealed class UIPopup_RewardGetNormal.<>c__DisplayClass15_0 // TypeDefIndex: 2255"
"79578","class","UIPopup_RewardGetNormal.","2256","private sealed class UIPopup_RewardGetNormal.<SetItemsDelay>d__10 : IEnumerator<object>, IEnumerator, IDisposable // TypeDefIndex: 2256"
"79617","class","UIPopup_RewardGetNormal","2257","public class UIPopup_RewardGetNormal : UIPopup_RewardGet<UIPopup_RewardGetNormal> // TypeDefIndex: 2257"
"79661","class","UIPopup_RewardGetPhotoCard.","2258","private sealed class UIPopup_RewardGetPhotoCard.<PhotoCardGage>d__22 : IEnumerator<object>, IEnumerator, IDisposable // TypeDefIndex: 2258"
"79701","class","UIPopup_RewardGetPhotoCard","2259","public class UIPopup_RewardGetPhotoCard : UIPopup<UIPopup_RewardGetPhotoCard> // TypeDefIndex: 2259"
"79762","class","UIPopup_RewardGetUserProfile.","2260","private sealed class UIPopup_RewardGetUserProfile.<SetItemsDelay>d__6 : IEnumerator<object>, IEnumerator, IDisposable // TypeDefIndex: 2260"
"79804","class","UIPopup_RewardGetUserProfile","2261","public class UIPopup_RewardGetUserProfile : UIPopup<UIPopup_RewardGetUserProfile> // TypeDefIndex: 2261"
"79839","class","UIPopup_RewardGet_CardAllComplete.","2262","private sealed class UIPopup_RewardGet_CardAllComplete.<>c__DisplayClass15_0 // TypeDefIndex: 2262"
"79856","class","UIPopup_RewardGet_CardAllComplete.","2263","private sealed class UIPopup_RewardGet_CardAllComplete.<SetItemsDelay>d__10 : IEnumerator<object>, IEnumerator, IDisposable // TypeDefIndex: 2263"
"79896","class","UIPopup_RewardGet_CardAllComplete","2264","public class UIPopup_RewardGet_CardAllComplete : UIPopup_RewardGet<UIPopup_RewardGet_CardAllComplete> // TypeDefIndex: 2264"
"79940","class","UIPopup_RewardGet_CardGroupComplete.","2265","private sealed class UIPopup_RewardGet_CardGroupComplete.<RewardItemDelayCo>d__9 : IEnumerator<object>, IEnumerator, IDisposable // TypeDefIndex: 2265"
"79979","class","UIPopup_RewardGet_CardGroupComplete","2266","public class UIPopup_RewardGet_CardGroupComplete : UIPopup_RewardGet<UIPopup_RewardGet_CardGroupComplete> // TypeDefIndex: 2266"
"80020","class","UIPopup_RewardGet_CardPack.","2267","private sealed class UIPopup_RewardGet_CardPack.<>c // TypeDefIndex: 2267"
"80048","class","UIPopup_RewardGet_CardPack.","2268","private sealed class UIPopup_RewardGet_CardPack.<StartCardOpenAnim>d__28 : IEnumerator<object>, IEnumerator, IDisposable // TypeDefIndex: 2268"
"80089","class","UIPopup_RewardGet_CardPack","2269","public class UIPopup_RewardGet_CardPack : UIPopup_RewardGet<UIPopup_RewardGet_CardPack> // TypeDefIndex: 2269"
"80183","class","UIPopup_RewardGet_Costume","2270","public class UIPopup_RewardGet_Costume : UIPopup_RewardGet<UIPopup_RewardGet_Costume> // TypeDefIndex: 2270"
"80232","class","UIPopup_RewardGet_InGameRes.","2271","private sealed class UIPopup_RewardGet_InGameRes.<SetItemsDelay>d__6 : IEnumerator<object>, IEnumerator, IDisposable // TypeDefIndex: 2271"
"80275","class","UIPopup_RewardGet_InGameRes","2272","public class UIPopup_RewardGet_InGameRes : UIPopup<UIPopup_RewardGet_InGameRes> // TypeDefIndex: 2272"
"80309","enum","UIPopup_Reward_CustomerCoupon.CouponRewardState","2273","private enum UIPopup_Reward_CustomerCoupon.CouponRewardState // TypeDefIndex: 2273"
"80321","class","UIPopup_Reward_CustomerCoupon.","2274","private sealed class UIPopup_Reward_CustomerCoupon.<>c__DisplayClass51_0 // TypeDefIndex: 2274"
"80335","class","UIPopup_Reward_CustomerCoupon.","2275","private sealed class UIPopup_Reward_CustomerCoupon.<>c__DisplayClass51_1 // TypeDefIndex: 2275"
"80352","class","UIPopup_Reward_CustomerCoupon.","2276","private sealed class UIPopup_Reward_CustomerCoupon.<>c__DisplayClass51_2 // TypeDefIndex: 2276"
"80368","class","UIPopup_Reward_CustomerCoupon","2277","public class UIPopup_Reward_CustomerCoupon : UIPopup<UIPopup_Reward_CustomerCoupon> // TypeDefIndex: 2277"
"80540","class","UIPopup_RoomQuestInfo.","2278","private sealed class UIPopup_RoomQuestInfo.<>c // TypeDefIndex: 2278"
"80559","class","UIPopup_RoomQuestInfo","2279","public class UIPopup_RoomQuestInfo : UIPopup<UIPopup_RoomQuestInfo> // TypeDefIndex: 2279"
"80648","class","UIPopup_Roulette_Parent","2280","public class UIPopup_Roulette_Parent : UIPopup<UIPopup_Roulette_Parent> // TypeDefIndex: 2280"
"80689","class","UIPopup_SaveCampaign.","2281","private sealed class UIPopup_SaveCampaign.<SetDescCoroutine>d__11 : IEnumerator<object>, IEnumerator, IDisposable // TypeDefIndex: 2281"
"80727","class","UIPopup_SaveCampaign","2282","public class UIPopup_SaveCampaign : UIPopup<UIPopup_SaveCampaign> // TypeDefIndex: 2282"
"80787","class","UIPopup_SelectBox.","2283","private sealed class UIPopup_SelectBox.<>c // TypeDefIndex: 2283"
"80807","class","UIPopup_SelectBox.","2284","private sealed class UIPopup_SelectBox.<>c__DisplayClass33_0 // TypeDefIndex: 2284"
"80830","class","UIPopup_SelectBox","2285","public class UIPopup_SelectBox : UIPopup<UIPopup_SelectBox> // TypeDefIndex: 2285"
"80915","class","UIPopup_SpecialAttendancePackage","2286","public class UIPopup_SpecialAttendancePackage : UIPopup<UIPopup_SpecialAttendancePackage> // TypeDefIndex: 2286"
"80970","enum","StoryAudioType","2287","public enum StoryAudioType // TypeDefIndex: 2287"
"80980","class","StoryAudioInfo","2288","public class StoryAudioInfo // TypeDefIndex: 2288"
"80994","enum","StoryAnimStep","2289","public enum StoryAnimStep // TypeDefIndex: 2289"
"81019","enum","StoryCameraZoomType","2290","public enum StoryCameraZoomType // TypeDefIndex: 2290"
"81039","class","UIPopup_Story.","2291","private sealed class UIPopup_Story.<>c__DisplayClass78_0 // TypeDefIndex: 2291"
"81056","class","UIPopup_Story.","2292","private sealed class UIPopup_Story.<EndCorutine>d__84 : IEnumerator<object>, IEnumerator, IDisposable // TypeDefIndex: 2292"
"81095","class","UIPopup_Story.","2293","private sealed class UIPopup_Story.<StartCameraMove>d__90 : IEnumerator<object>, IEnumerator, IDisposable // TypeDefIndex: 2293"
"81137","class","UIPopup_Story","2294","public class UIPopup_Story : MonoBehaviourSingleton<UIPopup_Story> // TypeDefIndex: 2294"
"81377","class","UIPopup_SubMapEnd_RewardGet","2295","public class UIPopup_SubMapEnd_RewardGet : UIPopup<UIPopup_SubMapEnd_RewardGet> // TypeDefIndex: 2295"
"81416","class","ProfileChangeItemData","2296","public class ProfileChangeItemData : InfiniteScrollData // TypeDefIndex: 2296"
"81433","class","UIPopup_UserProfile","2297","public class UIPopup_UserProfile : UIPopup<UIPopup_UserProfile> // TypeDefIndex: 2297"
"81544","class","UIPopup_VillageBuild.","2298","private sealed class UIPopup_VillageBuild.<>c__DisplayClass34_0 // TypeDefIndex: 2298"
"81561","class","UIPopup_VillageBuild.","2299","private sealed class UIPopup_VillageBuild.<>c__DisplayClass39_0 // TypeDefIndex: 2299"
"81578","class","UIPopup_VillageBuild","2300","public class UIPopup_VillageBuild : UIPopup<UIPopup_VillageBuild> // TypeDefIndex: 2300"
"81704","class","UIPopup_WhiteDayPackage","2301","public class UIPopup_WhiteDayPackage : UIPopup<UIPopup_WhiteDayPackage> // TypeDefIndex: 2301"
"81732","class","UIPopup_WorkLog","2302","public class UIPopup_WorkLog : UIPopup<UIPopup_WorkLog> // TypeDefIndex: 2302"
"81853","class","UIPopup_WorkLog_GetDouble","2303","public class UIPopup_WorkLog_GetDouble : UIPopup<UIPopup_WorkLog_GetDouble> // TypeDefIndex: 2303"
"81885","class","UIpopup_HighKuji_Choice.","2304","private sealed class UIpopup_HighKuji_Choice.<SliderMoveForFirst>d__39 : IEnumerator<object>, IEnumerator, IDisposable // TypeDefIndex: 2304"
"81925","class","UIpopup_HighKuji_Choice","2305","public class UIpopup_HighKuji_Choice : UIPopup<UIpopup_HighKuji_Choice> // TypeDefIndex: 2305"
"82026","class","UIpopup_Profilepurchase","2306","public class UIpopup_Profilepurchase : UIPopup<UIpopup_Profilepurchase> // TypeDefIndex: 2306"
"82065","class","UiPopup_LevelPass","2307","public class UiPopup_LevelPass : UIPopup<UiPopup_LevelPass> // TypeDefIndex: 2307"
"82098","class","TouchEffectManager.","2308","private sealed class TouchEffectManager.<>c__DisplayClass18_0 // TypeDefIndex: 2308"
"82115","class","TouchEffectManager.","2309","private sealed class TouchEffectManager.<>c__DisplayClass20_0 // TypeDefIndex: 2309"
"82131","class","TouchEffectManager","2310","public class TouchEffectManager : MonoBehaviourSingleton<TouchEffectManager> // TypeDefIndex: 2310"
"82193","class","UITargetFinger.","2311","private sealed class UITargetFinger.<>c__DisplayClass25_0 // TypeDefIndex: 2311"
"82210","class","UITargetFinger","2312","public class UITargetFinger : MonoBehaviour // TypeDefIndex: 2312"
"82289","struct","TutorialTextInfo","2313","public struct TutorialTextInfo // TypeDefIndex: 2313"
"82300","struct","TutorialTextKey","2314","public struct TutorialTextKey // TypeDefIndex: 2314"
"82309","class","UITutorial","2315","public class UITutorial : MonoBehaviour // TypeDefIndex: 2315"
"82324","class","UITutorial_ApRecharge","2316","public class UITutorial_ApRecharge : UITutorial // TypeDefIndex: 2316"
"82399","class","UITutorial_AutoProduce.","2317","private sealed class UITutorial_AutoProduce.<>c__DisplayClass8_0 // TypeDefIndex: 2317"
"82415","class","UITutorial_AutoProduce","2318","public class UITutorial_AutoProduce : UITutorial // TypeDefIndex: 2318"
"82468","class","UITutorial_BlockInfo.","2319","private sealed class UITutorial_BlockInfo.<>c__DisplayClass24_0 // TypeDefIndex: 2319"
"82485","class","UITutorial_BlockInfo.","2320","private sealed class UITutorial_BlockInfo.<>c__DisplayClass25_0 // TypeDefIndex: 2320"
"82502","class","UITutorial_BlockInfo.","2321","private sealed class UITutorial_BlockInfo.<>c__DisplayClass26_0 // TypeDefIndex: 2321"
"82519","class","UITutorial_BlockInfo.","2322","private sealed class UITutorial_BlockInfo.<>c__DisplayClass27_0 // TypeDefIndex: 2322"
"82536","class","UITutorial_BlockInfo.","2323","private sealed class UITutorial_BlockInfo.<>c__DisplayClass28_0 // TypeDefIndex: 2323"
"82553","class","UITutorial_BlockInfo.","2324","private sealed class UITutorial_BlockInfo.<>c__DisplayClass28_1 // TypeDefIndex: 2324"
"82569","class","UITutorial_BlockInfo","2325","public class UITutorial_BlockInfo : UITutorial // TypeDefIndex: 2325"
"82665","class","UITutorial_BlockInfo_B.","2326","private sealed class UITutorial_BlockInfo_B.<>c__DisplayClass19_0 // TypeDefIndex: 2326"
"82682","class","UITutorial_BlockInfo_B.","2327","private sealed class UITutorial_BlockInfo_B.<>c__DisplayClass20_0 // TypeDefIndex: 2327"
"82699","class","UITutorial_BlockInfo_B.","2328","private sealed class UITutorial_BlockInfo_B.<>c__DisplayClass21_0 // TypeDefIndex: 2328"
"82716","class","UITutorial_BlockInfo_B.","2329","private sealed class UITutorial_BlockInfo_B.<>c__DisplayClass22_0 // TypeDefIndex: 2329"
"82733","class","UITutorial_BlockInfo_B.","2330","private sealed class UITutorial_BlockInfo_B.<>c__DisplayClass23_0 // TypeDefIndex: 2330"
"82749","class","UITutorial_BlockInfo_B","2331","public class UITutorial_BlockInfo_B : UITutorial // TypeDefIndex: 2331"
"82835","class","UITutorial_BlockInfo_Fabricate.","2332","private sealed class UITutorial_BlockInfo_Fabricate.<>c__DisplayClass7_0 // TypeDefIndex: 2332"
"82851","class","UITutorial_BlockInfo_Fabricate","2333","public class UITutorial_BlockInfo_Fabricate : UITutorial // TypeDefIndex: 2333"
"82895","class","UITutorial_BlockInfo_New.","2334","private sealed class UITutorial_BlockInfo_New.<>c__DisplayClass13_0 // TypeDefIndex: 2334"
"82912","class","UITutorial_BlockInfo_New.","2335","private sealed class UITutorial_BlockInfo_New.<>c__DisplayClass14_0 // TypeDefIndex: 2335"
"82928","class","UITutorial_BlockInfo_New","2336","public class UITutorial_BlockInfo_New : UITutorial // TypeDefIndex: 2336"
"82987","class","UITutorial_BubbleBlock.","2337","private sealed class UITutorial_BubbleBlock.<>c__DisplayClass8_0 // TypeDefIndex: 2337"
"83004","class","UITutorial_BubbleBlock.","2338","private sealed class UITutorial_BubbleBlock.<>c__DisplayClass9_0 // TypeDefIndex: 2338"
"83020","class","UITutorial_BubbleBlock","2339","public class UITutorial_BubbleBlock : UITutorial // TypeDefIndex: 2339"
"83072","class","UITutorial_Collection.","2340","private sealed class UITutorial_Collection.<>c__DisplayClass33_0 // TypeDefIndex: 2340"
"83088","class","UITutorial_Collection","2341","public class UITutorial_Collection : UITutorial // TypeDefIndex: 2341"
"83192","class","UITutorial_Costume.","2342","private sealed class UITutorial_Costume.<>c__DisplayClass22_0 // TypeDefIndex: 2342"
"83209","class","UITutorial_Costume.","2343","private sealed class UITutorial_Costume.<>c__DisplayClass23_0 // TypeDefIndex: 2343"
"83226","class","UITutorial_Costume.","2344","private sealed class UITutorial_Costume.<>c__DisplayClass24_0 // TypeDefIndex: 2344"
"83243","class","UITutorial_Costume.","2345","private sealed class UITutorial_Costume.<>c__DisplayClass25_0 // TypeDefIndex: 2345"
"83260","class","UITutorial_Costume.","2346","private sealed class UITutorial_Costume.<>c__DisplayClass26_0 // TypeDefIndex: 2346"
"83277","class","UITutorial_Costume.","2347","private sealed class UITutorial_Costume.<>c__DisplayClass27_0 // TypeDefIndex: 2347"
"83294","class","UITutorial_Costume.","2348","private sealed class UITutorial_Costume.<>c__DisplayClass28_0 // TypeDefIndex: 2348"
"83310","class","UITutorial_Costume","2349","public class UITutorial_Costume : UITutorial // TypeDefIndex: 2349"
"83439","class","UITutorial_CustomerEpisode","2350","public class UITutorial_CustomerEpisode : UITutorial // TypeDefIndex: 2350"
"83540","class","UITutorial_CustomerInfo","2351","public class UITutorial_CustomerInfo : UITutorial // TypeDefIndex: 2351"
"83617","class","UITutorial_Dormitory.","2352","private sealed class UITutorial_Dormitory.<>c__DisplayClass19_0 // TypeDefIndex: 2352"
"83634","class","UITutorial_Dormitory.","2353","private sealed class UITutorial_Dormitory.<>c__DisplayClass20_0 // TypeDefIndex: 2353"
"83650","class","UITutorial_Dormitory","2354","public class UITutorial_Dormitory : UITutorial // TypeDefIndex: 2354"
"83732","class","UITutorial_EchoArchive.","2355","private sealed class UITutorial_EchoArchive.<>c__DisplayClass21_0 // TypeDefIndex: 2355"
"83749","class","UITutorial_EchoArchive.","2356","private sealed class UITutorial_EchoArchive.<>c__DisplayClass22_0 // TypeDefIndex: 2356"
"83766","class","UITutorial_EchoArchive.","2357","private sealed class UITutorial_EchoArchive.<>c__DisplayClass24_0 // TypeDefIndex: 2357"
"83783","class","UITutorial_EchoArchive.","2358","private sealed class UITutorial_EchoArchive.<>c__DisplayClass26_0 // TypeDefIndex: 2358"
"83799","class","UITutorial_EchoArchive","2359","public class UITutorial_EchoArchive : UITutorial // TypeDefIndex: 2359"
"83898","class","UITutorial_InGame","2360","public class UITutorial_InGame : MonoBehaviour // TypeDefIndex: 2360"
"83913","class","UITutorial_InGameRes","2361","public class UITutorial_InGameRes : UITutorial // TypeDefIndex: 2361"
"83931","class","UITutorial_InGameTeamFormation","2362","public class UITutorial_InGameTeamFormation : UITutorial // TypeDefIndex: 2362"
"83985","class","UITutorial_Inventory.","2363","private sealed class UITutorial_Inventory.<>c // TypeDefIndex: 2363"
"84005","class","UITutorial_Inventory.","2364","private sealed class UITutorial_Inventory.<>c__DisplayClass13_0 // TypeDefIndex: 2364"
"84021","class","UITutorial_Inventory","2365","public class UITutorial_Inventory : UITutorial // TypeDefIndex: 2365"
"84072","class","UITutorial_LevelPass.","2366","private sealed class UITutorial_LevelPass.<>c__DisplayClass8_0 // TypeDefIndex: 2366"
"84089","class","UITutorial_LevelPass.","2367","private sealed class UITutorial_LevelPass.<>c__DisplayClass8_1 // TypeDefIndex: 2367"
"84106","class","UITutorial_LevelPass.","2368","private sealed class UITutorial_LevelPass.<>c__DisplayClass9_0 // TypeDefIndex: 2368"
"84122","class","UITutorial_LevelPass","2369","public class UITutorial_LevelPass : UITutorial // TypeDefIndex: 2369"
"84174","class","UITutorial_MaidAIChat.","2370","private sealed class UITutorial_MaidAIChat.<>c // TypeDefIndex: 2370"
"84194","class","UITutorial_MaidAIChat.","2371","private sealed class UITutorial_MaidAIChat.<>c__DisplayClass44_0 // TypeDefIndex: 2371"
"84211","class","UITutorial_MaidAIChat.","2372","private sealed class UITutorial_MaidAIChat.<>c__DisplayClass45_0 // TypeDefIndex: 2372"
"84228","class","UITutorial_MaidAIChat.","2373","private sealed class UITutorial_MaidAIChat.<>c__DisplayClass49_0 // TypeDefIndex: 2373"
"84245","class","UITutorial_MaidAIChat.","2374","private sealed class UITutorial_MaidAIChat.<>c__DisplayClass51_0 // TypeDefIndex: 2374"
"84262","class","UITutorial_MaidAIChat.","2375","private sealed class UITutorial_MaidAIChat.<>c__DisplayClass53_0 // TypeDefIndex: 2375"
"84278","class","UITutorial_MaidAIChat","2376","public class UITutorial_MaidAIChat : UITutorial // TypeDefIndex: 2376"
"84465","class","UITutorial_MaidAlbum","2377","public class UITutorial_MaidAlbum : UITutorial // TypeDefIndex: 2377"
"84483","class","UITutorial_MaidChat","2378","public class UITutorial_MaidChat : UITutorial // TypeDefIndex: 2378"
"84574","class","UITutorial_MaidGift","2379","public class UITutorial_MaidGift : UITutorial // TypeDefIndex: 2379"
"84718","class","UITutorial_MaidGiftInfo","2380","public class UITutorial_MaidGiftInfo : UITutorial // TypeDefIndex: 2380"
"84753","class","UITutorial_MaidLobby.","2381","private sealed class UITutorial_MaidLobby.<>c__DisplayClass16_0 // TypeDefIndex: 2381"
"84773","class","UITutorial_MaidLobby","2382","public class UITutorial_MaidLobby : UITutorial // TypeDefIndex: 2382"
"84829","class","UITutorial_MaidNote","2383","public class UITutorial_MaidNote : UITutorial // TypeDefIndex: 2383"
"84981","class","UITutorial_MaidSkill","2384","public class UITutorial_MaidSkill : UITutorial // TypeDefIndex: 2384"
"85083","class","UITutorial_MaidTeamFormation","2385","public class UITutorial_MaidTeamFormation : UITutorial // TypeDefIndex: 2385"
"85209","class","UITutorial_MemoryCardCollection.","2386","private sealed class UITutorial_MemoryCardCollection.<>c__DisplayClass16_0 // TypeDefIndex: 2386"
"85225","class","UITutorial_MemoryCardCollection","2387","public class UITutorial_MemoryCardCollection : UITutorial // TypeDefIndex: 2387"
"85307","class","UITutorial_MemoryCardShop.","2388","private sealed class UITutorial_MemoryCardShop.<>c__DisplayClass9_0 // TypeDefIndex: 2388"
"85323","class","UITutorial_MemoryCardShop","2389","public class UITutorial_MemoryCardShop : UITutorial // TypeDefIndex: 2389"
"85382","struct","MergeInfo","2390","public struct MergeInfo // TypeDefIndex: 2390"
"85397","class","UITutorial_Merge.","2391","private sealed class UITutorial_Merge.<>c__DisplayClass12_0 // TypeDefIndex: 2391"
"85414","class","UITutorial_Merge","2392","public class UITutorial_Merge : UITutorial // TypeDefIndex: 2392"
"85461","class","UITutorial_Merge_A","2393","public class UITutorial_Merge_A : UITutorial // TypeDefIndex: 2393"
"85505","class","UITutorial_Merge_FindBlock.","2394","private sealed class UITutorial_Merge_FindBlock.<>c__DisplayClass10_0 // TypeDefIndex: 2394"
"85522","class","UITutorial_Merge_FindBlock","2395","public class UITutorial_Merge_FindBlock : UITutorial // TypeDefIndex: 2395"
"85555","class","UITutorial_MultipleQuest","2396","public class UITutorial_MultipleQuest : UITutorial // TypeDefIndex: 2396"
"85612","class","UITutorial_NewEvent.","2397","private sealed class UITutorial_NewEvent.<>c__DisplayClass15_0 // TypeDefIndex: 2397"
"85628","class","UITutorial_NewEvent","2398","public class UITutorial_NewEvent : UITutorial // TypeDefIndex: 2398"
"85685","class","UITutorial_Produce.","2399","private sealed class UITutorial_Produce.<>c__DisplayClass8_0 // TypeDefIndex: 2399"
"85701","class","UITutorial_Produce","2400","public class UITutorial_Produce : UITutorial // TypeDefIndex: 2400"
"85733","class","UITutorial_QuestInfoCheck","2401","public class UITutorial_QuestInfoCheck : UITutorial // TypeDefIndex: 2401"
"85839","class","UITutorial_RandomRequest.","2402","private sealed class UITutorial_RandomRequest.<>c__DisplayClass18_0 // TypeDefIndex: 2402"
"85859","class","UITutorial_RandomRequest","2403","public class UITutorial_RandomRequest : UITutorial // TypeDefIndex: 2403"
"85927","class","UITutorial_Remodeling","2404","public class UITutorial_Remodeling : UITutorial // TypeDefIndex: 2404"
"86071","class","UITutorial_Remodeling_02","2405","public class UITutorial_Remodeling_02 : UITutorial // TypeDefIndex: 2405"
"86162","class","UITutorial_RequestComplete_GroupQuest","2406","public class UITutorial_RequestComplete_GroupQuest : UITutorial // TypeDefIndex: 2406"
"86275","class","UITutorial_RequestComplete_New","2407","public class UITutorial_RequestComplete_New : UITutorial // TypeDefIndex: 2407"
"86326","class","UITutorial_RequestComplete_Quest","2408","public class UITutorial_RequestComplete_Quest : UITutorial // TypeDefIndex: 2408"
"86377","class","UITutorial_Request_OutGame","2409","public class UITutorial_Request_OutGame : UITutorial // TypeDefIndex: 2409"
"86446","class","UITutorial_Request_OutGame_A","2410","public class UITutorial_Request_OutGame_A : UITutorial // TypeDefIndex: 2410"
"86505","class","UITutorial_ResetCoolTime.","2411","private sealed class UITutorial_ResetCoolTime.<>c__DisplayClass10_0 // TypeDefIndex: 2411"
"86522","class","UITutorial_ResetCoolTime.","2412","private sealed class UITutorial_ResetCoolTime.<>c__DisplayClass9_0 // TypeDefIndex: 2412"
"86538","class","UITutorial_ResetCoolTime","2413","public class UITutorial_ResetCoolTime : UITutorial // TypeDefIndex: 2413"
"86586","class","UITutorial_RewardBlock","2414","public class UITutorial_RewardBlock : UITutorial // TypeDefIndex: 2414"
"86635","class","UITutorial_RewardRandomBlock.","2415","private sealed class UITutorial_RewardRandomBlock.<>c__DisplayClass7_0 // TypeDefIndex: 2415"
"86651","class","UITutorial_RewardRandomBlock","2416","public class UITutorial_RewardRandomBlock : UITutorial // TypeDefIndex: 2416"
"86697","class","UITutorial_SchoolUniform.","2417","private sealed class UITutorial_SchoolUniform.<>c__DisplayClass10_0 // TypeDefIndex: 2417"
"86713","class","UITutorial_SchoolUniform","2418","public class UITutorial_SchoolUniform : UITutorial // TypeDefIndex: 2418"
"86773","class","UITutorial_SellBlock.","2419","private sealed class UITutorial_SellBlock.<>c__DisplayClass6_0 // TypeDefIndex: 2419"
"86790","class","UITutorial_SellBlock.","2420","private sealed class UITutorial_SellBlock.<>c__DisplayClass6_1 // TypeDefIndex: 2420"
"86806","class","UITutorial_SellBlock","2421","public class UITutorial_SellBlock : UITutorial // TypeDefIndex: 2421"
"86837","class","UITutorial_SeriouslyMerge","2422","public class UITutorial_SeriouslyMerge : UITutorial // TypeDefIndex: 2422"
"86897","class","UITutorial_Shop","2423","public class UITutorial_Shop : UITutorial // TypeDefIndex: 2423"
"86981","class","UITutorial_StoryReplay","2424","public class UITutorial_StoryReplay : UITutorial // TypeDefIndex: 2424"
"87087","class","UITutorial_TreasureSand.","2425","private sealed class UITutorial_TreasureSand.<>c__DisplayClass10_0 // TypeDefIndex: 2425"
"87104","class","UITutorial_TreasureSand.","2426","private sealed class UITutorial_TreasureSand.<>c__DisplayClass8_0 // TypeDefIndex: 2426"
"87120","class","UITutorial_TreasureSand","2427","public class UITutorial_TreasureSand : UITutorial // TypeDefIndex: 2427"
"87173","class","UITutorial_UserProfile","2428","public class UITutorial_UserProfile : UITutorial // TypeDefIndex: 2428"
"87276","class","UITutorial_WorkLog.","2429","private sealed class UITutorial_WorkLog.<>c__DisplayClass8_0 // TypeDefIndex: 2429"
"87293","class","UITutorial_WorkLog.","2430","private sealed class UITutorial_WorkLog.<>c__DisplayClass9_0 // TypeDefIndex: 2430"
"87309","class","UITutorial_WorkLog","2431","public class UITutorial_WorkLog : UITutorial // TypeDefIndex: 2431"
"87364","class","UiTutorial_Resycle.","2432","private sealed class UiTutorial_Resycle.<>c__DisplayClass4_0 // TypeDefIndex: 2432"
"87380","class","UiTutorial_Resycle","2433","public class UiTutorial_Resycle : UITutorial // TypeDefIndex: 2433"
"87412","class","UIAdsButton","2434","public class UIAdsButton : MonoBehaviour // TypeDefIndex: 2434"
"87430","class","UIAdsRemoveFreeEventTag","2435","public class UIAdsRemoveFreeEventTag : MonoBehaviour // TypeDefIndex: 2435"
"87439","class","UIBGDim","2436","public class UIBGDim : MonoBehaviour // TypeDefIndex: 2436"
"87454","class","UIEventIcon_CardPack","2437","public class UIEventIcon_CardPack : UIEventQuestBase // TypeDefIndex: 2437"
"87472","class","UIEventQuestBase","2438","public class UIEventQuestBase : UITapButton // TypeDefIndex: 2438"
"87516","class","UIEventQuest_Band","2439","public class UIEventQuest_Band : UIEventQuestBase // TypeDefIndex: 2439"
"87534","class","UIEventQuest_Bingo","2440","public class UIEventQuest_Bingo : UIEventQuestBase // TypeDefIndex: 2440"
"87555","class","UIEventQuest_Cartoon","2441","public class UIEventQuest_Cartoon : UIEventQuestBase // TypeDefIndex: 2441"
"87578","class","UIEventQuest_CumulativeQuest.","2442","private sealed class UIEventQuest_CumulativeQuest.<>c // TypeDefIndex: 2442"
"87597","class","UIEventQuest_CumulativeQuest","2443","public class UIEventQuest_CumulativeQuest : UIEventQuestBase // TypeDefIndex: 2443"
"87624","class","UIEventQuest_FindEvidence.","2444","private sealed class UIEventQuest_FindEvidence.<>c // TypeDefIndex: 2444"
"87644","class","UIEventQuest_FindEvidence.","2445","private sealed class UIEventQuest_FindEvidence.<AutoCloseAfterDelay>d__14 : IEnumerator<object>, IEnumerator, IDisposable // TypeDefIndex: 2445"
"87684","class","UIEventQuest_FindEvidence.","2446","private sealed class UIEventQuest_FindEvidence.<PlayAnimationWithCallback>d__13 : IEnumerator<object>, IEnumerator, IDisposable // TypeDefIndex: 2446"
"87724","class","UIEventQuest_FindEvidence","2447","public class UIEventQuest_FindEvidence : UITapButton // TypeDefIndex: 2447"
"87804","class","UIEventQuest_Fishing","2448","public class UIEventQuest_Fishing : UIEventQuestBase // TypeDefIndex: 2448"
"87825","class","UIEventQuest_House","2449","public class UIEventQuest_House : UIEventQuestBase // TypeDefIndex: 2449"
"87846","class","UIEventQuest_Match3d","2450","public class UIEventQuest_Match3d : UIEventQuestBase // TypeDefIndex: 2450"
"87864","class","UIEventQuest_MatchCard","2451","public class UIEventQuest_MatchCard : UIEventQuestBase // TypeDefIndex: 2451"
"87892","class","UIEventQuest_MateRace","2452","public class UIEventQuest_MateRace : UIEventQuestBase // TypeDefIndex: 2452"
"87917","class","UIEventQuest_MiniGame","2453","public class UIEventQuest_MiniGame : UIEventQuestBase // TypeDefIndex: 2453"
"87938","class","UIEventQuest_Ocean","2454","public class UIEventQuest_Ocean : UIEventQuestBase // TypeDefIndex: 2454"
"87956","class","UIEventQuest_PointCollect","2455","public class UIEventQuest_PointCollect : UIEventQuestBase // TypeDefIndex: 2455"
"87980","class","UIEventQuest_Pudding","2456","public class UIEventQuest_Pudding : UIEventQuestBase // TypeDefIndex: 2456"
"88001","class","UIEventQuest_SchoolUniform","2457","public class UIEventQuest_SchoolUniform : UIEventQuestBase // TypeDefIndex: 2457"
"88025","class","UIEventQuest_SeasonPass","2458","public class UIEventQuest_SeasonPass : UIEventQuestBase // TypeDefIndex: 2458"
"88055","class","UIEventQuest_Spring","2459","public class UIEventQuest_Spring : UIEventQuestBase // TypeDefIndex: 2459"
"88073","class","UIEventQuest_SummerFestival","2460","public class UIEventQuest_SummerFestival : UIEventQuestBase // TypeDefIndex: 2460"
"88098","class","UIEventQuest_TreasureSand","2461","public class UIEventQuest_TreasureSand : UIEventQuestBase // TypeDefIndex: 2461"
"88123","class","UIEventQuest_WhiteDay","2462","public class UIEventQuest_WhiteDay : UIEventQuestBase // TypeDefIndex: 2462"
"88151","class","UIEventQuest_Winter","2463","public class UIEventQuest_Winter : UIEventQuestBase // TypeDefIndex: 2463"
"88169","class","UITap_MissionPass","2464","public class UITap_MissionPass : MonoBehaviour // TypeDefIndex: 2464"
"88181","class","UIPackageBase","2465","public class UIPackageBase : UITapButton // TypeDefIndex: 2465"
"88246","class","UIPackage_BenefitMorePackage","2466","public class UIPackage_BenefitMorePackage : UIListitem_PackageIconBase // TypeDefIndex: 2466"
"88264","class","UIPackage_BenefitSalePackage","2467","public class UIPackage_BenefitSalePackage : UIListitem_PackageIconBase // TypeDefIndex: 2467"
"88282","class","UIPackage_DuckTube","2468","public class UIPackage_DuckTube : UIListitem_PackageIconBase // TypeDefIndex: 2468"
"88300","class","UIPackage_EnergyPackage","2469","public class UIPackage_EnergyPackage : UIListitem_PackageIconBase // TypeDefIndex: 2469"
"88312","class","UIPackage_GemJar","2470","public class UIPackage_GemJar : UIListitem_PackageIconBase // TypeDefIndex: 2470"
"88342","class","UIPackage_GoldenWorm","2471","public class UIPackage_GoldenWorm : UIListitem_PackageIconBase // TypeDefIndex: 2471"
"88360","class","UIPackage_HighKuji","2472","public class UIPackage_HighKuji : UIListitem_PackageIconBase // TypeDefIndex: 2472"
"88390","class","UIPackage_NormalPackage","2473","public class UIPackage_NormalPackage : UIPackageBase // TypeDefIndex: 2473"
"88399","class","UIPackage_OnePlusPackage","2474","public class UIPackage_OnePlusPackage : UIListitem_PackageIconBase // TypeDefIndex: 2474"
"88417","class","UIPackage_Roulette","2475","public class UIPackage_Roulette : UIListitem_PackageIconBase // TypeDefIndex: 2475"
"88447","class","UIPackage_SpecialAttendance","2476","public class UIPackage_SpecialAttendance : UIListitem_PackageIconBase // TypeDefIndex: 2476"
"88465","class","UIPackage_StarterPack","2477","public class UIPackage_StarterPack : UIListitem_PackageIconBase // TypeDefIndex: 2477"
"88477","class","UITapButton","2478","public class UITapButton : MonoBehaviour // TypeDefIndex: 2478"
"88501","class","UITab_MissionPass","2479","public class UITab_MissionPass : UITapButton // TypeDefIndex: 2479"
"88531","class","UITab_AddLine","2480","public class UITab_AddLine : UITapButton // TypeDefIndex: 2480"
"88546","class","UITab_AdsRemove","2481","public class UITab_AdsRemove : UITapButton // TypeDefIndex: 2481"
"88577","class","UITab_AttendanceDaily","2482","public class UITab_AttendanceDaily : UITapButton // TypeDefIndex: 2482"
"88592","class","UITab_ChangeMainMaid","2483","public class UITab_ChangeMainMaid : UITapButton // TypeDefIndex: 2483"
"88607","class","UITab_LevelPass","2484","public class UITab_LevelPass : UITapButton // TypeDefIndex: 2484"
"88649","class","UITab_Notice","2485","public class UITab_Notice : UITapButton // TypeDefIndex: 2485"
"88671","class","UITab_Option","2486","public class UITab_Option : UITapButton // TypeDefIndex: 2486"
"88693","class","UITab_VideoBonus","2487","public class UITab_VideoBonus : UITapButton // TypeDefIndex: 2487"
"88734","class","UITab_WorkLog","2488","public class UITab_WorkLog : UITapButton // TypeDefIndex: 2488"
"88773","class","UIUserInfo.","2489","private sealed class UIUserInfo.<SyncTarget>d__100 : IEnumerator<object>, IEnumerator, IDisposable // TypeDefIndex: 2489"
"88817","class","UIUserInfo.","2490","private sealed class UIUserInfo.<SyncTarget>d__101 : IEnumerator<object>, IEnumerator, IDisposable // TypeDefIndex: 2490"
"88863","class","UIUserInfo.","2491","private sealed class UIUserInfo.<SyncTarget>d__99 : IEnumerator<object>, IEnumerator, IDisposable // TypeDefIndex: 2491"
"88906","class","UIUserInfo","2492","public class UIUserInfo : MonoBehaviour // TypeDefIndex: 2492"
"89171","class","UIBalloons","2493","public class UIBalloons : MonoBehaviour // TypeDefIndex: 2493"
"89206","class","UIBalloonsHome","2494","public class UIBalloonsHome : MonoBehaviour // TypeDefIndex: 2494"
"89236","class","BlockInfoSkinInfo","2495","public class BlockInfoSkinInfo // TypeDefIndex: 2495"
"89251","class","UIBlockInfo.","2496","private sealed class UIBlockInfo.<>c__DisplayClass109_0 // TypeDefIndex: 2496"
"89268","class","UIBlockInfo.","2497","private sealed class UIBlockInfo.<>c__DisplayClass99_0 // TypeDefIndex: 2497"
"89284","class","UIBlockInfo","2498","public class UIBlockInfo : MonoBehaviour // TypeDefIndex: 2498"
"89563","class","UICellUnLockInfo_BlockMerge","2499","public class UICellUnLockInfo_BlockMerge : UICellUnlockInfo // TypeDefIndex: 2499"
"89584","class","UICellUnlockInfo","2500","public class UICellUnlockInfo : MonoBehaviour // TypeDefIndex: 2500"
"89614","class","UIFabricateInfo","2501","public class UIFabricateInfo : MonoBehaviour // TypeDefIndex: 2501"
"89657","class","UIInGameRewardBlock","2502","public class UIInGameRewardBlock : MonoBehaviour // TypeDefIndex: 2502"
"89701","class","UIInGameRewardBlock_BM","2503","public class UIInGameRewardBlock_BM : MonoBehaviour // TypeDefIndex: 2503"
"89736","class","UIInventory","2504","public class UIInventory : MonoBehaviour // TypeDefIndex: 2504"
"89781","class","UIRequestInfo.","2505","private sealed class UIRequestInfo.<>c__DisplayClass105_0 // TypeDefIndex: 2505"
"89799","class","UIRequestInfo.","2506","private sealed class UIRequestInfo.<>c__DisplayClass106_0 // TypeDefIndex: 2506"
"89817","class","UIRequestInfo.","2507","private sealed class UIRequestInfo.<>c__DisplayClass129_0 // TypeDefIndex: 2507"
"89834","class","UIRequestInfo.","2508","private sealed class UIRequestInfo.<>c__DisplayClass130_0 // TypeDefIndex: 2508"
"89851","class","UIRequestInfo.","2509","private sealed class UIRequestInfo.<>c__DisplayClass148_0 // TypeDefIndex: 2509"
"89866","class","UIRequestInfo","2510","public class UIRequestInfo : MonoBehaviour // TypeDefIndex: 2510"
"90298","class","MaidSkillTargetInfo","2511","public class MaidSkillTargetInfo // TypeDefIndex: 2511"
"90316","class","UISkillInfo","2512","public class UISkillInfo : MonoBehaviour // TypeDefIndex: 2512"
"90365","class","UISurpriseBoxInfo","2513","public class UISurpriseBoxInfo : MonoBehaviour // TypeDefIndex: 2513"
"90401","class","UIUseItemBlock","2514","public class UIUseItemBlock : MonoBehaviour // TypeDefIndex: 2514"
"90446","class","UI_CompleteBlock","2515","public class UI_CompleteBlock : MonoBehaviour // TypeDefIndex: 2515"
"90524","class","UI_DesignedBox","2516","public class UI_DesignedBox : MonoBehaviour // TypeDefIndex: 2516"
"90551","class","UILobbyBtn","2517","public class UILobbyBtn : MonoBehaviour // TypeDefIndex: 2517"
"90601","class","MaidAIChatCatalogMaid","2518","public class MaidAIChatCatalogMaid // TypeDefIndex: 2518"
"90620","class","MaidAIChatCatalogSituation","2519","public class MaidAIChatCatalogSituation // TypeDefIndex: 2519"
"90637","class","MaidAIChatCatalogResponse","2520","public class MaidAIChatCatalogResponse // TypeDefIndex: 2520"
"90652","class","MaidAIChatSessionRequest","2521","public class MaidAIChatSessionRequest // TypeDefIndex: 2521"
"90665","class","MaidAIChatSessionResponse","2522","public class MaidAIChatSessionResponse // TypeDefIndex: 2522"
"90682","class","MaidAIChatServerMaintenanceResponse","2523","public class MaidAIChatServerMaintenanceResponse // TypeDefIndex: 2523"
"90695","class","MaidAIChatRoomSummary","2524","public class MaidAIChatRoomSummary // TypeDefIndex: 2524"
"90722","class","MaidAIChatRoomListResponse","2525","public class MaidAIChatRoomListResponse // TypeDefIndex: 2525"
"90737","class","MaidAIChatRoomMessage","2526","public class MaidAIChatRoomMessage // TypeDefIndex: 2526"
"90755","class","MaidAIChatRoomMessagesResponse","2527","public class MaidAIChatRoomMessagesResponse // TypeDefIndex: 2527"
"90770","class","MaidAIChatChatRequest","2528","public class MaidAIChatChatRequest // TypeDefIndex: 2528"
"90786","class","MaidAIChatChatResponse","2529","public class MaidAIChatChatResponse // TypeDefIndex: 2529"
"90806","class","MaidAIChatEndingHistoryItem","2530","public class MaidAIChatEndingHistoryItem // TypeDefIndex: 2530"
"90820","class","MaidAIChatEndingTextRequest","2531","public class MaidAIChatEndingTextRequest // TypeDefIndex: 2531"
"90834","class","MaidAIChatEndingResponse","2532","public class MaidAIChatEndingResponse // TypeDefIndex: 2532"
"90855","class","MaidAIChatUsage","2533","public class MaidAIChatUsage // TypeDefIndex: 2533"
"90870","class","MaidAIChatBilling","2534","public class MaidAIChatBilling // TypeDefIndex: 2534"
"90886","class","MaidAIChatEndingImageRequest","2535","public class MaidAIChatEndingImageRequest // TypeDefIndex: 2535"
"90902","class","MaidAIChatFirstMessageRequest","2536","public class MaidAIChatFirstMessageRequest // TypeDefIndex: 2536"
"90917","class","MaidAIChatFirstMessageResponse","2537","public class MaidAIChatFirstMessageResponse // TypeDefIndex: 2537"
"90937","class","MaidAIChatEndingImageResponse","2538","public class MaidAIChatEndingImageResponse // TypeDefIndex: 2538"
"90961","class","MaidAIChatMemoryArchiveEntry","2539","public class MaidAIChatMemoryArchiveEntry // TypeDefIndex: 2539"
"90988","class","MaidAIChatPendingEndingImageJob","2540","public class MaidAIChatPendingEndingImageJob // TypeDefIndex: 2540"
"91017","class","MaidAIChatPendingEndingTextJob","2541","public class MaidAIChatPendingEndingTextJob // TypeDefIndex: 2541"
"91036","class","MaidAIChatPendingChatJob","2542","public class MaidAIChatPendingChatJob // TypeDefIndex: 2542"
"91058","class","MaidAIChatErrorDetails","2543","public class MaidAIChatErrorDetails // TypeDefIndex: 2543"
"91086","class","MaidAIChatErrorResponse","2544","public class MaidAIChatErrorResponse // TypeDefIndex: 2544"
"91109","class","MaidAIChatReportRequest","2545","public class MaidAIChatReportRequest // TypeDefIndex: 2545"
"91126","class","MaidAIChatReportResponse","2546","public class MaidAIChatReportResponse // TypeDefIndex: 2546"
"91141","class","MaidAIChatBlockedContentLogRequest","2547","public class MaidAIChatBlockedContentLogRequest // TypeDefIndex: 2547"
"91158","class","MaidAIChatBlockedContentLogResponse","2548","public class MaidAIChatBlockedContentLogResponse // TypeDefIndex: 2548"
"91176","class","MaidAIChatArchiveImageLoader.","2549","private sealed class MaidAIChatArchiveImageLoader.<>c__DisplayClass4_0 // TypeDefIndex: 2549"
"91192","struct","MaidAIChatArchiveImageLoader.","2550","private struct MaidAIChatArchiveImageLoader.<DownloadTextureAsync>d__4 : IAsyncStateMachine // TypeDefIndex: 2550"
"91213","struct","MaidAIChatArchiveImageLoader.","2551","private struct MaidAIChatArchiveImageLoader.<LoadArchiveTextureAsync>d__1 : IAsyncStateMachine // TypeDefIndex: 2551"
"91235","struct","MaidAIChatArchiveImageLoader.","2552","private struct MaidAIChatArchiveImageLoader.<LoadLocalTextureAsync>d__3 : IAsyncStateMachine // TypeDefIndex: 2552"
"91255","struct","MaidAIChatArchiveImageLoader.","2553","private struct MaidAIChatArchiveImageLoader.<LoadRemoteTextureAsync>d__2 : IAsyncStateMachine // TypeDefIndex: 2553"
"91274","class","MaidAIChatArchiveImageLoader","2554","public static class MaidAIChatArchiveImageLoader // TypeDefIndex: 2554"
"91317","interface","IMaidAIChatPoolable","2555","public interface IMaidAIChatPoolable // TypeDefIndex: 2555"
"91329","class","MaidAIChatComponentPool","2556","public class MaidAIChatComponentPool<T> // TypeDefIndex: 2556"
"91388","class","MaidAIChatEndingDebugSnapshot","2557","public class MaidAIChatEndingDebugSnapshot // TypeDefIndex: 2557"
"91408","class","MaidAIChatDisplayText","2558","public static class MaidAIChatDisplayText // TypeDefIndex: 2558"
"91453","class","MaidAIChatHttpException","2559","public class MaidAIChatHttpException : Exception // TypeDefIndex: 2559"
"91514","class","MaidAIChatHttpClient.","2560","private sealed class MaidAIChatHttpClient.<>c__DisplayClass15_0 // TypeDefIndex: 2560"
"91530","struct","MaidAIChatHttpClient.","2561","private struct MaidAIChatHttpClient.<GetJsonAsync>d__6<T> : IAsyncStateMachine // TypeDefIndex: 2561"
"91568","struct","MaidAIChatHttpClient.","2562","private struct MaidAIChatHttpClient.<GetRawAsync>d__10 : IAsyncStateMachine // TypeDefIndex: 2562"
"91592","struct","MaidAIChatHttpClient.","2563","private struct MaidAIChatHttpClient.<PostJsonAsync>d__7<T> : IAsyncStateMachine // TypeDefIndex: 2563"
"91632","struct","MaidAIChatHttpClient.","2564","private struct MaidAIChatHttpClient.<PostJsonAsync>d__8<T> : IAsyncStateMachine // TypeDefIndex: 2564"
"91673","struct","MaidAIChatHttpClient.","2565","private struct MaidAIChatHttpClient.<PostJsonStringAsync>d__9<T> : IAsyncStateMachine // TypeDefIndex: 2565"
"91714","struct","MaidAIChatHttpClient.","2566","private struct MaidAIChatHttpClient.<PostRawAsync>d__11 : IAsyncStateMachine // TypeDefIndex: 2566"
"91738","struct","MaidAIChatHttpClient.","2567","private struct MaidAIChatHttpClient.<PostRawAsync>d__12 : IAsyncStateMachine // TypeDefIndex: 2567"
"91763","struct","MaidAIChatHttpClient.","2568","private struct MaidAIChatHttpClient.<PostRawJsonAsync>d__13 : IAsyncStateMachine // TypeDefIndex: 2568"
"91789","class","MaidAIChatHttpClient","2569","public class MaidAIChatHttpClient // TypeDefIndex: 2569"
"91890","class","MaidAIChatInvalidFilter","2570","public static class MaidAIChatInvalidFilter // TypeDefIndex: 2570"
"91906","enum","MaidAIChatReportContentType","2571","public enum MaidAIChatReportContentType // TypeDefIndex: 2571"
"91917","enum","MaidAIChatReportReason","2572","public enum MaidAIChatReportReason // TypeDefIndex: 2572"
"91930","class","MaidAIChatReportTargetInfo","2573","public class MaidAIChatReportTargetInfo // TypeDefIndex: 2573"
"91951","class","MaidAIChatReportEntry","2574","public class MaidAIChatReportEntry // TypeDefIndex: 2574"
"91972","class","MaidAIChatModeration","2575","public static class MaidAIChatModeration // TypeDefIndex: 2575"
"92035","class","MaidAIChatService.","2576","private sealed class MaidAIChatService.<>c // TypeDefIndex: 2576"
"92059","class","MaidAIChatService.","2577","private sealed class MaidAIChatService.<>c__DisplayClass32_0 // TypeDefIndex: 2577"
"92076","class","MaidAIChatService.","2578","private sealed class MaidAIChatService.<>c__DisplayClass34_0 // TypeDefIndex: 2578"
"92093","class","MaidAIChatService.","2579","private sealed class MaidAIChatService.<>c__DisplayClass43_0 // TypeDefIndex: 2579"
"92111","class","MaidAIChatService.","2580","private sealed class MaidAIChatService.<>c__DisplayClass46_0 // TypeDefIndex: 2580"
"92129","class","MaidAIChatService.","2581","private sealed class MaidAIChatService.<>c__DisplayClass48_0 // TypeDefIndex: 2581"
"92146","class","MaidAIChatService.","2582","private sealed class MaidAIChatService.<>c__DisplayClass49_0 // TypeDefIndex: 2582"
"92164","class","MaidAIChatService.","2583","private sealed class MaidAIChatService.<>c__DisplayClass50_0 // TypeDefIndex: 2583"
"92182","class","MaidAIChatService.","2584","private sealed class MaidAIChatService.<>c__DisplayClass77_0 // TypeDefIndex: 2584"
"92199","class","MaidAIChatService.","2585","private sealed class MaidAIChatService.<>c__DisplayClass92_0 // TypeDefIndex: 2585"
"92221","struct","MaidAIChatService.","2586","private struct MaidAIChatService.<CreateRoomAsync>d__36 : IAsyncStateMachine // TypeDefIndex: 2586"
"92252","struct","MaidAIChatService.","2587","private struct MaidAIChatService.<EnsureAuthorizedAsync>d__31 : IAsyncStateMachine // TypeDefIndex: 2587"
"92273","struct","MaidAIChatService.","2588","private struct MaidAIChatService.<EnsureRoomHasInitialMessageAsync>d__124 : IAsyncStateMachine // TypeDefIndex: 2588"
"92296","struct","MaidAIChatService.","2589","private struct MaidAIChatService.<EnsureSessionAsync>d__127 : IAsyncStateMachine // TypeDefIndex: 2589"
"92318","struct","MaidAIChatService.","2590","private struct MaidAIChatService.<ExecuteProtectedRequestAsync>d__90<T> : IAsyncStateMachine // TypeDefIndex: 2590"
"92357","struct","MaidAIChatService.","2591","private struct MaidAIChatService.<FetchCatalogAsync>d__34 : IAsyncStateMachine // TypeDefIndex: 2591"
"92378","struct","MaidAIChatService.","2592","private struct MaidAIChatService.<GenerateEndingAsync>d__42 : IAsyncStateMachine // TypeDefIndex: 2592"
"92399","struct","MaidAIChatService.","2593","private struct MaidAIChatService.<GenerateEndingAsync>d__43 : IAsyncStateMachine // TypeDefIndex: 2593"
"92420","struct","MaidAIChatService.","2594","private struct MaidAIChatService.<GenerateEndingImageAsync>d__45 : IAsyncStateMachine // TypeDefIndex: 2594"
"92444","struct","MaidAIChatService.","2595","private struct MaidAIChatService.<GenerateEndingImageAsync>d__46 : IAsyncStateMachine // TypeDefIndex: 2595"
"92469","struct","MaidAIChatService.","2596","private struct MaidAIChatService.<GetCatalogAsync>d__33 : IAsyncStateMachine // TypeDefIndex: 2596"
"92491","struct","MaidAIChatService.","2597","private struct MaidAIChatService.<GetEndingImageAsync>d__47 : IAsyncStateMachine // TypeDefIndex: 2597"
"92512","struct","MaidAIChatService.","2598","private struct MaidAIChatService.<GetEndingImageAsync>d__48 : IAsyncStateMachine // TypeDefIndex: 2598"
"92533","struct","MaidAIChatService.","2599","private struct MaidAIChatService.<GetResetInitialMessageAsync>d__38 : IAsyncStateMachine // TypeDefIndex: 2599"
"92556","struct","MaidAIChatService.","2600","private struct MaidAIChatService.<GetRoomMessagesAsync>d__37 : IAsyncStateMachine // TypeDefIndex: 2600"
"92580","struct","MaidAIChatService.","2601","private struct MaidAIChatService.<IsServerMaintenanceModeAsync>d__32 : IAsyncStateMachine // TypeDefIndex: 2601"
"92600","struct","MaidAIChatService.","2602","private struct MaidAIChatService.<IssueSessionAsync>d__128 : IAsyncStateMachine // TypeDefIndex: 2602"
"92620","struct","MaidAIChatService.","2603","private struct MaidAIChatService.<RecoverPendingChatJobAsync>d__67 : IAsyncStateMachine // TypeDefIndex: 2603"
"92642","struct","MaidAIChatService.","2604","private struct MaidAIChatService.<SendRoomChatAsync>d__39 : IAsyncStateMachine // TypeDefIndex: 2604"
"92665","struct","MaidAIChatService.","2605","private struct MaidAIChatService.<SendRoomChatAsync>d__40 : IAsyncStateMachine // TypeDefIndex: 2605"
"92690","struct","MaidAIChatService.","2606","private struct MaidAIChatService.<SendRoomChatWithRetryAsync>d__91 : IAsyncStateMachine // TypeDefIndex: 2606"
"92712","struct","MaidAIChatService.","2607","private struct MaidAIChatService.<SendRoomChatWithRetryAsync>d__92 : IAsyncStateMachine // TypeDefIndex: 2607"
"92737","struct","MaidAIChatService.","2608","private struct MaidAIChatService.<SubmitBlockedContentLogAsync>d__50 : IAsyncStateMachine // TypeDefIndex: 2608"
"92762","struct","MaidAIChatService.","2609","private struct MaidAIChatService.<SubmitReportAsync>d__49 : IAsyncStateMachine // TypeDefIndex: 2609"
"92784","struct","MaidAIChatService.","2610","private struct MaidAIChatService.<TryEnsureCatalogAsync>d__76 : IAsyncStateMachine // TypeDefIndex: 2610"
"92804","struct","MaidAIChatService.","2611","private struct MaidAIChatService.<TryGetFirstMessageAsync>d__77 : IAsyncStateMachine // TypeDefIndex: 2611"
"92825","class","MaidAIChatService","2612","public class MaidAIChatService // TypeDefIndex: 2612"
"93270","struct","MaidAIChatTextFormatter.TextSegment","2613","private struct MaidAIChatTextFormatter.TextSegment // TypeDefIndex: 2613"
"93278","class","MaidAIChatTextFormatter","2614","public static class MaidAIChatTextFormatter // TypeDefIndex: 2614"
"93310","class","UIListitem_MaidAIChatMessage.","2615","private sealed class UIListitem_MaidAIChatMessage.<>c__DisplayClass24_0 // TypeDefIndex: 2615"
"93329","class","UIListitem_MaidAIChatMessage","2616","public class UIListitem_MaidAIChatMessage : MonoBehaviour, IMaidAIChatPoolable // TypeDefIndex: 2616"
"93430","class","UIListitem_MaidAIChatMessageBox","2617","public class UIListitem_MaidAIChatMessageBox : MonoBehaviour, IMaidAIChatPoolable // TypeDefIndex: 2617"
"93484","class","UIListitem_MaidAIChatScenarioCard","2618","public class UIListitem_MaidAIChatScenarioCard : MonoBehaviour // TypeDefIndex: 2618"
"93533","struct","UIMaidAIChat.","2619","private struct UIMaidAIChat.<InitializeAsync>d__42 : IAsyncStateMachine // TypeDefIndex: 2619"
"93553","struct","UIMaidAIChat.","2620","private struct UIMaidAIChat.<OpenListAsync>d__46 : IAsyncStateMachine // TypeDefIndex: 2620"
"93573","struct","UIMaidAIChat.","2621","private struct UIMaidAIChat.<OpenRoomAsync>d__56 : IAsyncStateMachine // TypeDefIndex: 2621"
"93594","struct","UIMaidAIChat.","2622","private struct UIMaidAIChat.<PreloadCreateCatalogForTutorialAsync>d__51 : IAsyncStateMachine // TypeDefIndex: 2622"
"93614","struct","UIMaidAIChat.","2623","private struct UIMaidAIChat.<PrepareEnterAsync>d__36 : IAsyncStateMachine // TypeDefIndex: 2623"
"93636","struct","UIMaidAIChat.","2624","private struct UIMaidAIChat.<RecoverPendingChatAsyncInternal>d__63 : IAsyncStateMachine // TypeDefIndex: 2624"
"93656","struct","UIMaidAIChat.","2625","private struct UIMaidAIChat.<RecoverPendingDataAsync>d__61 : IAsyncStateMachine // TypeDefIndex: 2625"
"93677","struct","UIMaidAIChat.","2626","private struct UIMaidAIChat.<TryRecoverPendingChatAsync>d__62 : IAsyncStateMachine // TypeDefIndex: 2626"
"93696","class","UIMaidAIChat","2627","public class UIMaidAIChat : MonoBehaviour // TypeDefIndex: 2627"
"93872","class","UIMaidAIChatCreateView.","2628","private sealed class UIMaidAIChatCreateView.<>c // TypeDefIndex: 2628"
"93920","struct","UIMaidAIChatCreateView.","2629","private struct UIMaidAIChatCreateView.<CreateAsync>d__59 : IAsyncStateMachine // TypeDefIndex: 2629"
"93940","struct","UIMaidAIChatCreateView.","2630","private struct UIMaidAIChatCreateView.<OpenAsync>d__34 : IAsyncStateMachine // TypeDefIndex: 2630"
"93959","class","UIMaidAIChatCreateView","2631","public class UIMaidAIChatCreateView : MonoBehaviour // TypeDefIndex: 2631"
"94124","class","UIMaidAIChatListView","2632","public class UIMaidAIChatListView : MonoBehaviour // TypeDefIndex: 2632"
"94269","class","UIMaidAIChatMemoryArchive","2633","public class UIMaidAIChatMemoryArchive : MonoBehaviour // TypeDefIndex: 2633"
"94307","struct","UIMaidAIChatRoomView.RowState","2634","private struct UIMaidAIChatRoomView.RowState // TypeDefIndex: 2634"
"94316","struct","UIMaidAIChatRoomView.ChatBoxSegment","2635","private struct UIMaidAIChatRoomView.ChatBoxSegment // TypeDefIndex: 2635"
"94325","class","UIMaidAIChatRoomView.","2636","private sealed class UIMaidAIChatRoomView.<>c__DisplayClass140_0 // TypeDefIndex: 2636"
"94342","class","UIMaidAIChatRoomView.","2637","private sealed class UIMaidAIChatRoomView.<>c__DisplayClass145_0 // TypeDefIndex: 2637"
"94361","struct","UIMaidAIChatRoomView.","2638","private struct UIMaidAIChatRoomView.<LoadOlderMessagesAsync>d__108 : IAsyncStateMachine // TypeDefIndex: 2638"
"94385","struct","UIMaidAIChatRoomView.","2639","private struct UIMaidAIChatRoomView.<OnClickSend>d__86 : IAsyncStateMachine // TypeDefIndex: 2639"
"94412","struct","UIMaidAIChatRoomView.","2640","private struct UIMaidAIChatRoomView.<OnConfirmResetRoom>d__82 : IAsyncStateMachine // TypeDefIndex: 2640"
"94434","struct","UIMaidAIChatRoomView.","2641","private struct UIMaidAIChatRoomView.<OpenRoomAsync>d__70 : IAsyncStateMachine // TypeDefIndex: 2641"
"94457","struct","UIMaidAIChatRoomView.","2642","private struct UIMaidAIChatRoomView.<SubmitLocalBlockedContentLogAsync>d__159 : IAsyncStateMachine // TypeDefIndex: 2642"
"94478","class","UIMaidAIChatRoomView","2643","public class UIMaidAIChatRoomView : MonoBehaviour // TypeDefIndex: 2643"
"94876","class","UIListitem_Chat.","2644","private sealed class UIListitem_Chat.<>c__DisplayClass7_0 // TypeDefIndex: 2644"
"94894","class","UIListitem_Chat.","2645","private sealed class UIListitem_Chat.<>c__DisplayClass8_0 // TypeDefIndex: 2645"
"94911","class","UIListitem_Chat","2646","public class UIListitem_Chat : MonoBehaviour // TypeDefIndex: 2646"
"94950","class","UIListitem_ChatBox","2647","public class UIListitem_ChatBox : MonoBehaviour // TypeDefIndex: 2647"
"94969","class","UIListitem_ChatBoxImage","2648","public class UIListitem_ChatBoxImage : MonoBehaviour // TypeDefIndex: 2648"
"94985","class","UIListitem_ChatSelectBtnItem","2649","public class UIListitem_ChatSelectBtnItem : MonoBehaviour // TypeDefIndex: 2649"
"95008","enum","ChatAnimStep","2650","public enum ChatAnimStep // TypeDefIndex: 2650"
"95022","class","UIMaidChatRoom.","2651","private sealed class UIMaidChatRoom.<>c__DisplayClass43_0 // TypeDefIndex: 2651"
"95039","class","UIMaidChatRoom.","2652","private sealed class UIMaidChatRoom.<>c__DisplayClass48_0 // TypeDefIndex: 2652"
"95056","class","UIMaidChatRoom.","2653","private sealed class UIMaidChatRoom.<DelayedOnNextDialog>d__50 : IEnumerator<object>, IEnumerator, IDisposable // TypeDefIndex: 2653"
"95094","class","UIMaidChatRoom","2654","public class UIMaidChatRoom : MonoBehaviour // TypeDefIndex: 2654"
"95225","class","UIMaidChatSelectBtn.","2655","private sealed class UIMaidChatSelectBtn.<TypeText>d__12 : IEnumerator<object>, IEnumerator, IDisposable // TypeDefIndex: 2655"
"95266","class","UIMaidChatSelectBtn","2656","public class UIMaidChatSelectBtn : MonoBehaviour // TypeDefIndex: 2656"
"95311","class","UICostumeInfo.","2657","private sealed class UICostumeInfo.<>c // TypeDefIndex: 2657"
"95331","class","UICostumeInfo.","2658","private sealed class UICostumeInfo.<>c__DisplayClass35_0 // TypeDefIndex: 2658"
"95347","class","UICostumeInfo","2659","public class UICostumeInfo : MonoBehaviour // TypeDefIndex: 2659"
"95483","class","UIMaidChat","2660","public class UIMaidChat : MonoBehaviour // TypeDefIndex: 2660"
"95529","class","UIMaidInfo.","2661","private sealed class UIMaidInfo.<>c__DisplayClass117_0 // TypeDefIndex: 2661"
"95550","class","UIMaidInfo.","2662","private sealed class UIMaidInfo.<SetTransform>d__133 : IEnumerator<object>, IEnumerator, IDisposable // TypeDefIndex: 2662"
"95595","class","UIMaidInfo","2663","public class UIMaidInfo : MonoBehaviour // TypeDefIndex: 2663"
"95944","class","UIMaidLevelInfo.","2664","private sealed class UIMaidLevelInfo.<>c__DisplayClass42_0 // TypeDefIndex: 2664"
"95962","class","UIMaidLevelInfo.","2665","private sealed class UIMaidLevelInfo.<StartMaidExpUp>d__45 : IEnumerator<object>, IEnumerator, IDisposable // TypeDefIndex: 2665"
"96009","class","UIMaidLevelInfo","2666","public class UIMaidLevelInfo : MonoBehaviour // TypeDefIndex: 2666"
"96136","class","UIMaidReward.","2667","private sealed class UIMaidReward.<>c // TypeDefIndex: 2667"
"96155","class","UIMaidReward","2668","public class UIMaidReward : MonoBehaviour // TypeDefIndex: 2668"
"96219","class","MemoryCardItemData","2669","public class MemoryCardItemData : InfiniteScrollData // TypeDefIndex: 2669"
"96236","class","MemoryCardGroupItemData","2670","public class MemoryCardGroupItemData : InfiniteScrollData // TypeDefIndex: 2670"
"96250","enum","UIMemoryCardGallery.SortKey","2671","private enum UIMemoryCardGallery.SortKey // TypeDefIndex: 2671"
"96262","struct","UIMemoryCardGallery.DeferredBindTask","2672","public struct UIMemoryCardGallery.DeferredBindTask // TypeDefIndex: 2672"
"96272","class","UIMemoryCardGallery.","2673","private sealed class UIMemoryCardGallery.<>c // TypeDefIndex: 2673"
"96291","class","UIMemoryCardGallery","2674","public class UIMemoryCardGallery : MonoBehaviour // TypeDefIndex: 2674"
"96430","class","UIPhotoCardInfo.","2675","private sealed class UIPhotoCardInfo.<>c__DisplayClass17_0 // TypeDefIndex: 2675"
"96446","class","UIPhotoCardInfo","2676","public class UIPhotoCardInfo : MonoBehaviour // TypeDefIndex: 2676"
"96501","class","UILobbyItem","2677","public class UILobbyItem : MonoBehaviour // TypeDefIndex: 2677"
"96536","class","UILobby_CollectibleBtn","2678","public class UILobby_CollectibleBtn : UILobbyItem // TypeDefIndex: 2678"
"96557","class","UILobby_MaidNoteBtn","2679","public class UILobby_MaidNoteBtn : UILobbyItem // TypeDefIndex: 2679"
"96578","class","UIDragAndDrop","2680","public class UIDragAndDrop : MonoBehaviour, IBeginDragHandler, IEventSystemHandler, IDragHandler, IEndDragHandler // TypeDefIndex: 2680"
"96608","class","UIFurnitureQuest","2681","public class UIFurnitureQuest : MonoBehaviour // TypeDefIndex: 2681"
"96662","class","UIItemVillageLvUpRewardInfo","2682","public class UIItemVillageLvUpRewardInfo : MonoBehaviour // TypeDefIndex: 2682"
"96687","class","UIMaidLD.","2683","private sealed class UIMaidLD.<>c // TypeDefIndex: 2683"
"96707","class","UIMaidLD.","2684","private sealed class UIMaidLD.<AnimateMaidView>d__21 : IEnumerator<object>, IEnumerator, IDisposable // TypeDefIndex: 2684"
"96751","class","UIMaidLD","2685","public class UIMaidLD : MonoBehaviour // TypeDefIndex: 2685"
"96819","class","LobbyMaidInfo","2686","public class LobbyMaidInfo // TypeDefIndex: 2686"
"96831","class","UIMaidLobby","2687","public class UIMaidLobby : MonoBehaviour // TypeDefIndex: 2687"
"96869","class","UINpcDialog.","2688","private sealed class UINpcDialog.<OnOffDialog>d__8 : IEnumerator<object>, IEnumerator, IDisposable // TypeDefIndex: 2688"
"96908","class","UINpcDialog","2689","public class UINpcDialog : MonoBehaviour // TypeDefIndex: 2689"
"96945","class","UIVillageReBuild","2690","public class UIVillageReBuild : MonoBehaviour // TypeDefIndex: 2690"
"96966","class","UIRefundInfo","2691","public class UIRefundInfo : MonoBehaviour // TypeDefIndex: 2691"
"96978","class","UIInGame_EchoArchive_Fabricate","2692","public class UIInGame_EchoArchive_Fabricate : MonoBehaviour // TypeDefIndex: 2692"
"97015","class","UIInGame_SchoolUniform.","2693","private sealed class UIInGame_SchoolUniform.<>c__DisplayClass15_0 // TypeDefIndex: 2693"
"97031","class","UIInGame_SchoolUniform","2694","public class UIInGame_SchoolUniform : MonoBehaviour // TypeDefIndex: 2694"
"97103","class","UIInGameSubMap","2695","public class UIInGameSubMap : MonoBehaviour // TypeDefIndex: 2695"
"97143","class","UIInGameSubMap_EchoArchive.","2696","private sealed class UIInGameSubMap_EchoArchive.<>c // TypeDefIndex: 2696"
"97166","class","UIInGameSubMap_EchoArchive","2697","public class UIInGameSubMap_EchoArchive : UIInGameSubMap // TypeDefIndex: 2697"
"97234","class","UIInGameSubMap_Event","2698","public class UIInGameSubMap_Event : UIInGameSubMap // TypeDefIndex: 2698"
"97336","class","UIGlobal.","2699","private sealed class UIGlobal.<>c // TypeDefIndex: 2699"
"97355","class","UIGlobal","2700","public class UIGlobal : MonoBehaviour // TypeDefIndex: 2700"
"97415","class","MapCellLockUIInfo","2701","public class MapCellLockUIInfo // TypeDefIndex: 2701"
"97431","class","SubMapUnlockUIInfo","2702","public class SubMapUnlockUIInfo // TypeDefIndex: 2702"
"97448","class","UIInGame.","2703","private sealed class UIInGame.<>c__DisplayClass62_0 // TypeDefIndex: 2703"
"97463","class","UIInGame","2704","public class UIInGame : MonoBehaviour // TypeDefIndex: 2704"
"97663","class","UIInGameBG","2705","public class UIInGameBG : MonoBehaviour // TypeDefIndex: 2705"
"97717","class","UIInGameBag","2706","public class UIInGameBag : MonoBehaviour // TypeDefIndex: 2706"
"97781","struct","LoadingLogoInfo","2707","public struct LoadingLogoInfo // TypeDefIndex: 2707"
"97791","class","UILoading.","2708","private sealed class UILoading.<>c__DisplayClass37_0 // TypeDefIndex: 2708"
"97811","class","UILoading","2709","public class UILoading : MonoBehaviour // TypeDefIndex: 2709"
"97897","class","UILobby","2710","public class UILobby : MonoBehaviour // TypeDefIndex: 2710"
"97927","class","UIOutGame","2711","public class UIOutGame : MonoBehaviour // TypeDefIndex: 2711"
"98022","class","UIRoot","2712","public abstract class UIRoot : MonoBehaviour // TypeDefIndex: 2712"
"98038","class","SceneLoadingItem","2713","public class SceneLoadingItem // TypeDefIndex: 2713"
"98063","class","UISceneLoading.","2714","private sealed class UISceneLoading.<>c // TypeDefIndex: 2714"
"98082","class","UISceneLoading","2715","public class UISceneLoading : MonoBehaviour // TypeDefIndex: 2715"
"98162","class","UITap.","2716","private sealed class UITap.<>c // TypeDefIndex: 2716"
"98181","class","UITap","2717","public class UITap : MonoBehaviour // TypeDefIndex: 2717"
"98224","class","UITap_Left","2718","public class UITap_Left : UITap // TypeDefIndex: 2718"
"98278","class","UITap_Right.","2719","private sealed class UITap_Right.<>c__DisplayClass51_0 // TypeDefIndex: 2719"
"98296","class","UITap_Right.","2720","private sealed class UITap_Right.<>c__DisplayClass51_1 // TypeDefIndex: 2720"
"98311","class","UITap_Right","2721","public class UITap_Right : UITap // TypeDefIndex: 2721"
"98465","class","UIUserProfile","2722","public class UIUserProfile : MonoBehaviour // TypeDefIndex: 2722"
"98513","class","UI_SFXPlay","2723","public class UI_SFXPlay : MonoBehaviour, IPointerClickHandler, IEventSystemHandler // TypeDefIndex: 2723"
"98531","class","RuntimeRawImageTextureBinder","2724","public sealed class RuntimeRawImageTextureBinder : MonoBehaviour // TypeDefIndex: 2724"
"98588","class","SlicedFilledImage.SetPropertyUtility","2725","private static class SlicedFilledImage.SetPropertyUtility // TypeDefIndex: 2725"
"98619","enum","SlicedFilledImage.FillDirection","2726","public enum SlicedFilledImage.FillDirection // TypeDefIndex: 2726"
"98632","class","SlicedFilledImage","2727","public class SlicedFilledImage : MaskableGraphic, ISerializationCallbackReceiver, ILayoutElement, ICanvasRaycastFilter // TypeDefIndex: 2727"
"98816","class","UIEventHandler.ClickEvent","2728","public sealed class UIEventHandler.ClickEvent : MulticastDelegate // TypeDefIndex: 2728"
"98834","class","UIEventHandler.DragEvent","2729","public sealed class UIEventHandler.DragEvent : MulticastDelegate // TypeDefIndex: 2729"
"98852","class","UIEventHandler.BeginDragEvent","2730","public sealed class UIEventHandler.BeginDragEvent : MulticastDelegate // TypeDefIndex: 2730"
"98870","class","UIEventHandler.EndDragEvent","2731","public sealed class UIEventHandler.EndDragEvent : MulticastDelegate // TypeDefIndex: 2731"
"98888","class","UIEventHandler","2732","public class UIEventHandler : MonoBehaviour, IBeginDragHandler, IEventSystemHandler, IDragHandler, IEndDragHandler, IPointerClickHandler // TypeDefIndex: 2732"
"98917","class","UIGradient","2733","public class UIGradient : BaseMeshEffect // TypeDefIndex: 2733"
"98936","struct","UIGradientUtils.Matrix2x3","2734","public struct UIGradientUtils.Matrix2x3 // TypeDefIndex: 2734"
"98956","class","UIGradientUtils","2735","public static class UIGradientUtils // TypeDefIndex: 2735"
"98993","class","UINotification.","2736","private sealed class UINotification.<>c__DisplayClass5_0 // TypeDefIndex: 2736"
"99009","class","UINotification","2737","public class UINotification : MonoBehaviour // TypeDefIndex: 2737"
"99033","class","UIParallaxControl","2738","public class UIParallaxControl : MonoBehaviour // TypeDefIndex: 2738"
"99053","class","EightDirectionOutline","2739","public class EightDirectionOutline : MonoBehaviour // TypeDefIndex: 2739"
"99082","class","ChangeTransformParent","2740","public class ChangeTransformParent : MonoBehaviour // TypeDefIndex: 2740"
"99103","class","ColliderScript","2741","internal class ColliderScript : MonoBehaviour // TypeDefIndex: 2741"
"99121","class","ColorString","2742","public static class ColorString // TypeDefIndex: 2742"
"99166","enum","DLogType","2743","public enum DLogType // TypeDefIndex: 2743"
"99186","class","Debug","2744","public static class Debug // TypeDefIndex: 2744"
"99294","class","DestroyTime","2745","public class DestroyTime : MonoBehaviour // TypeDefIndex: 2745"
"99312","class","DragDetector","2746","public class DragDetector : MonoBehaviour, IBeginDragHandler, IEventSystemHandler, IDragHandler, IEndDragHandler // TypeDefIndex: 2746"
"99333","class","FPSDisplay","2747","public class FPSDisplay : MonoBehaviour // TypeDefIndex: 2747"
"99351","enum","MessageDefine","2748","public enum MessageDefine // TypeDefIndex: 2748"
"99360","class","GameMessage","2749","public class GameMessage // TypeDefIndex: 2749"
"99376","class","GameMessageProcess.OnMessage","2750","public sealed class GameMessageProcess.OnMessage : MulticastDelegate // TypeDefIndex: 2750"
"99394","class","GameMessageProcess","2751","public class GameMessageProcess : Immortal<GameMessageProcess> // TypeDefIndex: 2751"
"99415","class","InfinityScrollTest_Item","2752","public class InfinityScrollTest_Item : InfiniteScrollItem // TypeDefIndex: 2752"
"99431","class","InfinityScrollTestData","2753","public class InfinityScrollTestData : InfiniteScrollData // TypeDefIndex: 2753"
"99443","class","InfinityScrollTest_Popup","2754","public class InfinityScrollTest_Popup : MonoBehaviour // TypeDefIndex: 2754"
"99464","class","LanguageTableCheck.","2755","private sealed class LanguageTableCheck.<>c__DisplayClass0_0 // TypeDefIndex: 2755"
"99482","class","LanguageTableCheck","2756","public class LanguageTableCheck // TypeDefIndex: 2756"
"99503","class","LayoutUtil","2757","public static class LayoutUtil // TypeDefIndex: 2757"
"99512","class","ObjectPool","2758","public class ObjectPool // TypeDefIndex: 2758"
"99543","class","ObjectPoolItem","2759","public class ObjectPoolItem : MonoBehaviour // TypeDefIndex: 2759"
"99569","struct","ObjectRandomPosition.ObjectPositionValue","2760","public struct ObjectRandomPosition.ObjectPositionValue // TypeDefIndex: 2760"
"99578","class","ObjectRandomPosition","2761","public class ObjectRandomPosition : MonoBehaviour // TypeDefIndex: 2761"
"99606","struct","ObjectRandomRotator.ObjectRotatorValue","2762","public struct ObjectRandomRotator.ObjectRotatorValue // TypeDefIndex: 2762"
"99615","class","ObjectRandomRotator","2763","public class ObjectRandomRotator : MonoBehaviour // TypeDefIndex: 2763"
"99640","struct","ObjectRandomScaler.ObjectScalerValue","2764","public struct ObjectRandomScaler.ObjectScalerValue // TypeDefIndex: 2764"
"99649","class","ObjectRandomScaler","2765","public class ObjectRandomScaler : MonoBehaviour // TypeDefIndex: 2765"
"99674","struct","PrefabLightmapData.RendererInfo","2766","private struct PrefabLightmapData.RendererInfo // TypeDefIndex: 2766"
"99684","struct","PrefabLightmapData.LightInfo","2767","private struct PrefabLightmapData.LightInfo // TypeDefIndex: 2767"
"99694","class","PrefabLightmapData","2768","public class PrefabLightmapData : MonoBehaviour // TypeDefIndex: 2768"
"99734","class","ReadOnlyAttribute","2769","public class ReadOnlyAttribute : PropertyAttribute // TypeDefIndex: 2769"
"99746","class","SafeArea","2770","public class SafeArea : MonoBehaviour // TypeDefIndex: 2770"
"99776","class","ScrollRectClick","2771","public class ScrollRectClick : MonoBehaviour, IPointerDownHandler, IEventSystemHandler, IPointerUpHandler, IBeginDragHandler // TypeDefIndex: 2771"
"99799","class","ScrollRectDragEndCallback","2772","public class ScrollRectDragEndCallback : ScrollRect // TypeDefIndex: 2772"
"99815","class","ScrollViewFocusFunctions.","2773","private sealed class ScrollViewFocusFunctions.<FocusAtPointCoroutine>d__13 : IEnumerator<object>, IEnumerator, IDisposable // TypeDefIndex: 2773"
"99856","class","ScrollViewFocusFunctions.","2774","private sealed class ScrollViewFocusFunctions.<FocusOnItemCoroutine>d__14 : IEnumerator<object>, IEnumerator, IDisposable // TypeDefIndex: 2774"
"99897","class","ScrollViewFocusFunctions.","2775","private sealed class ScrollViewFocusFunctions.<FocusOnItemCoroutine>d__15 : IEnumerator<object>, IEnumerator, IDisposable // TypeDefIndex: 2775"
"99939","class","ScrollViewFocusFunctions.","2776","private sealed class ScrollViewFocusFunctions.<LerpToScrollPositionCoroutine>d__12 : IEnumerator<object>, IEnumerator, IDisposable // TypeDefIndex: 2776"
"99982","class","ScrollViewFocusFunctions","2777","public static class ScrollViewFocusFunctions // TypeDefIndex: 2777"
"100056","class","SortingLayerAttribute","2778","public class SortingLayerAttribute : PropertyAttribute // TypeDefIndex: 2778"
"100066","class","SpineFreezeBootstrap.","2779","private sealed class SpineFreezeBootstrap.<EnsureBuiltOnce>d__4 : IEnumerator<object>, IEnumerator, IDisposable // TypeDefIndex: 2779"
"100105","class","SpineFreezeBootstrap.","2780","private sealed class SpineFreezeBootstrap.<Start>d__3 : IEnumerator<object>, IEnumerator, IDisposable // TypeDefIndex: 2780"
"100143","class","SpineFreezeBootstrap","2781","public class SpineFreezeBootstrap : MonoBehaviour // TypeDefIndex: 2781"
"100172","enum","TweenPlayType","2782","public enum TweenPlayType // TypeDefIndex: 2782"
"100182","class","Tween","2783","public class Tween : MonoBehaviour // TypeDefIndex: 2783"
"100269","class","TweenColor","2784","public class TweenColor : Tween // TypeDefIndex: 2784"
"100293","enum","TweenCurve.Style","2785","public enum TweenCurve.Style // TypeDefIndex: 2785"
"100303","class","TweenCurve","2786","public abstract class TweenCurve : MonoBehaviour // TypeDefIndex: 2786"
"100364","class","TweenCurveMeshColor","2787","public class TweenCurveMeshColor : TweenCurve // TypeDefIndex: 2787"
"100395","class","TweenCurvePosition","2788","public class TweenCurvePosition : TweenCurve // TypeDefIndex: 2788"
"100431","class","TweenCurveRotation","2789","public class TweenCurveRotation : TweenCurve // TypeDefIndex: 2789"
"100462","class","TweenCurveScale","2790","public class TweenCurveScale : TweenCurve // TypeDefIndex: 2790"
"100496","class","TweenCurveSpriteColor","2791","public class TweenCurveSpriteColor : TweenCurve // TypeDefIndex: 2791"
"100527","class","TweenCurveTarget","2792","public class TweenCurveTarget : TweenCurve // TypeDefIndex: 2792"
"100563","class","TweenCurveUIColor","2793","public class TweenCurveUIColor : TweenCurve // TypeDefIndex: 2793"
"100594","class","TweenCurveUITextAlpha","2794","public class TweenCurveUITextAlpha : TweenCurve // TypeDefIndex: 2794"
"100625","class","TweenPosition","2795","public class TweenPosition : Tween // TypeDefIndex: 2795"
"100663","class","TweenPositionUI","2796","public class TweenPositionUI : Tween // TypeDefIndex: 2796"
"100709","class","TweenRotation","2797","public class TweenRotation : Tween // TypeDefIndex: 2797"
"100733","class","TweenScale","2798","public class TweenScale : Tween // TypeDefIndex: 2798"
"100761","class","TweenTester","2799","public class TweenTester : MonoBehaviour // TypeDefIndex: 2799"
"100773","class","YieldCache.FloatComparer","2800","private class YieldCache.FloatComparer : IEqualityComparer<float> // TypeDefIndex: 2800"
"100788","class","YieldCache","2801","internal static class YieldCache // TypeDefIndex: 2801"
"100810","class","PinBall.","2802","private sealed class PinBall.<RemoveWithLerp>d__14 : IEnumerator<object>, IEnumerator, IDisposable // TypeDefIndex: 2802"
"100852","class","PinBall","2803","public class PinBall : MonoBehaviour // TypeDefIndex: 2803"
"100894","class","PinLarge","2804","public class PinLarge : MonoBehaviour // TypeDefIndex: 2804"
"100910","class","WhiteDayGame","2805","public class WhiteDayGame : MonoBehaviour // TypeDefIndex: 2805"
"100968","class","WhiteDay_Obstacle","2806","public class WhiteDay_Obstacle : MonoBehaviour // TypeDefIndex: 2806"
"100988","enum","SpineAnimType","2807","public enum SpineAnimType // TypeDefIndex: 2807"
"100998","class","SpineAnimTriggerInfo","2808","public class SpineAnimTriggerInfo // TypeDefIndex: 2808"
"101013","class","SpineAnimTrigger","2809","public class SpineAnimTrigger : MonoBehaviour // TypeDefIndex: 2809"
"101035","class","AdsFingerManager","2810","public class AdsFingerManager : MonoBehaviourSingleton<AdsFingerManager> // TypeDefIndex: 2810"
"101067","class","Ads01_InGame_BlockManager.","2811","private sealed class Ads01_InGame_BlockManager.<StartSpawnCo>d__6 : IEnumerator<object>, IEnumerator, IDisposable // TypeDefIndex: 2811"
"101107","class","Ads01_InGame_BlockManager","2812","public class Ads01_InGame_BlockManager : MonoBehaviourSingleton<Ads01_InGame_BlockManager> // TypeDefIndex: 2812"
"101132","class","Ads01_InGame_DragManager","2813","public class Ads01_InGame_DragManager : InGame_DragManager // TypeDefIndex: 2813"
"101151","class","Ads01_InGame_Itemblock","2814","public class Ads01_InGame_Itemblock : InGame_ItemBlock // TypeDefIndex: 2814"
"101161","class","Ads01_RequestManager.","2815","private sealed class Ads01_RequestManager.<>c__DisplayClass5_0 // TypeDefIndex: 2815"
"101178","class","Ads01_RequestManager","2816","public class Ads01_RequestManager : MonoBehaviourSingleton<Ads01_RequestManager> // TypeDefIndex: 2816"
"101202","class","Ads_01_GameAdsManager","2817","public class Ads_01_GameAdsManager : MonoBehaviourSingleton<Ads_01_GameAdsManager> // TypeDefIndex: 2817"
"101215","class","UIListitem_QuestItemAds01","2818","public class UIListitem_QuestItemAds01 : MonoBehaviour // TypeDefIndex: 2818"
"101249","class","Ads02_DragManager","2819","public class Ads02_DragManager : InGame_DragManager // TypeDefIndex: 2819"
"101265","class","Ads02_Uilsititem_Request.","2820","private sealed class Ads02_Uilsititem_Request.<OnCompleteFinish>d__3 : IEnumerator<object>, IEnumerator, IDisposable // TypeDefIndex: 2820"
"101303","class","Ads02_Uilsititem_Request","2821","public class Ads02_Uilsititem_Request : UIListItem_Request // TypeDefIndex: 2821"
"101334","class","GameManager_Ads02.","2822","private sealed class GameManager_Ads02.<>c__DisplayClass2_0 // TypeDefIndex: 2822"
"101351","class","GameManager_Ads02","2823","public class GameManager_Ads02 : GameManager // TypeDefIndex: 2823"
"101383","class","Ads03_DragManager","2824","public class Ads03_DragManager : InGame_DragManager // TypeDefIndex: 2824"
"101398","class","Ads04_DragManager","2825","public class Ads04_DragManager : InGame_DragManager // TypeDefIndex: 2825"
"101414","class","Ads_05_RequestItem.","2826","private sealed class Ads_05_RequestItem.<OnCompleteFinish>d__4 : IEnumerator<object>, IEnumerator, IDisposable // TypeDefIndex: 2826"
"101452","class","Ads_05_RequestItem","2827","public class Ads_05_RequestItem : UIListItem_Request // TypeDefIndex: 2827"
"101485","class","AdsNpcInfo","2828","public class AdsNpcInfo // TypeDefIndex: 2828"
"101500","class","Ads_05_RequestManager.","2829","private sealed class Ads_05_RequestManager.<>c__DisplayClass9_0 // TypeDefIndex: 2829"
"101520","class","Ads_05_RequestManager","2830","public class Ads_05_RequestManager : InGame_RequestManager // TypeDefIndex: 2830"
"101556","class","GameManager_Ads05.","2831","private sealed class GameManager_Ads05.<>c__DisplayClass2_0 // TypeDefIndex: 2831"
"101573","class","GameManager_Ads05","2832","public class GameManager_Ads05 : GameManager // TypeDefIndex: 2832"
"101605","class","UIPopup_RequestComplete_Ads","2833","public class UIPopup_RequestComplete_Ads : MonoBehaviourSingleton<UIPopup_RequestComplete_Ads> // TypeDefIndex: 2833"
"101634","class","GameManager_Ads01.","2834","private sealed class GameManager_Ads01.<>c // TypeDefIndex: 2834"
"101654","class","GameManager_Ads01.","2835","private sealed class GameManager_Ads01.<>c__DisplayClass6_0 // TypeDefIndex: 2835"
"101671","class","GameManager_Ads01.","2836","private sealed class GameManager_Ads01.<>c__DisplayClass7_0 // TypeDefIndex: 2836"
"101688","class","GameManager_Ads01.","2837","private sealed class GameManager_Ads01.<>c__DisplayClass8_0 // TypeDefIndex: 2837"
"101705","class","GameManager_Ads01","2838","public class GameManager_Ads01 : GameManager // TypeDefIndex: 2838"
"101752","class","MapDataManager_Ads01","2839","public class MapDataManager_Ads01 : MapDataManager // TypeDefIndex: 2839"
"101782","class","TableDataManager_Ads01","2840","public class TableDataManager_Ads01 : MonoBehaviour // TypeDefIndex: 2840"
"101797","class","UIManager_Ads01","2841","public class UIManager_Ads01 : UIManager // TypeDefIndex: 2841"
"101806","struct","UnitySourceGeneratedAssemblyMonoScriptTypes_v1.MonoScriptData","2842","private struct UnitySourceGeneratedAssemblyMonoScriptTypes_v1.MonoScriptData // TypeDefIndex: 2842"
"101820","class","UnitySourceGeneratedAssemblyMonoScriptTypes_v1","2843","internal class UnitySourceGeneratedAssemblyMonoScriptTypes_v1 // TypeDefIndex: 2843"
"101832","enum","Json.Parser.TOKEN","2844","private enum Json.Parser.TOKEN // TypeDefIndex: 2844"
"101851","class","Json.Parser","2845","private sealed class Json.Parser : IDisposable // TypeDefIndex: 2845"
"101912","class","Json.Serializer","2846","private sealed class Json.Serializer // TypeDefIndex: 2846"
"101942","class","Json","2847","public static class Json // TypeDefIndex: 2847"
"101954","class","MiniProfiler.RecorderEntry","2848","internal class MiniProfiler.RecorderEntry // TypeDefIndex: 2848"
"101969","enum","MiniProfiler.Markers","2849","private enum MiniProfiler.Markers // TypeDefIndex: 2849"
"101981","class","MiniProfiler","2850","public class MiniProfiler : MonoBehaviour // TypeDefIndex: 2850"
"102018","class","AppleStoreKitTestTangle","2851","public class AppleStoreKitTestTangle // TypeDefIndex: 2851"
"102039","class","AppleTangle","2852","public class AppleTangle // TypeDefIndex: 2852"
"102060","class","GooglePlayTangle","2853","public class GooglePlayTangle // TypeDefIndex: 2853"
"102081","enum","UIGradient2.Type","2854","public enum UIGradient2.Type // TypeDefIndex: 2854"
"102092","enum","UIGradient2.Blend","2855","public enum UIGradient2.Blend // TypeDefIndex: 2855"
"102104","class","UIGradient2.","2856","private sealed class UIGradient2.<>c // TypeDefIndex: 2856"
"102128","class","UIGradient2","2857","public class UIGradient2 : BaseMeshEffect // TypeDefIndex: 2857"
"102222","class","UIParticleSystem","2858","public class UIParticleSystem : MaskableGraphic // TypeDefIndex: 2858"
"102286","class","Analytics.","2859","private sealed class Analytics.<>c // TypeDefIndex: 2859"
"102306","class","Analytics.","2860","private sealed class Analytics.<>c__DisplayClass8_0 // TypeDefIndex: 2860"
"102323","class","Analytics.","2861","private sealed class Analytics.<CheckABTest>d__11 : IEnumerator<object>, IEnumerator, IDisposable // TypeDefIndex: 2861"
"102362","class","Analytics","2862","public class Analytics : MonoBehaviourSingleton<Analytics>, IGameAnalyticsATTListener // TypeDefIndex: 2862"
"102449","class","ArcadezoneRankInfo","2863","public class ArcadezoneRankInfo // TypeDefIndex: 2863"
"102463","class","ArcadezoneStateInfo","2864","public class ArcadezoneStateInfo // TypeDefIndex: 2864"
"102487","class","RequestArcadezoneStateInfo","2865","public class RequestArcadezoneStateInfo // TypeDefIndex: 2865"
"102500","class","UserRankInfo","2866","public class UserRankInfo // TypeDefIndex: 2866"
"102515","class","MyRankInfo","2867","public class MyRankInfo // TypeDefIndex: 2867"
"102529","class","AsyncOperationExtensions.","2868","private sealed class AsyncOperationExtensions.<>c__DisplayClass0_0 // TypeDefIndex: 2868"
"102545","class","AsyncOperationExtensions.","2869","private sealed class AsyncOperationExtensions.<>c__DisplayClass1_0<T> // TypeDefIndex: 2869"
"102571","class","AsyncOperationExtensions","2870","public static class AsyncOperationExtensions // TypeDefIndex: 2870"
"102590","enum","NetworkArcadezone.requestType","2871","private enum NetworkArcadezone.requestType // TypeDefIndex: 2871"
"102601","class","NetworkArcadezone.AracezoneStateUpdate","2872","public sealed class NetworkArcadezone.AracezoneStateUpdate : MulticastDelegate // TypeDefIndex: 2872"
"102620","struct","NetworkArcadezone.","2873","private struct NetworkArcadezone.<RequestArcadezoneGetMyRank>d__22 : IAsyncStateMachine // TypeDefIndex: 2873"
"102642","struct","NetworkArcadezone.","2874","private struct NetworkArcadezone.<RequestArcadezoneSendScore>d__21 : IAsyncStateMachine // TypeDefIndex: 2874"
"102666","struct","NetworkArcadezone.","2875","private struct NetworkArcadezone.<RequestCompleteArcadezoneReward>d__20 : IAsyncStateMachine // TypeDefIndex: 2875"
"102689","struct","NetworkArcadezone.","2876","private struct NetworkArcadezone.<RequestGetArcadeWeekState>d__19 : IAsyncStateMachine // TypeDefIndex: 2876"
"102712","struct","NetworkArcadezone.","2877","private struct NetworkArcadezone.<RequestGetArcadezoneMyRankPage>d__23 : IAsyncStateMachine // TypeDefIndex: 2877"
"102734","struct","NetworkArcadezone.","2878","private struct NetworkArcadezone.<RequestGetArcadezoneRankListTop>d__24 : IAsyncStateMachine // TypeDefIndex: 2878"
"102756","class","NetworkArcadezone","2879","public class NetworkArcadezone : MonoBehaviourSingleton<NetworkArcadezone> // TypeDefIndex: 2879"
"102820","class","UserProfileInfo","2880","public class UserProfileInfo // TypeDefIndex: 2880"
"102842","class","NetworkUserInfo.UserProfileInfoCache","2881","public class NetworkUserInfo.UserProfileInfoCache // TypeDefIndex: 2881"
"102856","struct","NetworkUserInfo.","2882","private struct NetworkUserInfo.<RequestGetUserProfile>d__9 : IAsyncStateMachine // TypeDefIndex: 2882"
"102878","struct","NetworkUserInfo.","2883","private struct NetworkUserInfo.<RequestUpdateUserProfile>d__8 : IAsyncStateMachine // TypeDefIndex: 2883"
"102898","class","NetworkUserInfo","2884","public class NetworkUserInfo : MonoBehaviourSingleton<NetworkUserInfo> // TypeDefIndex: 2884"
"102930","class","PurchaseComleteInfo","2885","internal class PurchaseComleteInfo // TypeDefIndex: 2885"
"102943","class","InAppManager.InAppEventReceiver","2886","public sealed class InAppManager.InAppEventReceiver : MulticastDelegate // TypeDefIndex: 2886"
"102962","class","InAppManager.","2887","private sealed class InAppManager.<>c__DisplayClass27_0 // TypeDefIndex: 2887"
"102980","class","InAppManager.","2888","private sealed class InAppManager.<>c__DisplayClass28_0 // TypeDefIndex: 2888"
"102998","class","InAppManager.","2889","private sealed class InAppManager.<>c__DisplayClass33_0 // TypeDefIndex: 2889"
"103015","class","InAppManager.","2890","private sealed class InAppManager.<>c__DisplayClass39_0 // TypeDefIndex: 2890"
"103032","class","InAppManager.","2891","private sealed class InAppManager.<>c__DisplayClass42_0 // TypeDefIndex: 2891"
"103050","class","InAppManager.","2892","private sealed class InAppManager.<>c__DisplayClass46_0 // TypeDefIndex: 2892"
"103066","class","InAppManager","2893","public class InAppManager : MonoBehaviourSingleton<InAppManager>, IDetailedStoreListener, IStoreListener // TypeDefIndex: 2893"
"103192","class","HighscoreRankUserInfo","2894","public class HighscoreRankUserInfo // TypeDefIndex: 2894"
"103205","class","HighscoreRankInfo","2895","public class HighscoreRankInfo // TypeDefIndex: 2895"
"103220","class","HighscoreGetRankInfo","2896","public class HighscoreGetRankInfo // TypeDefIndex: 2896"
"103232","enum","ScoreType","2897","public enum ScoreType // TypeDefIndex: 2897"
"103242","class","LeaderboardManager.","2898","private sealed class LeaderboardManager.<>c__DisplayClass12_0 // TypeDefIndex: 2898"
"103260","class","LeaderboardManager.","2899","private sealed class LeaderboardManager.<RequestGetMyRankListWWW>d__20 : IEnumerator<object>, IEnumerator, IDisposable // TypeDefIndex: 2899"
"103304","class","LeaderboardManager.","2900","private sealed class LeaderboardManager.<RequestGetRankListTopWWW>d__18 : IEnumerator<object>, IEnumerator, IDisposable // TypeDefIndex: 2900"
"103348","class","LeaderboardManager.","2901","private sealed class LeaderboardManager.<RequestSendScoreWWW>d__16 : IEnumerator<object>, IEnumerator, IDisposable // TypeDefIndex: 2901"
"103393","class","LeaderboardManager.","2902","private sealed class LeaderboardManager.<RequestUpdateUserInfoWWW>d__14 : IEnumerator<object>, IEnumerator, IDisposable // TypeDefIndex: 2902"
"103436","class","LeaderboardManager","2903","public class LeaderboardManager : MonoBehaviourSingleton<LeaderboardManager> // TypeDefIndex: 2903"
"103513","class","Immortal","2904","public class Immortal<T> : MonoBehaviour // TypeDefIndex: 2904"
"103641","class","MonoBehaviourSingleton","2905","public abstract class MonoBehaviourSingleton<T> : MonoBehaviour // TypeDefIndex: 2905"
"103770","class","HighscoreBigQ","2906","public class HighscoreBigQ : MonoBehaviourSingleton<HighscoreBigQ> // TypeDefIndex: 2906"
"103847","class","HighscoreInitCheckInfo","2907","public class HighscoreInitCheckInfo // TypeDefIndex: 2907"
"103862","class","PlatformUserInfo","2908","public class PlatformUserInfo // TypeDefIndex: 2908"
"103877","class","TestSaveFileInfo","2909","public class TestSaveFileInfo // TypeDefIndex: 2909"
"103890","class","LoadSaveFileInfo","2910","public class LoadSaveFileInfo // TypeDefIndex: 2910"
"103904","class","HighscoreCommon.","2911","private sealed class HighscoreCommon.<>c__DisplayClass17_0 // TypeDefIndex: 2911"
"103929","class","HighscoreCommon.","2912","private sealed class HighscoreCommon.<>c__DisplayClass44_0 // TypeDefIndex: 2912"
"103962","class","HighscoreCommon.","2913","private sealed class HighscoreCommon.<>c__DisplayClass47_0 // TypeDefIndex: 2913"
"103991","class","HighscoreCommon.","2914","private sealed class HighscoreCommon.<CheckInviteFriend>d__37 : IEnumerator<object>, IEnumerator, IDisposable // TypeDefIndex: 2914"
"104031","class","HighscoreCommon.","2915","private sealed class HighscoreCommon.<GetSaveFileLevelListWWW>d__83 : IEnumerator<object>, IEnumerator, IDisposable // TypeDefIndex: 2915"
"104073","class","HighscoreCommon.","2916","private sealed class HighscoreCommon.<GetUserSaveFileWWWByUserKey>d__71 : IEnumerator<object>, IEnumerator, IDisposable // TypeDefIndex: 2916"
"104115","class","HighscoreCommon.","2917","private sealed class HighscoreCommon.<RequestAddBlockUserInfoWWW>d__75 : IEnumerator<object>, IEnumerator, IDisposable // TypeDefIndex: 2917"
"104156","class","HighscoreCommon.","2918","private sealed class HighscoreCommon.<RequestAddInviteUserWWW>d__29 : IEnumerator<object>, IEnumerator, IDisposable // TypeDefIndex: 2918"
"104199","class","HighscoreCommon.","2919","private sealed class HighscoreCommon.<RequestAddMessageTokenWWW>d__21 : IEnumerator<object>, IEnumerator, IDisposable // TypeDefIndex: 2919"
"104241","class","HighscoreCommon.","2920","private sealed class HighscoreCommon.<RequestCheckBlockUserWWW>d__41 : IEnumerator<object>, IEnumerator, IDisposable // TypeDefIndex: 2920"
"104282","class","HighscoreCommon.","2921","private sealed class HighscoreCommon.<RequestCheckCheatEnableWWW>d__79 : IEnumerator<object>, IEnumerator, IDisposable // TypeDefIndex: 2921"
"104324","class","HighscoreCommon.","2922","private sealed class HighscoreCommon.<RequestCheckCouponWWW>d__43 : IEnumerator<object>, IEnumerator, IDisposable // TypeDefIndex: 2922"
"104366","class","HighscoreCommon.","2923","private sealed class HighscoreCommon.<RequestCheckReceiptOnestoreWWW>d__49 : IEnumerator<object>, IEnumerator, IDisposable // TypeDefIndex: 2923"
"104418","class","HighscoreCommon.","2924","private sealed class HighscoreCommon.<RequestCheckReceiptWWW>d__46 : IEnumerator<object>, IEnumerator, IDisposable // TypeDefIndex: 2924"
"104474","class","HighscoreCommon.","2925","private sealed class HighscoreCommon.<RequestConnectPlatformUserWWW>d__55 : IEnumerator<object>, IEnumerator, IDisposable // TypeDefIndex: 2925"
"104517","class","HighscoreCommon.","2926","private sealed class HighscoreCommon.<RequestConvertPlatformUserIDWWW>d__59 : IEnumerator<object>, IEnumerator, IDisposable // TypeDefIndex: 2926"
"104560","class","HighscoreCommon.","2927","private sealed class HighscoreCommon.<RequestCountryInfoWWW>d__65 : IEnumerator<object>, IEnumerator, IDisposable // TypeDefIndex: 2927"
"104601","class","HighscoreCommon.","2928","private sealed class HighscoreCommon.<RequestDeletePlatformUserIDWWW>d__61 : IEnumerator<object>, IEnumerator, IDisposable // TypeDefIndex: 2928"
"104642","class","HighscoreCommon.","2929","private sealed class HighscoreCommon.<RequestGetInviteUserCountWWW>d__31 : IEnumerator<object>, IEnumerator, IDisposable // TypeDefIndex: 2929"
"104684","class","HighscoreCommon.","2930","private sealed class HighscoreCommon.<RequestGetPlatformUserInfoWWW>d__53 : IEnumerator<object>, IEnumerator, IDisposable // TypeDefIndex: 2930"
"104727","class","HighscoreCommon.","2931","private sealed class HighscoreCommon.<RequestGetSaveFileWWW>d__85 : IEnumerator<object>, IEnumerator, IDisposable // TypeDefIndex: 2931"
"104771","class","HighscoreCommon.","2932","private sealed class HighscoreCommon.<RequestInitGameInfoWWW>d__18 : IEnumerator<object>, IEnumerator, IDisposable // TypeDefIndex: 2932"
"104813","class","HighscoreCommon.","2933","private sealed class HighscoreCommon.<RequestPurchaseCompleteWWW>d__51 : IEnumerator<object>, IEnumerator, IDisposable // TypeDefIndex: 2933"
"104856","class","HighscoreCommon.","2934","private sealed class HighscoreCommon.<RequestRecoverCompleteWWW>d__63 : IEnumerator<object>, IEnumerator, IDisposable // TypeDefIndex: 2934"
"104897","class","HighscoreCommon.","2935","private sealed class HighscoreCommon.<RequestRemoveItemCompleteWWW>d__27 : IEnumerator<object>, IEnumerator, IDisposable // TypeDefIndex: 2935"
"104940","class","HighscoreCommon.","2936","private sealed class HighscoreCommon.<RequestRewardRecvCompleteWWW>d__23 : IEnumerator<object>, IEnumerator, IDisposable // TypeDefIndex: 2936"
"104980","class","HighscoreCommon.","2937","private sealed class HighscoreCommon.<RequestRewardRecvCompleteWWW>d__25 : IEnumerator<object>, IEnumerator, IDisposable // TypeDefIndex: 2937"
"105023","class","HighscoreCommon.","2938","private sealed class HighscoreCommon.<RequestSendLogWWW>d__77 : IEnumerator<object>, IEnumerator, IDisposable // TypeDefIndex: 2938"
"105065","class","HighscoreCommon.","2939","private sealed class HighscoreCommon.<RequestSendSaveFileWWW>d__81 : IEnumerator<object>, IEnumerator, IDisposable // TypeDefIndex: 2939"
"105109","class","HighscoreCommon.","2940","private sealed class HighscoreCommon.<RequestTimeInfoWWW>d__67 : IEnumerator<object>, IEnumerator, IDisposable // TypeDefIndex: 2940"
"105150","class","HighscoreCommon.","2941","private sealed class HighscoreCommon.<RequestUpdatePlatformUserIDWWW>d__57 : IEnumerator<object>, IEnumerator, IDisposable // TypeDefIndex: 2941"
"105194","class","HighscoreCommon.","2942","private sealed class HighscoreCommon.<ResetFriendInviteInfoWWW>d__33 : IEnumerator<object>, IEnumerator, IDisposable // TypeDefIndex: 2942"
"105236","class","HighscoreCommon.","2943","private sealed class HighscoreCommon.<SendUserDataSaveWWW>d__69 : IEnumerator<object>, IEnumerator, IDisposable // TypeDefIndex: 2943"
"105279","class","HighscoreCommon.","2944","private sealed class HighscoreCommon.<SendVersionUpdateInfoWWW>d__73 : IEnumerator<object>, IEnumerator, IDisposable // TypeDefIndex: 2944"
"105319","class","HighscoreCommon","2945","public class HighscoreCommon : MonoBehaviourSingleton<HighscoreCommon> // TypeDefIndex: 2945"
"105611","class","AESCipher","2946","internal class AESCipher // TypeDefIndex: 2946"
"105626","class","HighscoreService","2947","public static class HighscoreService // TypeDefIndex: 2947"
"105636","class","HighscoreSetting","2948","public sealed class HighscoreSetting // TypeDefIndex: 2948"
"105648","class","HighscoreTimer","2949","public class HighscoreTimer : MonoBehaviourSingleton<HighscoreTimer> // TypeDefIndex: 2949"
"105693","class","HighscoreUtilUI","2950","public class HighscoreUtilUI : MonoBehaviour // TypeDefIndex: 2950"
"105769","class","HighscoreGDPRSetting.GDPRSetting","2951","public class HighscoreGDPRSetting.GDPRSetting // TypeDefIndex: 2951"
"105860","class","HighscoreGDPRSetting","2952","public class HighscoreGDPRSetting : ScriptableObject // TypeDefIndex: 2952"
"105879","class","HighscoreCompression","2953","public class HighscoreCompression : MonoBehaviourSingleton<HighscoreCompression> // TypeDefIndex: 2953"
"105897","class","HighscoreSaveLoad.SaveLoadData","2954","private class HighscoreSaveLoad.SaveLoadData // TypeDefIndex: 2954"
"105910","enum","HighscoreSaveLoad.SaveType","2955","public enum HighscoreSaveLoad.SaveType // TypeDefIndex: 2955"
"105919","class","HighscoreSaveLoad","2956","public class HighscoreSaveLoad : MonoBehaviourSingleton<HighscoreSaveLoad> // TypeDefIndex: 2956"
"106034","class","LocalizeMy.LanguageData","2957","public class LocalizeMy.LanguageData // TypeDefIndex: 2957"
"106046","class","LocalizeMy","2958","public class LocalizeMy // TypeDefIndex: 2958"
"106087","class","UILocalize","2959","public class UILocalize : MonoBehaviour // TypeDefIndex: 2959"
"106105","enum","GDPR.UserStatus","2960","public enum GDPR.UserStatus // TypeDefIndex: 2960"
"106116","class","GDPR.Settings","2961","public class GDPR.Settings : LocalSaveData<GDPR.Settings> // TypeDefIndex: 2961"
"106132","class","GDPR.","2962","private sealed class GDPR.<>c // TypeDefIndex: 2962"
"106155","class","GDPR","2963","public class GDPR : MonoBehaviour // TypeDefIndex: 2963"
"106334","class","GDPRScreenTwoControl","2964","public class GDPRScreenTwoControl : MonoBehaviour // TypeDefIndex: 2964"
"106358","class","GDPRView","2965","public class GDPRView : MonoBehaviour // TypeDefIndex: 2965"
"106413","enum","PrivacyDataType","2966","public enum PrivacyDataType // TypeDefIndex: 2966"
"106422","class","CreatePrivacyLinks","2967","public class CreatePrivacyLinks : MonoBehaviour // TypeDefIndex: 2967"
"106434","interface","ILocalSaveData","2968","public interface ILocalSaveData // TypeDefIndex: 2968"
"106444","class","LocalSaveData","2969","public abstract class LocalSaveData<T> : ILocalSaveData // TypeDefIndex: 2969"
"106483","class","MediationUse","2970","public class MediationUse // TypeDefIndex: 2970"
"106496","struct","MediationList.Network","2971","private struct MediationList.Network // TypeDefIndex: 2971"
"106504","class","MediationList","2972","public static class MediationList // TypeDefIndex: 2972"
"106523","class","PrivacyLink.","2973","private sealed class PrivacyLink.<>c__DisplayClass1_0 // TypeDefIndex: 2973"
"106538","class","PrivacyLink","2974","public class PrivacyLink : Button // TypeDefIndex: 2974"
"106553","class","Toggle","2975","public class Toggle : MonoBehaviour, IPointerClickHandler, IEventSystemHandler // TypeDefIndex: 2975"
"106604","enum","GAErrorSeverity","2976","public enum GAErrorSeverity // TypeDefIndex: 2976"
"106617","enum","GAProgressionStatus","2977","public enum GAProgressionStatus // TypeDefIndex: 2977"
"106628","enum","GAResourceFlowType","2978","public enum GAResourceFlowType // TypeDefIndex: 2978"
"106638","enum","GAAdAction","2979","public enum GAAdAction // TypeDefIndex: 2979"
"106652","enum","GAAdType","2980","public enum GAAdType // TypeDefIndex: 2980"
"106667","enum","GAAdError","2981","public enum GAAdError // TypeDefIndex: 2981"
"106683","class","GameAnalytics","2982","public class GameAnalytics : MonoBehaviour // TypeDefIndex: 2982"
"106949","interface","IGameAnalyticsATTListener","2983","public interface IGameAnalyticsATTListener // TypeDefIndex: 2983"
"106967","class","GameAnalyticsILRD","2984","public class GameAnalyticsILRD // TypeDefIndex: 2984"
"107045","class","GA_Wrapper","2985","public class GA_Wrapper // TypeDefIndex: 2985"
"107361","enum","GA_MiniJSON.Parser.TOKEN","2986","private enum GA_MiniJSON.Parser.TOKEN // TypeDefIndex: 2986"
"107380","class","GA_MiniJSON.Parser","2987","private sealed class GA_MiniJSON.Parser : IDisposable // TypeDefIndex: 2987"
"107441","class","GA_MiniJSON.Serializer","2988","private sealed class GA_MiniJSON.Serializer // TypeDefIndex: 2988"
"107471","class","GA_MiniJSON","2989","public class GA_MiniJSON // TypeDefIndex: 2989"
"107486","class","GAState","2990","internal static class GAState // TypeDefIndex: 2990"
"107519","enum","Settings.HelpTypes","2991","public enum Settings.HelpTypes // TypeDefIndex: 2991"
"107529","enum","Settings.MessageTypes","2992","public enum Settings.MessageTypes // TypeDefIndex: 2992"
"107540","struct","Settings.HelpInfo","2993","public struct Settings.HelpInfo // TypeDefIndex: 2993"
"107549","enum","Settings.InspectorStates","2994","public enum Settings.InspectorStates // TypeDefIndex: 2994"
"107560","class","Settings","2995","public class Settings : ScriptableObject // TypeDefIndex: 2995"
"107720","class","Organization","2996","public class Organization // TypeDefIndex: 2996"
"107769","class","Studio","2997","public class Studio // TypeDefIndex: 2997"
"107832","class","Game","2998","public class Game // TypeDefIndex: 2998"
"107889","class","GA_Ads","2999","public static class GA_Ads // TypeDefIndex: 2999"
"107904","class","GA_Business","3000","public static class GA_Business // TypeDefIndex: 3000"
"107916","class","GA_Debug","3001","public static class GA_Debug // TypeDefIndex: 3001"
"107940","class","GA_Design","3002","public static class GA_Design // TypeDefIndex: 3002"
"107955","class","GA_Error","3003","public static class GA_Error // TypeDefIndex: 3003"
"107967","class","GA_Progression","3004","public static class GA_Progression // TypeDefIndex: 3004"
"107994","class","GA_Resource","3005","public static class GA_Resource // TypeDefIndex: 3005"
"108003","class","GA_Setup","3006","public static class GA_Setup // TypeDefIndex: 3006"
"108055","class","GA_SpecialEvents.","3007","private sealed class GA_SpecialEvents.<CheckCriticalFPSRoutine>d__12 : IEnumerator<object>, IEnumerator, IDisposable // TypeDefIndex: 3007"
"108094","class","GA_SpecialEvents.","3008","private sealed class GA_SpecialEvents.<SubmitFPSRoutine>d__11 : IEnumerator<object>, IEnumerator, IDisposable // TypeDefIndex: 3008"
"108131","class","GA_SpecialEvents","3009","public class GA_SpecialEvents : MonoBehaviour // TypeDefIndex: 3009"
"108177","class","GAValidator","3010","internal static class GAValidator // TypeDefIndex: 3010"
"108267","class","ConsoleBase","3011","internal class ConsoleBase : MonoBehaviour // TypeDefIndex: 3011"
"108390","class","LogView","3012","internal class LogView : ConsoleBase // TypeDefIndex: 3012"
"108412","class","MenuBase","3013","internal abstract class MenuBase : ConsoleBase // TypeDefIndex: 3013"
"108457","class","AccessTokenMenu","3014","internal class AccessTokenMenu : MenuBase // TypeDefIndex: 3014"
"108469","class","AppEvents","3015","internal class AppEvents : MenuBase // TypeDefIndex: 3015"
"108481","class","AppLinks","3016","internal class AppLinks : MenuBase // TypeDefIndex: 3016"
"108493","class","AppRequests","3017","internal class AppRequests : MenuBase // TypeDefIndex: 3017"
"108520","class","DialogShare","3018","internal class DialogShare : MenuBase // TypeDefIndex: 3018"
"108549","class","GraphRequest.","3019","private sealed class GraphRequest.<TakeScreenshot>d__4 : IEnumerator<object>, IEnumerator, IDisposable // TypeDefIndex: 3019"
"108587","class","GraphRequest","3020","internal class GraphRequest : MenuBase // TypeDefIndex: 3020"
"108610","class","IAP","3021","internal class IAP : MenuBase // TypeDefIndex: 3021"
"108622","enum","MainMenu.Scope","3022","private enum MainMenu.Scope // TypeDefIndex: 3022"
"108637","class","MainMenu","3023","internal sealed class MainMenu : MenuBase // TypeDefIndex: 3023"
"108667","class","Pay","3024","internal class Pay : MenuBase // TypeDefIndex: 3024"
"108685","class","Subscription","3025","internal class Subscription : MenuBase // TypeDefIndex: 3025"
"108713","class","TournamentsMenu","3026","internal class TournamentsMenu : MenuBase // TypeDefIndex: 3026"
"108732","class","UploadToMediaLibrary","3027","internal class UploadToMediaLibrary : MenuBase // TypeDefIndex: 3027"
"108755","class","DemoAimer","3028","public class DemoAimer : MonoBehaviour // TypeDefIndex: 3028"
"108776","class","DemoHandler","3029","public class DemoHandler : MonoBehaviour // TypeDefIndex: 3029"
"108835","class","DemoParticle","3030","public class DemoParticle : MonoBehaviour // TypeDefIndex: 3030"
"108855","class","DemoPreview.","3031","private sealed class DemoPreview.<>c__DisplayClass8_0 // TypeDefIndex: 3031"
"108871","class","DemoPreview","3032","public class DemoPreview : MonoBehaviour // TypeDefIndex: 3032"
"108917","class","DemoProjectile","3033","public class DemoProjectile : MonoBehaviour // TypeDefIndex: 3033"
"108948","class","DemoTarget","3034","public class DemoTarget : MonoBehaviour // TypeDefIndex: 3034"
"108971","class","RenderUtils","3035","public static class RenderUtils // TypeDefIndex: 3035"
"108994","class","ObstructorTilemap","3036","public class ObstructorTilemap : MonoBehaviour // TypeDefIndex: 3036"
"109028","class","Obstructor","3037","public class Obstructor : MonoBehaviour // TypeDefIndex: 3037"
"109087","class","ObstructorManager","3038","public class ObstructorManager : WaterFeatureLayerRenderer // TypeDefIndex: 3038"
"109263","struct","ObstructorPair","3039","public struct ObstructorPair // TypeDefIndex: 3039"
"109277","class","ObstructorSO","3040","public class ObstructorSO // TypeDefIndex: 3040"
"109293","class","Obstructor3D","3041","public class Obstructor3D : MonoBehaviour // TypeDefIndex: 3041"
"109342","class","Obstructor3DSO","3042","public class Obstructor3DSO // TypeDefIndex: 3042"
"109359","enum","LayerRendererType","3043","public enum LayerRendererType // TypeDefIndex: 3043"
"109371","class","LayerRenderer","3044","public class LayerRenderer // TypeDefIndex: 3044"
"109500","class","ReflectionData","3045","public class ReflectionData // TypeDefIndex: 3045"
"109522","enum","ReflectionPivotSourceMode","3046","public enum ReflectionPivotSourceMode // TypeDefIndex: 3046"
"109533","class","ReflectionSO","3047","public class ReflectionSO // TypeDefIndex: 3047"
"109560","class","ReflectionSettings","3048","public class ReflectionSettings // TypeDefIndex: 3048"
"109580","class","ReflectionsSystem","3049","public class ReflectionsSystem : WaterFeatureLayerRenderer // TypeDefIndex: 3049"
"109786","class","Reflector","3050","public class Reflector : MonoBehaviour // TypeDefIndex: 3050"
"109891","class","Reflection3DSO","3051","public class Reflection3DSO // TypeDefIndex: 3051"
"109910","class","Reflector3D","3052","public class Reflector3D : MonoBehaviour // TypeDefIndex: 3052"
"109967","class","SurfaceRenderingManager","3053","public class SurfaceRenderingManager : WaterFeatureLayerRenderer // TypeDefIndex: 3053"
"110003","class","Grid","3054","public class Grid // TypeDefIndex: 3054"
"110135","class","RenderTextureBlitPack","3055","public class RenderTextureBlitPack // TypeDefIndex: 3055"
"110152","enum","TextureUtils.ResolutionEnum","3056","public enum TextureUtils.ResolutionEnum // TypeDefIndex: 3056"
"110165","class","TextureUtils","3057","public static class TextureUtils // TypeDefIndex: 3057"
"110181","class","WaterSimulation","3058","public class WaterSimulation // TypeDefIndex: 3058"
"110208","class","WaterSimulationAdvanced","3059","public class WaterSimulationAdvanced : WaterSimulation // TypeDefIndex: 3059"
"110339","class","WaterSimulationSimple","3060","public class WaterSimulationSimple : WaterSimulation // TypeDefIndex: 3060"
"110448","class","WaterShaderIdsREF","3061","public static class WaterShaderIdsREF // TypeDefIndex: 3061"
"110465","class","WaterShaderIdsSUR","3062","public static class WaterShaderIdsSUR // TypeDefIndex: 3062"
"110477","class","WaterShaderIdsOBS","3063","public static class WaterShaderIdsOBS // TypeDefIndex: 3063"
"110490","class","WaterColorUtils","3064","public class WaterColorUtils // TypeDefIndex: 3064"
"110506","class","WaterComponentExtensions","3065","public static class WaterComponentExtensions // TypeDefIndex: 3065"
"110522","class","WaterCryo","3066","public class WaterCryo<T> // TypeDefIndex: 3066"
"110713","class","WaterDictPair","3067","public class WaterDictPair<T, T1> // TypeDefIndex: 3067"
"110733","class","WaterSortingLayerSetter","3068","public class WaterSortingLayerSetter : MonoBehaviour // TypeDefIndex: 3068"
"110758","class","WaterTransformUtils","3069","public static class WaterTransformUtils // TypeDefIndex: 3069"
"110768","class","ManagersParent","3070","public class ManagersParent : MonoBehaviour // TypeDefIndex: 3070"
"110777","class","Spawner","3071","public class Spawner : MonoBehaviour // TypeDefIndex: 3071"
"110815","class","cameraManip","3072","public class cameraManip : MonoBehaviour // TypeDefIndex: 3072"
"110844","class","duck.","3073","private sealed class duck.<goToP>d__6 : IEnumerator<object>, IEnumerator, IDisposable // TypeDefIndex: 3073"
"110887","class","duck","3074","public class duck : MonoBehaviour // TypeDefIndex: 3074"
"110915","enum","BlurSettings.BlurType","3075","public enum BlurSettings.BlurType // TypeDefIndex: 3075"
"110926","class","BlurSettings","3076","public class BlurSettings // TypeDefIndex: 3076"
"110957","class","ModernWater2D","3077","public class ModernWater2D : MonoBehaviour // TypeDefIndex: 3077"
"111262","class","ModernWater2DSettings","3078","public class ModernWater2DSettings // TypeDefIndex: 3078"
"111280","class","ObstructorSettings","3079","public class ObstructorSettings // TypeDefIndex: 3079"
"111300","class","ReflectionsSettings","3080","public class ReflectionsSettings // TypeDefIndex: 3080"
"111348","class","SimulationSettings","3081","public class SimulationSettings // TypeDefIndex: 3081"
"111382","enum","SimulationType","3082","public enum SimulationType // TypeDefIndex: 3082"
"111391","enum","WaterPresets.WaterPresetShaders","3083","public enum WaterPresets.WaterPresetShaders // TypeDefIndex: 3083"
"111400","class","WaterPresets","3084","public static class WaterPresets // TypeDefIndex: 3084"
"111414","enum","ColoringType","3085","public enum ColoringType // TypeDefIndex: 3085"
"111426","class","WaterSettings","3086","public class WaterSettings // TypeDefIndex: 3086"
"111484","class","WaveSimulationSettings","3087","public class WaveSimulationSettings // TypeDefIndex: 3087"
"111520","class","Parallax","3088","public class Parallax : MonoBehaviour // TypeDefIndex: 3088"
"111613","class","GradientFunctions","3089","public static class GradientFunctions // TypeDefIndex: 3089"
"111624","class","SpriteFunctions","3090","public static class SpriteFunctions // TypeDefIndex: 3090"
"111635","class","WaterPlatformerFollow","3091","public class WaterPlatformerFollow : MonoBehaviour // TypeDefIndex: 3091"
"111662","class","WaterFeatureLayerRenderer","3092","public abstract class WaterFeatureLayerRenderer : MonoBehaviour // TypeDefIndex: 3092"
"111699","class","WaveSimNode","3093","public class WaveSimNode // TypeDefIndex: 3093"
"111715","class","WaveSimulation","3094","public class WaveSimulation // TypeDefIndex: 3094"
"111798","class","SpillController.","3095","private sealed class SpillController.<DestroySpill>d__7 : IEnumerator<object>, IEnumerator, IDisposable // TypeDefIndex: 3095"
"111836","class","SpillController","3096","public class SpillController : MonoBehaviour // TypeDefIndex: 3096"
"111864","class","FloatingObjectComplex","3097","public class FloatingObjectComplex : MonoBehaviour // TypeDefIndex: 3097"
"111879","class","FloatingObjectSimple","3098","public class FloatingObjectSimple : MonoBehaviour // TypeDefIndex: 3098"
"111894","class","CameraPanning","3099","public class CameraPanning : MonoBehaviour // TypeDefIndex: 3099"
"111909","class","CubeSpawn","3100","public class CubeSpawn : MonoBehaviour // TypeDefIndex: 3100"
"111928","class","RandomRotation","3101","public class RandomRotation : MonoBehaviour // TypeDefIndex: 3101"
"111952","class","CameraAnimator","3102","public class CameraAnimator : MonoBehaviour // TypeDefIndex: 3102"
"111979","class","CylinderManager","3103","public class CylinderManager : MonoBehaviour // TypeDefIndex: 3103"
"111998","class","FishAnimator","3104","public class FishAnimator : MonoBehaviour // TypeDefIndex: 3104"
"112010","class","FlaskAnimator","3105","public class FlaskAnimator : MonoBehaviour // TypeDefIndex: 3105"
"112048","class","PortalAnimator","3106","public class PortalAnimator : MonoBehaviour // TypeDefIndex: 3106"
"112069","class","SpotlightAnimator","3107","public class SpotlightAnimator : MonoBehaviour // TypeDefIndex: 3107"
"112098","class","VerticalBounce","3108","public class VerticalBounce : MonoBehaviour // TypeDefIndex: 3108"
"112117","class","RandomMove","3109","public class RandomMove : MonoBehaviour // TypeDefIndex: 3109"
"112149","class","BeakerController","3110","public class BeakerController : MonoBehaviour // TypeDefIndex: 3110"
"112175","class","LiquidLevelPouringSync","3111","public class LiquidLevelPouringSync : MonoBehaviour // TypeDefIndex: 3111"
"112199","class","RotateLight","3112","public class RotateLight : MonoBehaviour // TypeDefIndex: 3112"
"112214","class","LiquidVolume.ShaderParams","3113","private static class LiquidVolume.ShaderParams // TypeDefIndex: 3113"
"112293","struct","LiquidVolume.LiquidLayer","3114","public struct LiquidVolume.LiquidLayer // TypeDefIndex: 3114"
"112349","struct","LiquidVolume.PointLightParams","3115","public struct LiquidVolume.PointLightParams // TypeDefIndex: 3115"
"112373","struct","LiquidVolume.MeshCache","3116","private struct LiquidVolume.MeshCache // TypeDefIndex: 3116"
"112382","class","LiquidVolume.MeshVolumeCalcFunction","3117","private sealed class LiquidVolume.MeshVolumeCalcFunction : MulticastDelegate // TypeDefIndex: 3117"
"112402","class","LiquidVolume.","3118","private sealed class LiquidVolume.<>c // TypeDefIndex: 3118"
"112422","class","LiquidVolume.","3119","private sealed class LiquidVolume.<>c__DisplayClass525_0 // TypeDefIndex: 3119"
"112438","class","LiquidVolume.","3120","private sealed class LiquidVolume.<>c__DisplayClass531_0 // TypeDefIndex: 3120"
"112457","class","LiquidVolume","3121","public class LiquidVolume : MonoBehaviour // TypeDefIndex: 3121"
"113694","enum","TOPOLOGY","3122","public enum TOPOLOGY // TypeDefIndex: 3122"
"113705","enum","DETAIL","3123","public enum DETAIL // TypeDefIndex: 3123"
"113720","enum","LEVEL_COMPENSATION","3124","public enum LEVEL_COMPENSATION // TypeDefIndex: 3124"
"113730","enum","BuoyancyEffect","3125","public enum BuoyancyEffect // TypeDefIndex: 3125"
"113741","class","DetailExtensions","3126","public static class DetailExtensions // TypeDefIndex: 3126"
"113757","class","LiquidVolumeLayer","3127","public class LiquidVolumeLayer : MonoBehaviour // TypeDefIndex: 3127"
"113781","class","Constants","3128","internal static class Constants // TypeDefIndex: 3128"
"113792","class","ConvexHull.","3129","private sealed class ConvexHull.<>c // TypeDefIndex: 3129"
"113811","class","ConvexHull","3130","public static class ConvexHull // TypeDefIndex: 3130"
"113839","class","ConvexHull","3131","public class ConvexHull<TVertex, TFace> // TypeDefIndex: 3131"
"113926","class","SimpleList","3132","internal class SimpleList<T> // TypeDefIndex: 3132"
"114052","class","IndexBuffer","3133","internal class IndexBuffer : SimpleList<int> // TypeDefIndex: 3133"
"114061","class","FaceList","3134","internal sealed class FaceList // TypeDefIndex: 3134"
"114095","class","ConnectorList","3135","internal sealed class ConnectorList // TypeDefIndex: 3135"
"114129","class","ConvexFace","3136","public abstract class ConvexFace<TVertex, TFace> // TypeDefIndex: 3136"
"114231","class","DefaultConvexFace","3137","public class DefaultConvexFace<TVertex> : ConvexFace<TVertex, DefaultConvexFace<TVertex>> // TypeDefIndex: 3137"
"114250","class","ConvexHullAlgorithm.","3138","private sealed class ConvexHullAlgorithm.<>c // TypeDefIndex: 3138"
"114278","class","ConvexHullAlgorithm.","3139","private sealed class ConvexHullAlgorithm.<>c__DisplayClass5_0 // TypeDefIndex: 3139"
"114292","class","ConvexHullAlgorithm.","3140","private sealed class ConvexHullAlgorithm.<>c__DisplayClass5_1 // TypeDefIndex: 3140"
"114313","class","ConvexHullAlgorithm","3141","internal class ConvexHullAlgorithm // TypeDefIndex: 3141"
"114482","class","DeferredFace","3142","internal sealed class DeferredFace // TypeDefIndex: 3142"
"114498","class","FaceConnector","3143","internal sealed class FaceConnector // TypeDefIndex: 3143"
"114524","class","ConvexFaceInternal","3144","internal sealed class ConvexFaceInternal // TypeDefIndex: 3144"
"114547","class","MathHelper","3145","internal class MathHelper // TypeDefIndex: 3145"
"114605","class","ObjectManager","3146","internal class ObjectManager // TypeDefIndex: 3146"
"114655","interface","IVertex","3147","public interface IVertex // TypeDefIndex: 3147"
"114667","class","DefaultVertex","3148","public class DefaultVertex : IVertex // TypeDefIndex: 3148"
"114691","interface","ITriangulation","3149","public interface ITriangulation<TVertex, TCell> // TypeDefIndex: 3149"
"114710","class","Triangulation.","3150","private sealed class Triangulation.<>c // TypeDefIndex: 3150"
"114733","class","Triangulation","3151","public static class Triangulation // TypeDefIndex: 3151"
"114785","class","DelaunayTriangulation","3152","public class DelaunayTriangulation<TVertex, TCell> : ITriangulation<TVertex, TCell> // TypeDefIndex: 3152"
"114844","class","TriangulationCell","3153","public abstract class TriangulationCell<TVertex, TCell> : ConvexFace<TVertex, TCell> // TypeDefIndex: 3153"
"114861","class","DefaultTriangulationCell","3154","public class DefaultTriangulationCell<TVertex> : TriangulationCell<TVertex, DefaultTriangulationCell<TVertex>> // TypeDefIndex: 3154"
"114878","class","VoronoiEdge","3155","public class VoronoiEdge<TVertex, TCell> // TypeDefIndex: 3155"
"114988","class","VoronoiMesh.","3156","private sealed class VoronoiMesh.<>c // TypeDefIndex: 3156"
"115007","class","VoronoiMesh","3157","public static class VoronoiMesh // TypeDefIndex: 3157"
"115040","class","VoronoiMesh.EdgeComparer","3158","private class VoronoiMesh.EdgeComparer<TVertex, TCell, TEdge> : IEqualityComparer<TEdge> // TypeDefIndex: 3158"
"115079","class","VoronoiMesh","3159","public class VoronoiMesh<TVertex, TCell, TEdge> // TypeDefIndex: 3159"
"115165","class","Vertex","3160","public class Vertex : IVertex // TypeDefIndex: 3160"
"115195","class","PanelControlSimpleCasual","3161","public class PanelControlSimpleCasual : MonoBehaviour // TypeDefIndex: 3161"
"115246","class","PanelSimpleCasual","3162","public class PanelSimpleCasual : MonoBehaviour // TypeDefIndex: 3162"
"115265","enum","CameraMouseOrbit.TargetMode","3163","public enum CameraMouseOrbit.TargetMode // TypeDefIndex: 3163"
"115274","class","CameraMouseOrbit","3164","public class CameraMouseOrbit : MonoBehaviour // TypeDefIndex: 3164"
"115325","enum","LinearMotion.TranslationMode","3165","public enum LinearMotion.TranslationMode // TypeDefIndex: 3165"
"115337","enum","LinearMotion.RotationMode","3166","public enum LinearMotion.RotationMode // TypeDefIndex: 3166"
"115349","class","LinearMotion","3167","public class LinearMotion : MonoBehaviour // TypeDefIndex: 3167"
"115385","class","UvScroller","3168","public class UvScroller : MonoBehaviour // TypeDefIndex: 3168"
"115413","class","FogImageEffect","3169","public class FogImageEffect : MonoBehaviour // TypeDefIndex: 3169"
"115489","class","OutlineImageEffect","3170","public class OutlineImageEffect : MonoBehaviour // TypeDefIndex: 3170"
"115537","class","ETFXButtonScript","3171","public class ETFXButtonScript : MonoBehaviour // TypeDefIndex: 3171"
"115570","class","ETFXFireProjectile","3172","public class ETFXFireProjectile : MonoBehaviour // TypeDefIndex: 3172"
"115606","class","ETFXLoopScript.","3173","private sealed class ETFXLoopScript.<EffectLoop>d__6 : IEnumerator<object>, IEnumerator, IDisposable // TypeDefIndex: 3173"
"115645","class","ETFXLoopScript","3174","public class ETFXLoopScript : MonoBehaviour // TypeDefIndex: 3174"
"115671","class","ETFXMouseOrbit","3175","public class ETFXMouseOrbit : MonoBehaviour // TypeDefIndex: 3175"
"115705","class","ETFXTarget.","3176","private sealed class ETFXTarget.<Respawn>d__7 : IEnumerator<object>, IEnumerator, IDisposable // TypeDefIndex: 3176"
"115743","class","ETFXTarget","3177","public class ETFXTarget : MonoBehaviour // TypeDefIndex: 3177"
"115773","class","ETFXLightFade","3178","public class ETFXLightFade : MonoBehaviour // TypeDefIndex: 3178"
"115795","class","ETFXPitchRandomizer","3179","public class ETFXPitchRandomizer : MonoBehaviour // TypeDefIndex: 3179"
"115810","enum","ETFXRotation.spaceEnum","3180","public enum ETFXRotation.spaceEnum // TypeDefIndex: 3180"
"115819","class","ETFXRotation","3181","public class ETFXRotation : MonoBehaviour // TypeDefIndex: 3181"
"115840","class","Example.","3182","private sealed class Example.<>c__DisplayClass3_0 // TypeDefIndex: 3182"
"115856","class","Example","3183","public class Example : MonoBehaviour // TypeDefIndex: 3183"
"115932","enum","Interop.Error","3193","internal enum Interop.Error // TypeDefIndex: 3193"
"116020","struct","Interop.ErrorInfo","3194","internal struct Interop.ErrorInfo // TypeDefIndex: 3194"
"116052","enum","Interop.Sys.NodeType","3195","internal enum Interop.Sys.NodeType // TypeDefIndex: 3195"
"116068","struct","Interop.Sys.DirectoryEntry","3196","internal struct Interop.Sys.DirectoryEntry // TypeDefIndex: 3196"
"116082","struct","Interop.Sys.FileStatus","3197","internal struct Interop.Sys.FileStatus // TypeDefIndex: 3197"
"116105","enum","Interop.Sys.FileStatusFlags","3198","internal enum Interop.Sys.FileStatusFlags // TypeDefIndex: 3198"
"116115","enum","Interop.Sys.Permissions","3199","internal enum Interop.Sys.Permissions // TypeDefIndex: 3199"
"116135","struct","Interop.Sys.TimeValPair","3200","internal struct Interop.Sys.TimeValPair // TypeDefIndex: 3200"
"116145","class","Interop.Sys","3201","internal static class Interop.Sys // TypeDefIndex: 3201"
"116253","class","Interop","3202","internal static class Interop // TypeDefIndex: 3202"
"116278","class","InteropErrorExtensions","3203","internal static class InteropErrorExtensions // TypeDefIndex: 3203"
"116288","class","Locale","3204","internal sealed class Locale // TypeDefIndex: 3204"
"116300","class","SR","3205","internal static class SR // TypeDefIndex: 3205"
"116328","enum","CertificateImportFlags","3206","internal enum CertificateImportFlags // TypeDefIndex: 3206"
"116338","class","DependencyInjector","3207","internal static class DependencyInjector // TypeDefIndex: 3207"
"116363","interface","ISystemCertificateProvider","3208","internal interface ISystemCertificateProvider // TypeDefIndex: 3208"
"116378","interface","ISystemDependencyProvider","3209","internal interface ISystemDependencyProvider // TypeDefIndex: 3209"
"116390","class","Runtime","3210","public static class Runtime // TypeDefIndex: 3210"
"116402","struct","RuntimeClassHandle","3211","internal struct RuntimeClassHandle // TypeDefIndex: 3211"
"116435","struct","RuntimeRemoteClassHandle","3212","internal struct RuntimeRemoteClassHandle // TypeDefIndex: 3212"
"116450","struct","RuntimeGenericParamInfoHandle","3213","internal struct RuntimeGenericParamInfoHandle // TypeDefIndex: 3213"
"116478","struct","RuntimeEventHandle","3214","internal struct RuntimeEventHandle // TypeDefIndex: 3214"
"116502","struct","RuntimePropertyHandle","3215","internal struct RuntimePropertyHandle // TypeDefIndex: 3215"
"116527","struct","RuntimeGPtrArrayHandle","3216","internal struct RuntimeGPtrArrayHandle // TypeDefIndex: 3216"
"116558","class","RuntimeMarshal","3217","internal static class RuntimeMarshal // TypeDefIndex: 3217"
"116582","struct","RuntimeStructs.RemoteClass","3218","internal struct RuntimeStructs.RemoteClass // TypeDefIndex: 3218"
"116593","struct","RuntimeStructs.MonoClass","3219","internal struct RuntimeStructs.MonoClass // TypeDefIndex: 3219"
"116597","struct","RuntimeStructs.GenericParamInfo","3220","internal struct RuntimeStructs.GenericParamInfo // TypeDefIndex: 3220"
"116608","struct","RuntimeStructs.GPtrArray","3221","internal struct RuntimeStructs.GPtrArray // TypeDefIndex: 3221"
"116616","class","RuntimeStructs","3222","internal static class RuntimeStructs // TypeDefIndex: 3222"
"116622","struct","MonoAssemblyName.","3223","public struct MonoAssemblyName.<public_key_token>e__FixedBuffer // TypeDefIndex: 3223"
"116629","struct","MonoAssemblyName","3224","internal struct MonoAssemblyName // TypeDefIndex: 3224"
"116649","struct","ValueTuple","3225","internal struct ValueTuple // TypeDefIndex: 3225"
"116653","struct","ValueTuple","3226","internal struct ValueTuple<T1> // TypeDefIndex: 3226"
"116660","struct","ValueTuple","3227","internal struct ValueTuple<T1, T2> // TypeDefIndex: 3227"
"116668","struct","ValueTuple","3228","internal struct ValueTuple<T1, T2, T3> // TypeDefIndex: 3228"
"116677","struct","ValueTuple","3229","internal struct ValueTuple<T1, T2, T3, T4> // TypeDefIndex: 3229"
"116687","struct","ValueTuple","3230","internal struct ValueTuple<T1, T2, T3, T4, T5> // TypeDefIndex: 3230"
"116699","struct","SafeGPtrArrayHandle","3231","internal struct SafeGPtrArrayHandle : IDisposable // TypeDefIndex: 3231"
"116724","struct","SafeStringMarshal","3232","internal struct SafeStringMarshal : IDisposable // TypeDefIndex: 3232"
"116755","class","SecurityParser","3233","internal class SecurityParser : SmallXmlParser, SmallXmlParser.IContentHandler // TypeDefIndex: 3233"
"116796","interface","SmallXmlParser.IContentHandler","3234","public interface SmallXmlParser.IContentHandler // TypeDefIndex: 3234"
"116823","interface","SmallXmlParser.IAttrList","3235","public interface SmallXmlParser.IAttrList // TypeDefIndex: 3235"
"116852","class","SmallXmlParser.AttrListImpl","3236","private class SmallXmlParser.AttrListImpl : SmallXmlParser.IAttrList // TypeDefIndex: 3236"
"116894","class","SmallXmlParser","3237","internal class SmallXmlParser // TypeDefIndex: 3237"
"116983","class","SmallXmlParserException","3238","internal class SmallXmlParserException : SystemException // TypeDefIndex: 3238"
"116997","class","MonoPInvokeCallbackAttribute","3239","internal sealed class MonoPInvokeCallbackAttribute : Attribute // TypeDefIndex: 3239"
"117007","struct","CodePointIndexer.TableRange","3240","internal struct CodePointIndexer.TableRange // TypeDefIndex: 3240"
"117023","class","CodePointIndexer","3241","internal class CodePointIndexer // TypeDefIndex: 3241"
"117041","class","TailoringInfo","3242","internal class TailoringInfo // TypeDefIndex: 3242"
"117056","class","Contraction","3243","internal class Contraction // TypeDefIndex: 3243"
"117071","class","ContractionComparer","3244","internal class ContractionComparer : IComparer<Contraction> // TypeDefIndex: 3244"
"117089","class","Level2Map","3245","internal class Level2Map // TypeDefIndex: 3245"
"117104","class","MSCompatUnicodeTable.","3246","private sealed class MSCompatUnicodeTable.<>c // TypeDefIndex: 3246"
"117123","class","MSCompatUnicodeTable","3247","internal class MSCompatUnicodeTable // TypeDefIndex: 3247"
"117216","class","MSCompatUnicodeTableUtil","3248","internal class MSCompatUnicodeTableUtil // TypeDefIndex: 3248"
"117234","class","NormalizationTableUtil","3249","internal class NormalizationTableUtil // TypeDefIndex: 3249"
"117256","struct","SimpleCollator.Context","3250","internal struct SimpleCollator.Context // TypeDefIndex: 3250"
"117274","struct","SimpleCollator.PreviousInfo","3251","private struct SimpleCollator.PreviousInfo // TypeDefIndex: 3251"
"117287","struct","SimpleCollator.Escape","3252","private struct SimpleCollator.Escape // TypeDefIndex: 3252"
"117298","enum","SimpleCollator.ExtenderType","3253","private enum SimpleCollator.ExtenderType // TypeDefIndex: 3253"
"117310","class","SimpleCollator","3254","internal class SimpleCollator : ISimpleCollator // TypeDefIndex: 3254"
"117474","class","SortKeyBuffer","3255","internal class SortKeyBuffer // TypeDefIndex: 3255"
"117538","class","ASN1","3256","internal class ASN1 // TypeDefIndex: 3256"
"117583","class","BitConverterLE","3257","internal sealed class BitConverterLE // TypeDefIndex: 3257"
"117613","class","KeyBuilder","3258","internal sealed class KeyBuilder // TypeDefIndex: 3258"
"117634","class","KeyPairPersistence","3259","internal class KeyPairPersistence // TypeDefIndex: 3259"
"117745","class","MD2","3260","internal abstract class MD2 : HashAlgorithm // TypeDefIndex: 3260"
"117757","class","MD2Managed","3261","internal class MD2Managed : MD2 // TypeDefIndex: 3261"
"117792","class","MD4","3262","internal abstract class MD4 : HashAlgorithm // TypeDefIndex: 3262"
"117804","class","MD4Managed","3263","internal class MD4Managed : MD4 // TypeDefIndex: 3263"
"117862","class","PKCS1","3264","internal sealed class PKCS1 // TypeDefIndex: 3264"
"117910","class","RSAManaged.KeyGeneratedEventHandler","3265","public sealed class RSAManaged.KeyGeneratedEventHandler : MulticastDelegate // TypeDefIndex: 3265"
"117922","class","RSAManaged","3266","internal class RSAManaged : RSA // TypeDefIndex: 3266"
"117996","class","SymmetricTransform","3267","internal abstract class SymmetricTransform : ICryptoTransform, IDisposable // TypeDefIndex: 3267"
"118088","class","DSAManaged.KeyGeneratedEventHandler","3268","public sealed class DSAManaged.KeyGeneratedEventHandler : MulticastDelegate // TypeDefIndex: 3268"
"118100","class","DSAManaged","3269","internal class DSAManaged : DSA // TypeDefIndex: 3269"
"118177","enum","BigInteger.Sign","3270","public enum BigInteger.Sign // TypeDefIndex: 3270"
"118187","class","BigInteger.ModulusRing","3271","internal sealed class BigInteger.ModulusRing // TypeDefIndex: 3271"
"118215","class","BigInteger.Kernel","3272","private sealed class BigInteger.Kernel // TypeDefIndex: 3272"
"118269","class","BigInteger","3273","internal class BigInteger // TypeDefIndex: 3273"
"118431","enum","ConfidenceFactor","3274","internal enum ConfidenceFactor // TypeDefIndex: 3274"
"118444","class","PrimalityTest","3275","internal sealed class PrimalityTest : MulticastDelegate // TypeDefIndex: 3275"
"118456","class","PrimalityTests","3276","internal sealed class PrimalityTests // TypeDefIndex: 3276"
"118474","class","PrimeGeneratorBase","3277","internal abstract class PrimeGeneratorBase // TypeDefIndex: 3277"
"118500","class","SequentialSearchPrimeGeneratorBase","3278","internal class SequentialSearchPrimeGeneratorBase : PrimeGeneratorBase // TypeDefIndex: 3278"
"118521","class","Win32Native","3279","internal static class Win32Native // TypeDefIndex: 3279"
"118533","class","SafeHandleCache","3280","internal static class SafeHandleCache<T> // TypeDefIndex: 3280"
"118550","class","SafePasswordHandle","3281","internal sealed class SafePasswordHandle : SafeHandle // TypeDefIndex: 3281"
"118580","class","SafeFileHandle","3282","public sealed class SafeFileHandle : SafeHandleZeroOrMinusOneIsInvalid // TypeDefIndex: 3282"
"118592","class","SafeWaitHandle","3283","public sealed class SafeWaitHandle : SafeHandleZeroOrMinusOneIsInvalid // TypeDefIndex: 3283"
"118605","class","SafeHandleZeroOrMinusOneIsInvalid","3284","public abstract class SafeHandleZeroOrMinusOneIsInvalid : SafeHandle // TypeDefIndex: 3284"
"118621","class","SafeHandleMinusOneIsInvalid","3285","public abstract class SafeHandleMinusOneIsInvalid : SafeHandle // TypeDefIndex: 3285"
"118637","class","TaskTrace","3286","internal static class TaskTrace // TypeDefIndex: 3286"
"118664","enum","AsyncStatus","3287","internal enum AsyncStatus // TypeDefIndex: 3287"
"118675","class","TaskTraceCallbacks","3288","internal abstract class TaskTraceCallbacks // TypeDefIndex: 3288"
"118699","class","RuntimeAugments","3289","internal class RuntimeAugments // TypeDefIndex: 3289"
"118720","class","ReflectionExecutionDomainCallbacks","3290","internal class ReflectionExecutionDomainCallbacks // TypeDefIndex: 3290"
"118732","class","RuntimeThread","3291","internal sealed class RuntimeThread // TypeDefIndex: 3291"
"118773","class","Helpers","3292","internal static class Helpers // TypeDefIndex: 3292"
"118797","enum","string.TrimType","3293","private enum string.TrimType // TypeDefIndex: 3293"
"118807","struct","string.ProbabilisticMap","3294","private struct string.ProbabilisticMap // TypeDefIndex: 3294"
"118813","class","String","3295","public sealed class String : IComparable, IEnumerable, IEnumerable<char>, IComparable<string>, IEquatable<string>, IConvertible, ICloneable // TypeDefIndex: 3295"
"119519","struct","TimeZoneInfo.TZifType","3296","private struct TimeZoneInfo.TZifType // TypeDefIndex: 3296"
"119533","struct","TimeZoneInfo.TZifHead","3297","private struct TimeZoneInfo.TZifHead // TypeDefIndex: 3297"
"119552","enum","TimeZoneInfo.TZVersion","3298","private enum TimeZoneInfo.TZVersion // TypeDefIndex: 3298"
"119563","class","TimeZoneInfo.AdjustmentRule","3299","public sealed class TimeZoneInfo.AdjustmentRule : IEquatable<TimeZoneInfo.AdjustmentRule>, ISerializable, IDeserializationCallback // TypeDefIndex: 3299"
"119650","struct","TimeZoneInfo.TransitionTime","3300","public struct TimeZoneInfo.TransitionTime : IEquatable<TimeZoneInfo.TransitionTime>, ISerializable, IDeserializationCallback // TypeDefIndex: 3300"
"119723","class","TimeZoneInfo.CachedData","3301","private sealed class TimeZoneInfo.CachedData // TypeDefIndex: 3301"
"119748","class","TimeZoneInfo.","3302","private sealed class TimeZoneInfo.<>c__DisplayClass16_0 // TypeDefIndex: 3302"
"119770","class","TimeZoneInfo.","3303","private sealed class TimeZoneInfo.<>c // TypeDefIndex: 3303"
"119811","class","TimeZoneInfo","3304","public sealed class TimeZoneInfo : IEquatable<TimeZoneInfo>, ISerializable, IDeserializationCallback // TypeDefIndex: 3304"
"120117","class","AccessViolationException","3305","public class AccessViolationException : SystemException // TypeDefIndex: 3305"
"120129","class","Action","3306","public sealed class Action : MulticastDelegate // TypeDefIndex: 3306"
"120141","class","Action","3307","public sealed class Action<T> : MulticastDelegate // TypeDefIndex: 3307"
"121867","class","Action","3308","public sealed class Action<T1, T2> : MulticastDelegate // TypeDefIndex: 3308"
"122099","class","Action","3309","public sealed class Action<T1, T2, T3> : MulticastDelegate // TypeDefIndex: 3309"
"122175","class","Action","3310","public sealed class Action<T1, T2, T3, T4> : MulticastDelegate // TypeDefIndex: 3310"
"122209","class","Action","3311","public sealed class Action<T1, T2, T3, T4, T5> : MulticastDelegate // TypeDefIndex: 3311"
"122231","class","Action","3312","public sealed class Action<T1, T2, T3, T4, T5, T6> : MulticastDelegate // TypeDefIndex: 3312"
"122259","class","Action","3313","public sealed class Action<T1, T2, T3, T4, T5, T6, T7> : MulticastDelegate // TypeDefIndex: 3313"
"122281","class","Action","3314","public sealed class Action<T1, T2, T3, T4, T5, T6, T7, T8> : MulticastDelegate // TypeDefIndex: 3314"
"122309","class","Func","3315","public sealed class Func<TResult> : MulticastDelegate // TypeDefIndex: 3315"
"122757","class","Func","3316","public sealed class Func<T, TResult> : MulticastDelegate // TypeDefIndex: 3316"
"123823","class","Func","3317","public sealed class Func<T1, T2, TResult> : MulticastDelegate // TypeDefIndex: 3317"
"124073","class","Func","3318","public sealed class Func<T1, T2, T3, TResult> : MulticastDelegate // TypeDefIndex: 3318"
"124173","class","Func","3319","public sealed class Func<T1, T2, T3, T4, TResult> : MulticastDelegate // TypeDefIndex: 3319"
"124213","class","Func","3320","public sealed class Func<T1, T2, T3, T4, T5, TResult> : MulticastDelegate // TypeDefIndex: 3320"
"124235","class","Func","3321","public sealed class Func<T1, T2, T3, T4, T5, T6, TResult> : MulticastDelegate // TypeDefIndex: 3321"
"124257","class","Func","3322","public sealed class Func<T1, T2, T3, T4, T5, T6, T7, TResult> : MulticastDelegate // TypeDefIndex: 3322"
"124279","class","Func","3323","public sealed class Func<T1, T2, T3, T4, T5, T6, T7, T8, TResult> : MulticastDelegate // TypeDefIndex: 3323"
"124301","class","Comparison","3324","public sealed class Comparison<T> : MulticastDelegate // TypeDefIndex: 3324"
"125937","class","Converter","3325","public sealed class Converter<TInput, TOutput> : MulticastDelegate // TypeDefIndex: 3325"
"125971","class","Predicate","3326","public sealed class Predicate<T> : MulticastDelegate // TypeDefIndex: 3326"
"127645","class","AggregateException","3327","public class AggregateException : Exception // TypeDefIndex: 3327"
"127707","class","ApplicationException","3328","public class ApplicationException : Exception // TypeDefIndex: 3328"
"127726","class","ArgumentException","3329","public class ArgumentException : SystemException // TypeDefIndex: 3329"
"127763","class","ArgumentNullException","3330","public class ArgumentNullException : ArgumentException // TypeDefIndex: 3330"
"127782","class","ArgumentOutOfRangeException","3331","public class ArgumentOutOfRangeException : ArgumentException // TypeDefIndex: 3331"
"127816","class","ArithmeticException","3332","public class ArithmeticException : SystemException // TypeDefIndex: 3332"
"127834","struct","ArraySegment.Enumerator","3333","public struct ArraySegment.Enumerator<T> : IEnumerator<T>, IDisposable, IEnumerator // TypeDefIndex: 3333"
"127955","struct","ArraySegment","3334","public struct ArraySegment<T> : IList<T>, ICollection<T>, IEnumerable<T>, IEnumerable, IReadOnlyList<T>, IReadOnlyCollection<T> // TypeDefIndex: 3334"
"128421","class","ArrayTypeMismatchException","3335","public class ArrayTypeMismatchException : SystemException // TypeDefIndex: 3335"
"128433","class","AssemblyLoadEventArgs","3336","public class AssemblyLoadEventArgs : EventArgs // TypeDefIndex: 3336"
"128447","class","AssemblyLoadEventHandler","3337","public sealed class AssemblyLoadEventHandler : MulticastDelegate // TypeDefIndex: 3337"
"128460","class","AsyncCallback","3338","public sealed class AsyncCallback : MulticastDelegate // TypeDefIndex: 3338"
"128479","enum","AttributeTargets","3339","public enum AttributeTargets // TypeDefIndex: 3339"
"128504","class","AttributeUsageAttribute","3340","public sealed class AttributeUsageAttribute : Attribute // TypeDefIndex: 3340"
"128539","class","BadImageFormatException","3341","public class BadImageFormatException : SystemException // TypeDefIndex: 3341"
"128581","class","BitConverter.","3342","private sealed class BitConverter.<>c // TypeDefIndex: 3342"
"128601","class","BitConverter","3343","public static class BitConverter // TypeDefIndex: 3343"
"128692","struct","Boolean","3344","public struct Boolean : IComparable, IConvertible, IComparable<bool>, IEquatable<bool> // TypeDefIndex: 3344"
"128793","struct","Byte","3345","public struct Byte : IComparable, IConvertible, IFormattable, IComparable<byte>, IEquatable<byte>, ISpanFormattable // TypeDefIndex: 3345"
"128904","class","CLSCompliantAttribute","3346","public sealed class CLSCompliantAttribute : Attribute // TypeDefIndex: 3346"
"128918","struct","Char","3347","public struct Char : IComparable, IComparable<char>, IEquatable<char>, IConvertible // TypeDefIndex: 3347"
"129125","class","CharEnumerator","3348","public sealed class CharEnumerator : IEnumerator, IEnumerator<char>, IDisposable, ICloneable // TypeDefIndex: 3348"
"129165","class","Convert","3349","public static class Convert // TypeDefIndex: 3349"
"130017","enum","Base64FormattingOptions","3350","public enum Base64FormattingOptions // TypeDefIndex: 3350"
"130028","class","CurrentSystemTimeZone","3351","internal class CurrentSystemTimeZone : TimeZone // TypeDefIndex: 3351"
"130047","class","DBNull","3352","public sealed class DBNull : ISerializable, IConvertible // TypeDefIndex: 3352"
"130124","struct","DateTime","3353","public struct DateTime : IComparable, IFormattable, IConvertible, IComparable<DateTime>, IEquatable<DateTime>, ISerializable, ISpanFormattable // TypeDefIndex: 3353"
"130521","enum","DateTimeKind","3354","public enum DateTimeKind // TypeDefIndex: 3354"
"130533","struct","DateTimeOffset","3355","public struct DateTimeOffset : IComparable, IFormattable, IComparable<DateTimeOffset>, IEquatable<DateTimeOffset>, ISerializable, IDeserializationCallback, ISpanFormattable // TypeDefIndex: 3355"
"130762","enum","DayOfWeek","3356","public enum DayOfWeek // TypeDefIndex: 3356"
"130777","class","DivideByZeroException","3357","public class DivideByZeroException : ArithmeticException // TypeDefIndex: 3357"
"130796","class","DllNotFoundException","3358","public class DllNotFoundException : TypeLoadException // TypeDefIndex: 3358"
"130813","struct","Double","3359","public struct Double : IComparable, IConvertible, IFormattable, IComparable<double>, IEquatable<double>, ISpanFormattable // TypeDefIndex: 3359"
"130943","class","EntryPointNotFoundException","3360","public class EntryPointNotFoundException : TypeLoadException // TypeDefIndex: 3360"
"130959","class","EventArgs","3361","public class EventArgs // TypeDefIndex: 3361"
"130974","class","EventHandler","3362","public sealed class EventHandler : MulticastDelegate // TypeDefIndex: 3362"
"130986","class","EventHandler","3363","public sealed class EventHandler<TEventArgs> : MulticastDelegate // TypeDefIndex: 3363"
"131028","class","ExecutionEngineException","3364","public sealed class ExecutionEngineException : SystemException // TypeDefIndex: 3364"
"131044","class","FieldAccessException","3365","public class FieldAccessException : MemberAccessException // TypeDefIndex: 3365"
"131061","class","FlagsAttribute","3366","public class FlagsAttribute : Attribute // TypeDefIndex: 3366"
"131071","class","FormatException","3367","public class FormatException : SystemException // TypeDefIndex: 3367"
"131089","class","FormattableString","3368","public abstract class FormattableString : IFormattable // TypeDefIndex: 3368"
"131123","class","Gen2GcCallback","3369","internal sealed class Gen2GcCallback : CriticalFinalizerObject // TypeDefIndex: 3369"
"131145","class","DateTimeFormat","3370","internal static class DateTimeFormat // TypeDefIndex: 3370"
"131243","class","DateTimeParse.MatchNumberDelegate","3371","internal sealed class DateTimeParse.MatchNumberDelegate : MulticastDelegate // TypeDefIndex: 3371"
"131255","enum","DateTimeParse.DTT","3372","internal enum DateTimeParse.DTT // TypeDefIndex: 3372"
"131283","enum","DateTimeParse.TM","3373","internal enum DateTimeParse.TM // TypeDefIndex: 3373"
"131293","enum","DateTimeParse.DS","3374","internal enum DateTimeParse.DS // TypeDefIndex: 3374"
"131341","class","DateTimeParse.","3375","private sealed class DateTimeParse.<>c // TypeDefIndex: 3375"
"131360","class","DateTimeParse","3376","internal static class DateTimeParse // TypeDefIndex: 3376"
"131618","struct","__DTString","3377","internal struct __DTString // TypeDefIndex: 3377"
"131714","enum","DTSubStringType","3378","internal enum DTSubStringType // TypeDefIndex: 3378"
"131729","struct","DTSubString","3379","internal struct DTSubString // TypeDefIndex: 3379"
"131748","struct","DateTimeToken","3380","internal struct DateTimeToken // TypeDefIndex: 3380"
"131757","struct","DateTimeRawInfo","3381","internal struct DateTimeRawInfo // TypeDefIndex: 3381"
"131783","enum","ParseFailureKind","3382","internal enum ParseFailureKind // TypeDefIndex: 3382"
"131799","enum","ParseFlags","3383","internal enum ParseFlags // TypeDefIndex: 3383"
"131823","struct","DateTimeResult","3384","internal struct DateTimeResult // TypeDefIndex: 3384"
"131873","struct","ParsingInfo","3385","internal struct ParsingInfo // TypeDefIndex: 3385"
"131893","enum","TokenType","3386","internal enum TokenType // TypeDefIndex: 3386"
"131933","enum","Guid.GuidStyles","3387","private enum Guid.GuidStyles // TypeDefIndex: 3387"
"131955","enum","Guid.GuidParseThrowStyle","3388","private enum Guid.GuidParseThrowStyle // TypeDefIndex: 3388"
"131965","enum","Guid.ParseFailureKind","3389","private enum Guid.ParseFailureKind // TypeDefIndex: 3389"
"131978","struct","Guid.GuidResult","3390","private struct Guid.GuidResult // TypeDefIndex: 3390"
"132013","struct","Guid","3391","public struct Guid : IFormattable, IComparable, IComparable<Guid>, IEquatable<Guid>, ISpanFormattable // TypeDefIndex: 3391"
"132150","struct","HashCode","3392","public struct HashCode // TypeDefIndex: 3392"
"132307","interface","IAsyncResult","3393","public interface IAsyncResult // TypeDefIndex: 3393"
"132331","interface","ICloneable","3394","public interface ICloneable // TypeDefIndex: 3394"
"132340","interface","IComparable","3395","public interface IComparable // TypeDefIndex: 3395"
"132349","interface","IComparable","3396","public interface IComparable<T> // TypeDefIndex: 3396"
"132364","interface","IConvertible","3397","public interface IConvertible // TypeDefIndex: 3397"
"132421","interface","ICustomFormatter","3398","public interface ICustomFormatter // TypeDefIndex: 3398"
"132430","interface","IDisposable","3399","public interface IDisposable // TypeDefIndex: 3399"
"132439","interface","IEquatable","3400","public interface IEquatable<T> // TypeDefIndex: 3400"
"132453","interface","IFormatProvider","3401","public interface IFormatProvider // TypeDefIndex: 3401"
"132462","interface","IFormattable","3402","public interface IFormattable // TypeDefIndex: 3402"
"132471","interface","ISpanFormattable","3403","internal interface ISpanFormattable // TypeDefIndex: 3403"
"132481","class","IndexOutOfRangeException","3404","public sealed class IndexOutOfRangeException : SystemException // TypeDefIndex: 3404"
"132500","class","InsufficientExecutionStackException","3405","public sealed class InsufficientExecutionStackException : SystemException // TypeDefIndex: 3405"
"132514","struct","Int16","3406","public struct Int16 : IComparable, IConvertible, IFormattable, IComparable<short>, IEquatable<short>, ISpanFormattable // TypeDefIndex: 3406"
"132619","struct","Int32","3407","public struct Int32 : IComparable, IConvertible, IFormattable, IComparable<int>, IEquatable<int>, ISpanFormattable // TypeDefIndex: 3407"
"132736","struct","Int64","3408","public struct Int64 : IComparable, IConvertible, IFormattable, IComparable<long>, IEquatable<long>, ISpanFormattable // TypeDefIndex: 3408"
"132840","class","InvalidCastException","3409","public class InvalidCastException : SystemException // TypeDefIndex: 3409"
"132859","class","InvalidOperationException","3410","public class InvalidOperationException : SystemException // TypeDefIndex: 3410"
"132878","class","InvalidProgramException","3411","public sealed class InvalidProgramException : SystemException // TypeDefIndex: 3411"
"132895","class","InvalidTimeZoneException","3412","public class InvalidTimeZoneException : Exception // TypeDefIndex: 3412"
"132910","enum","LazyState","3413","internal enum LazyState // TypeDefIndex: 3413"
"132927","class","LazyHelper","3414","internal class LazyHelper // TypeDefIndex: 3414"
"132974","class","Lazy","3415","public class Lazy<T> // TypeDefIndex: 3415"
"133228","class","LazyDebugView","3416","internal sealed class LazyDebugView<T> // TypeDefIndex: 3416"
"133232","class","Marvin","3417","internal static class Marvin // TypeDefIndex: 3417"
"133267","class","Math","3418","public static class Math // TypeDefIndex: 3418"
"133496","class","MathF","3419","public static class MathF // TypeDefIndex: 3419"
"133513","class","MemberAccessException","3420","public class MemberAccessException : SystemException // TypeDefIndex: 3420"
"133531","struct","Memory","3421","public struct Memory<T> : IEquatable<Memory<T>> // TypeDefIndex: 3421"
"133835","class","MemoryDebugView","3422","internal sealed class MemoryDebugView<T> // TypeDefIndex: 3422"
"133840","class","MemoryExtensions","3423","public static class MemoryExtensions // TypeDefIndex: 3423"
"134055","class","MethodAccessException","3424","public class MethodAccessException : MemberAccessException // TypeDefIndex: 3424"
"134070","enum","MidpointRounding","3425","public enum MidpointRounding // TypeDefIndex: 3425"
"134080","class","MissingMethodException","3426","public class MissingMethodException : MissingMemberException // TypeDefIndex: 3426"
"134105","class","MulticastNotSupportedException","3427","public sealed class MulticastNotSupportedException : SystemException // TypeDefIndex: 3427"
"134121","class","NonSerializedAttribute","3428","public sealed class NonSerializedAttribute : Attribute // TypeDefIndex: 3428"
"134131","class","NotImplementedException","3429","public class NotImplementedException : SystemException // TypeDefIndex: 3429"
"134147","class","NotSupportedException","3430","public class NotSupportedException : SystemException // TypeDefIndex: 3430"
"134166","class","NullReferenceException","3431","public class NullReferenceException : SystemException // TypeDefIndex: 3431"
"134186","struct","Nullable","3432","public struct Nullable<T> // TypeDefIndex: 3432"
"136569","class","Nullable","3433","public static class Nullable // TypeDefIndex: 3433"
"136578","struct","Number.NumberBuffer.DigitsAndNullTerminator","3434","private struct Number.NumberBuffer.DigitsAndNullTerminator // TypeDefIndex: 3434"
"136584","struct","Number.NumberBuffer","3435","internal struct Number.NumberBuffer // TypeDefIndex: 3435"
"136610","class","Number","3436","internal static class Number // TypeDefIndex: 3436"
"136905","class","ObjectDisposedException","3437","public class ObjectDisposedException : InvalidOperationException // TypeDefIndex: 3437"
"136941","class","ObsoleteAttribute","3438","public sealed class ObsoleteAttribute : Attribute // TypeDefIndex: 3438"
"136971","class","OperationCanceledException","3439","public class OperationCanceledException : SystemException // TypeDefIndex: 3439"
"137005","class","OverflowException","3440","public class OverflowException : ArithmeticException // TypeDefIndex: 3440"
"137024","class","ParamArrayAttribute","3441","public sealed class ParamArrayAttribute : Attribute // TypeDefIndex: 3441"
"137035","struct","ParamsArray","3442","internal struct ParamsArray // TypeDefIndex: 3442"
"137078","class","ParseNumbers","3443","internal static class ParseNumbers // TypeDefIndex: 3443"
"137127","class","PlatformNotSupportedException","3444","public class PlatformNotSupportedException : NotSupportedException // TypeDefIndex: 3444"
"137142","class","Random","3445","public class Random // TypeDefIndex: 3445"
"137193","class","RankException","3446","public class RankException : SystemException // TypeDefIndex: 3446"
"137211","struct","ReadOnlyMemory","3447","public struct ReadOnlyMemory<T> : IEquatable<ReadOnlyMemory<T>> // TypeDefIndex: 3447"
"137403","struct","ReadOnlySpan","3448","public struct ReadOnlySpan<T> // TypeDefIndex: 3448"
"146756","class","ResolveEventArgs","3449","public class ResolveEventArgs : EventArgs // TypeDefIndex: 3449"
"146774","class","ResolveEventHandler","3450","public sealed class ResolveEventHandler : MulticastDelegate // TypeDefIndex: 3450"
"146789","struct","SByte","3451","public struct SByte : IComparable, IConvertible, IFormattable, IComparable<sbyte>, IEquatable<sbyte>, ISpanFormattable // TypeDefIndex: 3451"
"146897","class","SerializableAttribute","3452","public sealed class SerializableAttribute : Attribute // TypeDefIndex: 3452"
"146908","struct","Single","3453","public struct Single : IComparable, IConvertible, IFormattable, IComparable<float>, IEquatable<float>, ISpanFormattable // TypeDefIndex: 3453"
"147040","struct","Span","3454","public struct Span<T> // TypeDefIndex: 3454"
"156389","class","SpanDebugView","3455","internal sealed class SpanDebugView<T> // TypeDefIndex: 3455"
"156394","class","SpanHelpers","3456","internal static class SpanHelpers // TypeDefIndex: 3456"
"156502","class","StackOverflowException","3457","public sealed class StackOverflowException : SystemException // TypeDefIndex: 3457"
"156518","class","StringComparer","3458","public abstract class StringComparer : IComparer, IEqualityComparer, IComparer<string>, IEqualityComparer<string> // TypeDefIndex: 3458"
"156572","class","CultureAwareComparer","3459","public sealed class CultureAwareComparer : StringComparer, ISerializable // TypeDefIndex: 3459"
"156610","class","OrdinalComparer","3460","public class OrdinalComparer : StringComparer // TypeDefIndex: 3460"
"156638","class","OrdinalCaseSensitiveComparer","3461","internal sealed class OrdinalCaseSensitiveComparer : OrdinalComparer, ISerializable // TypeDefIndex: 3461"
"156660","class","OrdinalIgnoreCaseComparer","3462","internal sealed class OrdinalIgnoreCaseComparer : OrdinalComparer, ISerializable // TypeDefIndex: 3462"
"156681","enum","StringComparison","3463","public enum StringComparison // TypeDefIndex: 3463"
"156695","enum","StringSplitOptions","3464","public enum StringSplitOptions // TypeDefIndex: 3464"
"156705","class","SystemException","3465","public class SystemException : Exception // TypeDefIndex: 3465"
"156724","class","STAThreadAttribute","3466","public sealed class STAThreadAttribute : Attribute // TypeDefIndex: 3466"
"156735","class","ThreadStaticAttribute","3467","public class ThreadStaticAttribute : Attribute // TypeDefIndex: 3467"
"156746","struct","TimeSpan","3468","public struct TimeSpan : IComparable, IComparable<TimeSpan>, IEquatable<TimeSpan>, IFormattable, ISpanFormattable // TypeDefIndex: 3468"
"156916","class","TimeZone","3469","public abstract class TimeZone // TypeDefIndex: 3469"
"156926","enum","TimeZoneInfoOptions","3470","internal enum TimeZoneInfoOptions // TypeDefIndex: 3470"
"156936","class","TimeoutException","3471","public class TimeoutException : SystemException // TypeDefIndex: 3471"
"156951","interface","ITupleInternal","3472","internal interface ITupleInternal : ITuple // TypeDefIndex: 3472"
"156963","class","Tuple","3473","public static class Tuple // TypeDefIndex: 3473"
"157016","class","Tuple","3474","public class Tuple<T1> : IStructuralEquatable, IStructuralComparable, IComparable, ITupleInternal, ITuple // TypeDefIndex: 3474"
"157126","class","Tuple","3475","public class Tuple<T1, T2> : IStructuralEquatable, IStructuralComparable, IComparable, ITupleInternal, ITuple // TypeDefIndex: 3475"
"157363","class","Tuple","3476","public class Tuple<T1, T2, T3> : IStructuralEquatable, IStructuralComparable, IComparable, ITupleInternal, ITuple // TypeDefIndex: 3476"
"157577","class","Tuple","3477","public class Tuple<T1, T2, T3, T4> : IStructuralEquatable, IStructuralComparable, IComparable, ITupleInternal, ITuple // TypeDefIndex: 3477"
"157807","class","Tuple","3478","public class Tuple<T1, T2, T3, T4, T5> : IStructuralEquatable, IStructuralComparable, IComparable, ITupleInternal, ITuple // TypeDefIndex: 3478"
"157957","class","Tuple","3479","public class Tuple<T1, T2, T3, T4, T5, T6> : IStructuralEquatable, IStructuralComparable, IComparable, ITupleInternal, ITuple // TypeDefIndex: 3479"
"158117","class","Tuple","3480","public class Tuple<T1, T2, T3, T4, T5, T6, T7> : IStructuralEquatable, IStructuralComparable, IComparable, ITupleInternal, ITuple // TypeDefIndex: 3480"
"158287","class","Tuple","3481","public class Tuple<T1, T2, T3, T4, T5, T6, T7, TRest> : IStructuralEquatable, IStructuralComparable, IComparable, ITupleInternal, ITuple // TypeDefIndex: 3481"
"158467","class","Type","3482","public abstract class Type : MemberInfo // TypeDefIndex: 3482"
"159011","class","TypeAccessException","3483","public class TypeAccessException : TypeLoadException // TypeDefIndex: 3483"
"159023","enum","TypeCode","3484","public enum TypeCode // TypeDefIndex: 3484"
"159049","class","TypeInitializationException","3485","public sealed class TypeInitializationException : SystemException // TypeDefIndex: 3485"
"159082","struct","UInt16","3486","public struct UInt16 : IComparable, IConvertible, IFormattable, IComparable<ushort>, IEquatable<ushort>, ISpanFormattable // TypeDefIndex: 3486"
"159196","struct","UInt32","3487","public struct UInt32 : IComparable, IConvertible, IFormattable, IComparable<uint>, IEquatable<uint>, ISpanFormattable // TypeDefIndex: 3487"
"159307","struct","UInt64","3488","public struct UInt64 : IComparable, IConvertible, IFormattable, IComparable<ulong>, IEquatable<ulong>, ISpanFormattable // TypeDefIndex: 3488"
"159416","class","UnauthorizedAccessException","3489","public class UnauthorizedAccessException : SystemException // TypeDefIndex: 3489"
"159435","class","UnhandledExceptionEventArgs","3490","public class UnhandledExceptionEventArgs : EventArgs // TypeDefIndex: 3490"
"159459","class","UnhandledExceptionEventHandler","3491","public sealed class UnhandledExceptionEventHandler : MulticastDelegate // TypeDefIndex: 3491"
"159471","interface","IValueTupleInternal","3492","internal interface IValueTupleInternal : ITuple // TypeDefIndex: 3492"
"159484","struct","ValueTuple","3493","public struct ValueTuple : IEquatable<ValueTuple>, IStructuralEquatable, IStructuralComparable, IComparable, IComparable<ValueTuple>, IValueTupleInternal, ITuple // TypeDefIndex: 3493"
"159562","struct","ValueTuple","3494","public struct ValueTuple<T1> : IEquatable<ValueTuple<T1>>, IStructuralEquatable, IStructuralComparable, IComparable, IComparable<ValueTuple<T1>>, IValueTupleInternal, ITuple // TypeDefIndex: 3494"
"159718","struct","ValueTuple","3495","public struct ValueTuple<T1, T2> : IEquatable<ValueTuple<T1, T2>>, IStructuralEquatable, IStructuralComparable, IComparable, IComparable<ValueTuple<T1, T2>>, IValueTupleInternal, ITuple // TypeDefIndex: 3495"
"161104","struct","ValueTuple","3496","public struct ValueTuple<T1, T2, T3> : IEquatable<ValueTuple<T1, T2, T3>>, IStructuralEquatable, IStructuralComparable, IComparable, IComparable<ValueTuple<T1, T2, T3>>, IValueTupleInternal, ITuple // TypeDefIndex: 3496"
"161861","struct","ValueTuple","3497","public struct ValueTuple<T1, T2, T3, T4> : IEquatable<ValueTuple<T1, T2, T3, T4>>, IStructuralEquatable, IStructuralComparable, IComparable, IComparable<ValueTuple<T1, T2, T3, T4>>, IValueTupleInternal, ITuple // TypeDefIndex: 3497"
"162157","struct","ValueTuple","3498","public struct ValueTuple<T1, T2, T3, T4, T5> : IEquatable<ValueTuple<T1, T2, T3, T4, T5>>, IStructuralEquatable, IStructuralComparable, IComparable, IComparable<ValueTuple<T1, T2, T3, T4, T5>>, IValueTupleInternal, ITuple // TypeDefIndex: 3498"
"162412","struct","ValueTuple","3499","public struct ValueTuple<T1, T2, T3, T4, T5, T6> : IEquatable<ValueTuple<T1, T2, T3, T4, T5, T6>>, IStructuralEquatable, IStructuralComparable, IComparable, IComparable<ValueTuple<T1, T2, T3, T4, T5, T6>>, IValueTupleInternal, ITuple // TypeDefIndex: 3499"
"162542","struct","ValueTuple","3500","public struct ValueTuple<T1, T2, T3, T4, T5, T6, T7> : IEquatable<ValueTuple<T1, T2, T3, T4, T5, T6, T7>>, IStructuralEquatable, IStructuralComparable, IComparable, IComparable<ValueTuple<T1, T2, T3, T4, T5, T6, T7>>, IValueTupleInternal, ITuple // TypeDefIndex: 3500"
"162673","struct","ValueTuple","3501","public struct ValueTuple<T1, T2, T3, T4, T5, T6, T7, TRest> : IEquatable<ValueTuple<T1, T2, T3, T4, T5, T6, T7, TRest>>, IStructuralEquatable, IStructuralComparable, IComparable, IComparable<ValueTuple<T1, T2, T3, T4, T5, T6, T7, TRest>>, IValueTupleInternal, ITuple // TypeDefIndex: 3501"
"162847","class","Version","3502","public sealed class Version : ICloneable, IComparable, IComparable<Version>, IEquatable<Version>, ISpanFormattable // TypeDefIndex: 3502"
"162965","struct","Void","3503","public struct Void // TypeDefIndex: 3503"
"162969","class","NotImplemented","3504","internal static class NotImplemented // TypeDefIndex: 3504"
"162981","interface","IServiceProvider","3505","public interface IServiceProvider // TypeDefIndex: 3505"
"162990","class","ConsoleCancelEventHandler","3506","public sealed class ConsoleCancelEventHandler : MulticastDelegate // TypeDefIndex: 3506"
"163003","class","ConsoleCancelEventArgs","3507","public sealed class ConsoleCancelEventArgs : EventArgs // TypeDefIndex: 3507"
"163027","enum","ConsoleColor","3508","public enum ConsoleColor // TypeDefIndex: 3508"
"163050","enum","ConsoleKey","3509","public enum ConsoleKey // TypeDefIndex: 3509"
"163203","struct","ConsoleKeyInfo","3510","public struct ConsoleKeyInfo // TypeDefIndex: 3510"
"163237","enum","ConsoleModifiers","3511","public enum ConsoleModifiers // TypeDefIndex: 3511"
"163247","enum","ConsoleSpecialKey","3512","public enum ConsoleSpecialKey // TypeDefIndex: 3512"
"163257","class","ThrowHelper","3513","internal static class ThrowHelper // TypeDefIndex: 3513"
"164319","class","AppDomainUnloadedException","3514","public class AppDomainUnloadedException : SystemException // TypeDefIndex: 3514"
"164332","class","CannotUnloadAppDomainException","3515","public class CannotUnloadAppDomainException : SystemException // TypeDefIndex: 3515"
"164348","class","OperatingSystem","3516","public sealed class OperatingSystem : ISerializable, ICloneable // TypeDefIndex: 3516"
"164386","class","MissingFieldException","3517","public class MissingFieldException : MissingMemberException, ISerializable // TypeDefIndex: 3517"
"164411","class","MissingMemberException","3518","public class MissingMemberException : MemberAccessException // TypeDefIndex: 3518"
"164444","class","OutOfMemoryException","3519","public class OutOfMemoryException : SystemException // TypeDefIndex: 3519"
"164462","class","Array.ArrayEnumerator","3520","private sealed class Array.ArrayEnumerator : IEnumerator, ICloneable // TypeDefIndex: 3520"
"164491","class","Array.RawData","3521","private class Array.RawData // TypeDefIndex: 3521"
"164500","struct","Array.InternalEnumerator","3522","internal struct Array.InternalEnumerator<T> : IEnumerator<T>, IDisposable, IEnumerator // TypeDefIndex: 3522"
"185136","class","Array.EmptyInternalEnumerator","3523","internal class Array.EmptyInternalEnumerator<T> : IEnumerator<T>, IDisposable, IEnumerator // TypeDefIndex: 3523"
"209208","struct","Array.SorterObjectArray","3524","private struct Array.SorterObjectArray // TypeDefIndex: 3524"
"209249","struct","Array.SorterGenericArray","3525","private struct Array.SorterGenericArray // TypeDefIndex: 3525"
"209291","class","Array","3526","public abstract class Array : ICollection, IEnumerable, IList, IStructuralComparable, IStructuralEquatable, ICloneable // TypeDefIndex: 3526"
"249661","struct","ByReference","3527","internal struct ByReference<T> // TypeDefIndex: 3527"
"250658","class","MonoTODOAttribute","3528","internal class MonoTODOAttribute : Attribute // TypeDefIndex: 3528"
"250674","class","MonoLimitationAttribute","3529","internal class MonoLimitationAttribute : MonoTODOAttribute // TypeDefIndex: 3529"
"250684","enum","AppContext.SwitchValueState","3530","private enum AppContext.SwitchValueState // TypeDefIndex: 3530"
"250695","class","AppContext","3531","public static class AppContext // TypeDefIndex: 3531"
"250714","class","AppContextSwitches","3532","internal static class AppContextSwitches // TypeDefIndex: 3532"
"250725","class","LocalDataStoreHolder","3533","internal sealed class LocalDataStoreHolder // TypeDefIndex: 3533"
"250746","class","LocalDataStoreElement","3534","internal sealed class LocalDataStoreElement // TypeDefIndex: 3534"
"250772","class","LocalDataStore","3535","internal sealed class LocalDataStore // TypeDefIndex: 3535"
"250801","class","LocalDataStoreSlot","3536","public sealed class LocalDataStoreSlot // TypeDefIndex: 3536"
"250832","class","LocalDataStoreMgr","3537","internal sealed class LocalDataStoreMgr // TypeDefIndex: 3537"
"250878","class","Activator","3538","public sealed class Activator // TypeDefIndex: 3538"
"251083","class","Attribute","3539","public abstract class Attribute // TypeDefIndex: 3539"
"251183","class","Buffer","3540","public static class Buffer // TypeDefIndex: 3540"
"251726","class","ContextBoundObject","3541","public abstract class ContextBoundObject : MarshalByRefObject // TypeDefIndex: 3541"
"251738","class","ContextStaticAttribute","3542","public class ContextStaticAttribute : Attribute // TypeDefIndex: 3542"
"251747","class","DefaultBinder.BinderState","3543","internal class DefaultBinder.BinderState // TypeDefIndex: 3543"
"251762","enum","DefaultBinder.Primitives","3544","private enum DefaultBinder.Primitives // TypeDefIndex: 3544"
"251786","class","DefaultBinder.","3545","private sealed class DefaultBinder.<>c // TypeDefIndex: 3545"
"251806","class","DefaultBinder","3546","internal class DefaultBinder : Binder // TypeDefIndex: 3546"
"251891","class","Empty","3547","internal sealed class Empty : ISerializable // TypeDefIndex: 3547"
"251912","enum","Enum.ParseFailureKind","3548","private enum Enum.ParseFailureKind // TypeDefIndex: 3548"
"251924","struct","Enum.EnumResult","3549","private struct Enum.EnumResult // TypeDefIndex: 3549"
"251954","class","Enum.ValuesAndNames","3550","private class Enum.ValuesAndNames // TypeDefIndex: 3550"
"251969","class","Enum","3551","public abstract class Enum : ValueType, IComparable, IFormattable, IConvertible // TypeDefIndex: 3551"
"252213","enum","Exception.ExceptionMessageKind","3552","internal enum Exception.ExceptionMessageKind // TypeDefIndex: 3552"
"252225","class","Exception","3553","public class Exception : ISerializable // TypeDefIndex: 3553"
"252343","class","GC","3554","public static class GC // TypeDefIndex: 3554"
"252407","enum","TypeNameFormatFlags","3555","internal enum TypeNameFormatFlags // TypeDefIndex: 3555"
"252424","enum","TypeNameKind","3556","internal enum TypeNameKind // TypeDefIndex: 3556"
"252435","enum","RuntimeType.MemberListType","3557","internal enum RuntimeType.MemberListType // TypeDefIndex: 3557"
"252447","struct","RuntimeType.ListBuilder","3558","private struct RuntimeType.ListBuilder<T> // TypeDefIndex: 3558"
"252512","class","RuntimeType","3559","internal class RuntimeType : TypeInfo, ISerializable, ICloneable // TypeDefIndex: 3559"
"253016","class","ReflectionOnlyType","3560","internal class ReflectionOnlyType : RuntimeType // TypeDefIndex: 3560"
"253031","class","SharedStatics","3561","internal sealed class SharedStatics // TypeDefIndex: 3561"
"253053","enum","ExceptionArgument","3562","internal enum ExceptionArgument // TypeDefIndex: 3562"
"253111","enum","ExceptionResource","3563","internal enum ExceptionResource // TypeDefIndex: 3563"
"253173","struct","TypedReference","3564","public struct TypedReference // TypeDefIndex: 3564"
"253209","class","TypeLoadException","3565","public class TypeLoadException : SystemException, ISerializable // TypeDefIndex: 3565"
"253249","class","UnitySerializationHolder","3566","internal class UnitySerializationHolder : ISerializable, IObjectReference // TypeDefIndex: 3566"
"253292","class","AppContextDefaultValues","3567","internal static class AppContextDefaultValues // TypeDefIndex: 3567"
"253314","class","AppDomain","3568","public sealed class AppDomain : MarshalByRefObject // TypeDefIndex: 3568"
"253481","class","CompatibilitySwitches","3569","internal static class CompatibilitySwitches // TypeDefIndex: 3569"
"253489","enum","Environment.SpecialFolder","3570","public enum Environment.SpecialFolder // TypeDefIndex: 3570"
"253543","enum","Environment.SpecialFolderOption","3571","public enum Environment.SpecialFolderOption // TypeDefIndex: 3571"
"253554","class","Environment","3572","public static class Environment // TypeDefIndex: 3572"
"253711","class","MonoTypeInfo","3573","internal class MonoTypeInfo // TypeDefIndex: 3573"
"253724","class","TypeNameParser","3574","internal sealed class TypeNameParser // TypeDefIndex: 3574"
"253736","class","AppDomainSetup","3575","public sealed class AppDomainSetup // TypeDefIndex: 3575"
"253774","struct","ArgIterator","3576","public struct ArgIterator // TypeDefIndex: 3576"
"253792","class","Console.WindowsConsole.WindowsCancelHandler","3577","private sealed class Console.WindowsConsole.WindowsCancelHandler : MulticastDelegate // TypeDefIndex: 3577"
"253804","class","Console.WindowsConsole","3578","private class Console.WindowsConsole // TypeDefIndex: 3578"
"253832","class","Console","3579","public static class Console // TypeDefIndex: 3579"
"253904","class","ConsoleDriver","3580","internal static class ConsoleDriver // TypeDefIndex: 3580"
"253948","class","DelegateData","3581","internal sealed class DelegateData // TypeDefIndex: 3581"
"253963","class","Delegate","3582","public abstract class Delegate : ICloneable, ISerializable // TypeDefIndex: 3582"
"254092","class","DelegateSerializationHolder.DelegateEntry","3583","private class DelegateSerializationHolder.DelegateEntry // TypeDefIndex: 3583"
"254114","class","DelegateSerializationHolder","3584","internal class DelegateSerializationHolder : ISerializable, IObjectReference // TypeDefIndex: 3584"
"254135","class","EmptyArray","3585","internal static class EmptyArray<T> // TypeDefIndex: 3585"
"254719","enum","SByteEnum","3586","internal enum SByteEnum // TypeDefIndex: 3586"
"254726","enum","Int16Enum","3587","internal enum Int16Enum // TypeDefIndex: 3587"
"254733","enum","Int32Enum","3588","internal enum Int32Enum // TypeDefIndex: 3588"
"254740","enum","Int64Enum","3589","internal enum Int64Enum // TypeDefIndex: 3589"
"254747","enum","ByteEnum","3590","internal enum ByteEnum // TypeDefIndex: 3590"
"254754","enum","UInt16Enum","3591","internal enum UInt16Enum // TypeDefIndex: 3591"
"254761","enum","UInt32Enum","3592","internal enum UInt32Enum // TypeDefIndex: 3592"
"254768","enum","UInt64Enum","3593","internal enum UInt64Enum // TypeDefIndex: 3593"
"254775","interface","IConsoleDriver","3594","internal interface IConsoleDriver // TypeDefIndex: 3594"
"254787","struct","IntPtr","3595","public struct IntPtr : ISerializable, IEquatable<IntPtr> // TypeDefIndex: 3595"
"254898","class","KnownTerminals","3596","internal static class KnownTerminals // TypeDefIndex: 3596"
"254920","class","MarshalByRefObject","3597","public abstract class MarshalByRefObject // TypeDefIndex: 3597"
"254947","class","MonoAsyncCall","3598","internal class MonoAsyncCall // TypeDefIndex: 3598"
"254964","class","MonoCustomAttrs.AttributeInfo","3599","private class MonoCustomAttrs.AttributeInfo // TypeDefIndex: 3599"
"254987","class","MonoCustomAttrs","3600","internal static class MonoCustomAttrs // TypeDefIndex: 3600"
"255062","class","MonoListItem","3601","internal sealed class MonoListItem // TypeDefIndex: 3601"
"255075","class","MonoType","3602","internal sealed class MonoType : RuntimeType // TypeDefIndex: 3602"
"255081","class","MulticastDelegate","3603","public abstract class MulticastDelegate : Delegate // TypeDefIndex: 3603"
"255117","class","NullConsoleDriver","3604","internal class NullConsoleDriver : IConsoleDriver // TypeDefIndex: 3604"
"255138","class","Object","3605","public class Object // TypeDefIndex: 3605"
"255185","enum","PlatformID","3606","public enum PlatformID // TypeDefIndex: 3606"
"255200","struct","RuntimeArgumentHandle","3607","public struct RuntimeArgumentHandle // TypeDefIndex: 3607"
"255209","struct","RuntimeFieldHandle","3608","public struct RuntimeFieldHandle : ISerializable // TypeDefIndex: 3608"
"255251","struct","RuntimeMethodHandle","3609","public struct RuntimeMethodHandle : ISerializable // TypeDefIndex: 3609"
"255290","struct","RuntimeTypeHandle","3610","public struct RuntimeTypeHandle : ISerializable // TypeDefIndex: 3610"
"255430","class","TermInfoDriver","3611","internal class TermInfoDriver : IConsoleDriver // TypeDefIndex: 3611"
"255589","struct","ParameterizedStrings.FormatParam","3612","public struct ParameterizedStrings.FormatParam // TypeDefIndex: 3612"
"255622","class","ParameterizedStrings.LowLevelStack","3613","private sealed class ParameterizedStrings.LowLevelStack // TypeDefIndex: 3613"
"255644","class","ParameterizedStrings","3614","internal static class ParameterizedStrings // TypeDefIndex: 3614"
"255681","class","ByteMatcher","3615","internal class ByteMatcher // TypeDefIndex: 3615"
"255706","enum","TermInfoNumbers","3616","internal enum TermInfoNumbers // TypeDefIndex: 3616"
"255747","class","TermInfoReader","3617","internal class TermInfoReader // TypeDefIndex: 3617"
"255794","enum","TermInfoStrings","3618","internal enum TermInfoStrings // TypeDefIndex: 3618"
"256196","interface","TypeName","3619","internal interface TypeName : IEquatable<TypeName> // TypeDefIndex: 3619"
"256208","interface","TypeIdentifier","3620","internal interface TypeIdentifier : TypeName, IEquatable<TypeName> // TypeDefIndex: 3620"
"256220","class","TypeNames.ATypeName","3621","internal abstract class TypeNames.ATypeName : TypeName, IEquatable<TypeName> // TypeDefIndex: 3621"
"256244","class","TypeNames","3622","internal class TypeNames // TypeDefIndex: 3622"
"256248","class","TypeIdentifiers.Display","3623","private class TypeIdentifiers.Display : TypeNames.ATypeName, TypeIdentifier, TypeName, IEquatable<TypeName> // TypeDefIndex: 3623"
"256274","class","TypeIdentifiers","3624","internal class TypeIdentifiers // TypeDefIndex: 3624"
"256283","interface","ModifierSpec","3625","internal interface ModifierSpec // TypeDefIndex: 3625"
"256295","class","ArraySpec","3626","internal class ArraySpec : ModifierSpec // TypeDefIndex: 3626"
"256317","class","PointerSpec","3627","internal class PointerSpec : ModifierSpec // TypeDefIndex: 3627"
"256339","enum","TypeSpec.DisplayNameFormat","3628","internal enum TypeSpec.DisplayNameFormat // TypeDefIndex: 3628"
"256349","class","TypeSpec","3629","internal class TypeSpec // TypeDefIndex: 3629"
"256414","struct","UIntPtr","3630","public struct UIntPtr : ISerializable, IEquatable<UIntPtr> // TypeDefIndex: 3630"
"256484","class","ValueType","3631","public abstract class ValueType // TypeDefIndex: 3631"
"256511","struct","Variant","3632","internal struct Variant // TypeDefIndex: 3632"
"256542","struct","BRECORD","3633","internal struct BRECORD // TypeDefIndex: 3633"
"256552","class","WeakReference","3634","public class WeakReference : ISerializable // TypeDefIndex: 3634"
"256601","class","WeakReference","3635","public sealed class WeakReference<T> : ISerializable // TypeDefIndex: 3635"
"256667","struct","InputRecord","3636","internal struct InputRecord // TypeDefIndex: 3636"
"256682","struct","Coord","3637","internal struct Coord // TypeDefIndex: 3637"
"256690","struct","SmallRect","3638","internal struct SmallRect // TypeDefIndex: 3638"
"256700","struct","ConsoleScreenBufferInfo","3639","internal struct ConsoleScreenBufferInfo // TypeDefIndex: 3639"
"256711","enum","Handles","3640","internal enum Handles // TypeDefIndex: 3640"
"256721","class","WindowsConsoleDriver","3641","internal class WindowsConsoleDriver : IConsoleDriver // TypeDefIndex: 3641"
"256750","class","__ComObject","3642","internal class __ComObject // TypeDefIndex: 3642"
"256759","enum","Decimal.DecCalc.RoundingMode","3643","internal enum Decimal.DecCalc.RoundingMode // TypeDefIndex: 3643"
"256771","struct","Decimal.DecCalc.PowerOvfl","3644","private struct Decimal.DecCalc.PowerOvfl // TypeDefIndex: 3644"
"256784","struct","Decimal.DecCalc.Buf12","3645","private struct Decimal.DecCalc.Buf12 // TypeDefIndex: 3645"
"256813","struct","Decimal.DecCalc.Buf16","3646","private struct Decimal.DecCalc.Buf16 // TypeDefIndex: 3646"
"256843","struct","Decimal.DecCalc.Buf24","3647","private struct Decimal.DecCalc.Buf24 // TypeDefIndex: 3647"
"256877","struct","Decimal.DecCalc.Buf28","3648","private struct Decimal.DecCalc.Buf28 // TypeDefIndex: 3648"
"256885","struct","Decimal.DecCalc","3649","private struct Decimal.DecCalc // TypeDefIndex: 3649"
"257034","struct","Decimal","3650","public struct Decimal : IFormattable, IComparable, IConvertible, IComparable<Decimal>, IEquatable<Decimal>, IDeserializationCallback, ISpanFormattable // TypeDefIndex: 3650"
"257380","class","AbandonedMutexException","3651","public class AbandonedMutexException : SystemException // TypeDefIndex: 3651"
"257402","class","AsyncLocal","3652","public sealed class AsyncLocal<T> : IAsyncLocal // TypeDefIndex: 3652"
"257447","interface","IAsyncLocal","3653","internal interface IAsyncLocal // TypeDefIndex: 3653"
"257457","struct","AsyncLocalValueChangedArgs","3654","public struct AsyncLocalValueChangedArgs<T> // TypeDefIndex: 3654"
"257497","class","AutoResetEvent","3655","public sealed class AutoResetEvent : EventWaitHandle // TypeDefIndex: 3655"
"257506","enum","EventResetMode","3656","public enum EventResetMode // TypeDefIndex: 3656"
"257515","class","LazyInitializer","3657","public static class LazyInitializer // TypeDefIndex: 3657"
"257594","enum","LazyThreadSafetyMode","3658","public enum LazyThreadSafetyMode // TypeDefIndex: 3658"
"257605","class","LockRecursionException","3659","public class LockRecursionException : Exception // TypeDefIndex: 3659"
"257620","class","ManualResetEvent","3660","public sealed class ManualResetEvent : EventWaitHandle // TypeDefIndex: 3660"
"257629","class","ParameterizedThreadStart","3661","public sealed class ParameterizedThreadStart : MulticastDelegate // TypeDefIndex: 3661"
"257642","class","SemaphoreFullException","3662","public class SemaphoreFullException : SystemException // TypeDefIndex: 3662"
"257654","class","SendOrPostCallback","3663","public sealed class SendOrPostCallback : MulticastDelegate // TypeDefIndex: 3663"
"257667","class","SynchronizationLockException","3664","public class SynchronizationLockException : SystemException // TypeDefIndex: 3664"
"257682","class","ThreadStart","3665","public sealed class ThreadStart : MulticastDelegate // TypeDefIndex: 3665"
"257695","enum","ThreadState","3666","public enum ThreadState // TypeDefIndex: 3666"
"257713","class","ThreadStateException","3667","public class ThreadStateException : SystemException // TypeDefIndex: 3667"
"257728","class","Timeout","3668","public static class Timeout // TypeDefIndex: 3668"
"257741","class","WaitHandleCannotBeOpenedException","3669","public class WaitHandleCannotBeOpenedException : ApplicationException // TypeDefIndex: 3669"
"257758","class","CancellationToken.","3670","private sealed class CancellationToken.<>c // TypeDefIndex: 3670"
"257778","struct","CancellationToken","3671","public struct CancellationToken // TypeDefIndex: 3671"
"257848","class","ManualResetEventSlim","3672","public class ManualResetEventSlim : IDisposable // TypeDefIndex: 3672"
"257935","struct","NativeOverlapped","3673","public struct NativeOverlapped // TypeDefIndex: 3673"
"257946","struct","SpinWait","3674","public struct SpinWait // TypeDefIndex: 3674"
"257978","class","PlatformHelper","3675","internal static class PlatformHelper // TypeDefIndex: 3675"
"257998","class","TimeoutHelper","3676","internal static class TimeoutHelper // TypeDefIndex: 3676"
"258011","struct","CancellationTokenRegistration","3677","public struct CancellationTokenRegistration : IEquatable<CancellationTokenRegistration>, IDisposable // TypeDefIndex: 3677"
"258039","class","CancellationTokenSource.Linked1CancellationTokenSource","3678","private sealed class CancellationTokenSource.Linked1CancellationTokenSource : CancellationTokenSource // TypeDefIndex: 3678"
"258054","class","CancellationTokenSource.Linked2CancellationTokenSource","3679","private sealed class CancellationTokenSource.Linked2CancellationTokenSource : CancellationTokenSource // TypeDefIndex: 3679"
"258072","class","CancellationTokenSource.LinkedNCancellationTokenSource.","3680","private sealed class CancellationTokenSource.LinkedNCancellationTokenSource.<>c // TypeDefIndex: 3680"
"258090","class","CancellationTokenSource.LinkedNCancellationTokenSource","3681","private sealed class CancellationTokenSource.LinkedNCancellationTokenSource : CancellationTokenSource // TypeDefIndex: 3681"
"258102","class","CancellationTokenSource","3682","public class CancellationTokenSource : IDisposable // TypeDefIndex: 3682"
"258213","struct","CancellationCallbackCoreWorkArguments","3683","internal struct CancellationCallbackCoreWorkArguments // TypeDefIndex: 3683"
"258226","class","CancellationCallbackInfo.WithSyncContext","3684","internal sealed class CancellationCallbackInfo.WithSyncContext : CancellationCallbackInfo // TypeDefIndex: 3684"
"258238","class","CancellationCallbackInfo","3685","internal class CancellationCallbackInfo // TypeDefIndex: 3685"
"258260","class","SparselyPopulatedArray","3686","internal class SparselyPopulatedArray<T> // TypeDefIndex: 3686"
"258297","struct","SparselyPopulatedArrayAddInfo","3687","internal struct SparselyPopulatedArrayAddInfo<T> // TypeDefIndex: 3687"
"258336","class","SparselyPopulatedArrayFragment","3688","internal class SparselyPopulatedArrayFragment<T> // TypeDefIndex: 3688"
"258402","struct","LockHolder","3689","public struct LockHolder : IDisposable // TypeDefIndex: 3689"
"258417","class","Lock","3690","public class Lock // TypeDefIndex: 3690"
"258435","class","SemaphoreSlim.TaskNode","3691","private sealed class SemaphoreSlim.TaskNode : Task<bool>, IThreadPoolWorkItem // TypeDefIndex: 3691"
"258455","struct","SemaphoreSlim.","3692","private struct SemaphoreSlim.<WaitUntilCountOrTimeoutAsync>d__32 : IAsyncStateMachine // TypeDefIndex: 3692"
"258482","class","SemaphoreSlim","3693","public class SemaphoreSlim : IDisposable // TypeDefIndex: 3693"
"258561","class","SpinLock.SystemThreading_SpinLockDebugView","3694","internal class SpinLock.SystemThreading_SpinLockDebugView // TypeDefIndex: 3694"
"258568","struct","SpinLock","3695","public struct SpinLock // TypeDefIndex: 3695"
"258622","struct","ThreadLocal.LinkedSlotVolatile","3696","private struct ThreadLocal.LinkedSlotVolatile<T> // TypeDefIndex: 3696"
"258629","class","ThreadLocal.LinkedSlot","3697","private sealed class ThreadLocal.LinkedSlot<T> // TypeDefIndex: 3697"
"258652","class","ThreadLocal.IdManager","3698","private class ThreadLocal.IdManager<T> // TypeDefIndex: 3698"
"258695","class","ThreadLocal.FinalizationHelper","3699","private class ThreadLocal.FinalizationHelper<T> // TypeDefIndex: 3699"
"258729","class","ThreadLocal","3700","public class ThreadLocal<T> : IDisposable // TypeDefIndex: 3700"
"258928","class","SystemThreading_ThreadLocalDebugView","3701","internal sealed class SystemThreading_ThreadLocalDebugView<T> // TypeDefIndex: 3701"
"258933","class","EventWaitHandle","3702","public class EventWaitHandle : WaitHandle // TypeDefIndex: 3702"
"258952","class","ContextCallback","3703","public sealed class ContextCallback : MulticastDelegate // TypeDefIndex: 3703"
"258964","struct","ExecutionContextSwitcher","3704","internal struct ExecutionContextSwitcher // TypeDefIndex: 3704"
"258985","struct","AsyncFlowControl","3705","public struct AsyncFlowControl : IDisposable // TypeDefIndex: 3705"
"259014","enum","ExecutionContext.Flags","3706","private enum ExecutionContext.Flags // TypeDefIndex: 3706"
"259025","struct","ExecutionContext.Reader","3707","internal struct ExecutionContext.Reader // TypeDefIndex: 3707"
"259069","enum","ExecutionContext.CaptureOptions","3708","internal enum ExecutionContext.CaptureOptions // TypeDefIndex: 3708"
"259080","class","ExecutionContext","3709","public sealed class ExecutionContext : IDisposable, ISerializable // TypeDefIndex: 3709"
"259228","class","Monitor","3710","public static class Monitor // TypeDefIndex: 3710"
"259293","enum","SynchronizationContextProperties","3711","internal enum SynchronizationContextProperties // TypeDefIndex: 3711"
"259302","class","SynchronizationContext","3712","public class SynchronizationContext // TypeDefIndex: 3712"
"259364","class","OSSpecificSynchronizationContext.InvocationEntryDelegate","3713","private sealed class OSSpecificSynchronizationContext.InvocationEntryDelegate : MulticastDelegate // TypeDefIndex: 3713"
"259376","class","OSSpecificSynchronizationContext.InvocationContext","3714","private class OSSpecificSynchronizationContext.InvocationContext // TypeDefIndex: 3714"
"259394","class","OSSpecificSynchronizationContext.","3715","private sealed class OSSpecificSynchronizationContext.<>c // TypeDefIndex: 3715"
"259413","class","OSSpecificSynchronizationContext","3716","internal class OSSpecificSynchronizationContext : SynchronizationContext // TypeDefIndex: 3716"
"259451","class","ThreadHelper","3717","internal class ThreadHelper // TypeDefIndex: 3717"
"259481","class","Thread","3718","public sealed class Thread : CriticalFinalizerObject // TypeDefIndex: 3718"
"259715","enum","StackCrawlMark","3719","internal enum StackCrawlMark // TypeDefIndex: 3719"
"259728","class","ThreadAbortException","3720","public sealed class ThreadAbortException : SystemException // TypeDefIndex: 3720"
"259742","class","ThreadInterruptedException","3721","public class ThreadInterruptedException : SystemException // TypeDefIndex: 3721"
"259754","interface","IThreadPoolWorkItem","3722","internal interface IThreadPoolWorkItem // TypeDefIndex: 3722"
"259767","class","WaitCallback","3723","public sealed class WaitCallback : MulticastDelegate // TypeDefIndex: 3723"
"259780","class","WaitOrTimerCallback","3724","public sealed class WaitOrTimerCallback : MulticastDelegate // TypeDefIndex: 3724"
"259792","class","ThreadPoolGlobals","3725","internal static class ThreadPoolGlobals // TypeDefIndex: 3725"
"259807","class","ThreadPoolWorkQueue.SparseArray","3726","internal class ThreadPoolWorkQueue.SparseArray<T> // TypeDefIndex: 3726"
"259851","class","ThreadPoolWorkQueue.WorkStealingQueue","3727","internal class ThreadPoolWorkQueue.WorkStealingQueue // TypeDefIndex: 3727"
"259882","class","ThreadPoolWorkQueue.QueueSegment","3728","internal class ThreadPoolWorkQueue.QueueSegment // TypeDefIndex: 3728"
"259912","class","ThreadPoolWorkQueue","3729","internal sealed class ThreadPoolWorkQueue // TypeDefIndex: 3729"
"259951","class","ThreadPoolWorkQueueThreadLocals","3730","internal sealed class ThreadPoolWorkQueueThreadLocals // TypeDefIndex: 3730"
"259973","class","_ThreadPoolWaitCallback","3731","internal static class _ThreadPoolWaitCallback // TypeDefIndex: 3731"
"259982","class","QueueUserWorkItemCallback","3732","internal sealed class QueueUserWorkItemCallback : IThreadPoolWorkItem // TypeDefIndex: 3732"
"260010","class","ThreadPool.","3733","private sealed class ThreadPool.<>c__DisplayClass17_0<TState> // TypeDefIndex: 3733"
"260041","class","ThreadPool","3734","public static class ThreadPool // TypeDefIndex: 3734"
"260116","class","WaitHandle","3735","public abstract class WaitHandle : MarshalByRefObject, IDisposable // TypeDefIndex: 3735"
"260207","class","Interlocked","3736","public static class Interlocked // TypeDefIndex: 3736"
"260311","class","LockQueue","3737","internal class LockQueue // TypeDefIndex: 3737"
"260337","class","Mutex","3738","public sealed class Mutex : WaitHandle // TypeDefIndex: 3738"
"260341","class","NativeEventCalls","3739","internal static class NativeEventCalls // TypeDefIndex: 3739"
"260369","class","ReaderWriterLock","3740","public sealed class ReaderWriterLock : CriticalFinalizerObject // TypeDefIndex: 3740"
"260406","class","RegisteredWaitHandle","3741","public sealed class RegisteredWaitHandle : MarshalByRefObject // TypeDefIndex: 3741"
"260436","class","InternalThread","3742","internal sealed class InternalThread : CriticalFinalizerObject // TypeDefIndex: 3742"
"260494","struct","Timer.TimerComparer","3743","private struct Timer.TimerComparer : IComparer, IComparer<Timer> // TypeDefIndex: 3743"
"260506","class","Timer.Scheduler","3744","private sealed class Timer.Scheduler // TypeDefIndex: 3744"
"260562","class","Timer","3745","public sealed class Timer : MarshalByRefObject, IDisposable // TypeDefIndex: 3745"
"260612","class","TimerCallback","3746","public sealed class TimerCallback : MulticastDelegate // TypeDefIndex: 3746"
"260624","struct","Volatile.VolatileBoolean","3747","private struct Volatile.VolatileBoolean // TypeDefIndex: 3747"
"260631","struct","Volatile.VolatileInt32","3748","private struct Volatile.VolatileInt32 // TypeDefIndex: 3748"
"260638","struct","Volatile.VolatileObject","3749","private struct Volatile.VolatileObject // TypeDefIndex: 3749"
"260645","class","Volatile","3750","public static class Volatile // TypeDefIndex: 3750"
"260686","class","TaskCanceledException","3751","public class TaskCanceledException : OperationCanceledException // TypeDefIndex: 3751"
"260704","class","TaskCompletionSource","3752","public class TaskCompletionSource<TResult> // TypeDefIndex: 3752"
"261055","class","TaskSchedulerException","3753","public class TaskSchedulerException : Exception // TypeDefIndex: 3753"
"261070","class","TaskToApm.TaskWrapperAsyncResult","3754","private sealed class TaskToApm.TaskWrapperAsyncResult : IAsyncResult // TypeDefIndex: 3754"
"261103","class","TaskToApm.","3755","private sealed class TaskToApm.<>c__DisplayClass3_0 // TypeDefIndex: 3755"
"261119","class","TaskToApm","3756","internal static class TaskToApm // TypeDefIndex: 3756"
"261150","class","ValueTask.ValueTaskSourceAsTask.","3757","private sealed class ValueTask.ValueTaskSourceAsTask.<>c // TypeDefIndex: 3757"
"261168","class","ValueTask.ValueTaskSourceAsTask","3758","private sealed class ValueTask.ValueTaskSourceAsTask : Task<VoidTaskResult> // TypeDefIndex: 3758"
"261187","struct","ValueTask","3759","public struct ValueTask : IEquatable<ValueTask> // TypeDefIndex: 3759"
"261248","class","ValueTask.ValueTaskSourceAsTask.","3760","private sealed class ValueTask.ValueTaskSourceAsTask.<>c<TResult> // TypeDefIndex: 3760"
"261290","class","ValueTask.ValueTaskSourceAsTask","3761","private sealed class ValueTask.ValueTaskSourceAsTask<TResult> : Task<TResult> // TypeDefIndex: 3761"
"261325","struct","ValueTask","3762","public struct ValueTask<TResult> : IEquatable<ValueTask<TResult>> // TypeDefIndex: 3762"
"261509","class","TaskAwaiters","3763","internal static class TaskAwaiters // TypeDefIndex: 3763"
"261520","struct","ForceAsyncAwaiter","3764","internal struct ForceAsyncAwaiter : ICriticalNotifyCompletion, INotifyCompletion // TypeDefIndex: 3764"
"261551","class","DebuggerSupport","3765","internal static class DebuggerSupport // TypeDefIndex: 3765"
"261599","class","Task.TaskWhenAnyCast.","3766","private sealed class Task.TaskWhenAnyCast.<>c<TResult> // TypeDefIndex: 3766"
"261641","class","Task.TaskWhenAnyCast","3767","internal static class Task.TaskWhenAnyCast<TResult> // TypeDefIndex: 3767"
"261663","class","Task","3768","public class Task<TResult> : Task // TypeDefIndex: 3768"
"262977","class","SystemThreadingTasks_FutureDebugView","3769","internal class SystemThreadingTasks_FutureDebugView<TResult> // TypeDefIndex: 3769"
"262981","class","TaskFactory.FromAsyncTrimPromise","3770","private sealed class TaskFactory.FromAsyncTrimPromise<TResult, TInstance> : Task<TResult> // TypeDefIndex: 3770"
"263049","class","TaskFactory.","3771","private sealed class TaskFactory.<>c__DisplayClass35_0<TResult> // TypeDefIndex: 3771"
"263179","class","TaskFactory.","3772","private sealed class TaskFactory.<>c__DisplayClass38_0<TResult, TArg1> // TypeDefIndex: 3772"
"263219","class","TaskFactory.","3773","private sealed class TaskFactory.<>c__DisplayClass41_0<TResult, TArg1, TArg2> // TypeDefIndex: 3773"
"263252","class","TaskFactory","3774","public class TaskFactory<TResult> // TypeDefIndex: 3774"
"263668","enum","TaskStatus","3775","public enum TaskStatus // TypeDefIndex: 3775"
"263683","class","Task.ContingentProperties","3776","internal class Task.ContingentProperties // TypeDefIndex: 3776"
"263708","class","Task.SetOnInvokeMres","3777","private sealed class Task.SetOnInvokeMres : ManualResetEventSlim, ITaskCompletionAction // TypeDefIndex: 3777"
"263726","class","Task.DelayPromise","3778","private sealed class Task.DelayPromise : Task<VoidTaskResult> // TypeDefIndex: 3778"
"263743","class","Task.WhenAllPromise","3779","private sealed class Task.WhenAllPromise<T> : Task<T[]>, ITaskCompletionAction // TypeDefIndex: 3779"
"263803","class","Task.","3780","private sealed class Task.<>c // TypeDefIndex: 3780"
"263837","class","Task","3781","public class Task : IThreadPoolWorkItem, IAsyncResult, IDisposable // TypeDefIndex: 3781"
"264452","class","CompletionActionInvoker","3782","internal sealed class CompletionActionInvoker : IThreadPoolWorkItem // TypeDefIndex: 3782"
"264471","class","SystemThreadingTasks_TaskDebugView","3783","internal class SystemThreadingTasks_TaskDebugView // TypeDefIndex: 3783"
"264476","enum","TaskCreationOptions","3784","public enum TaskCreationOptions // TypeDefIndex: 3784"
"264491","enum","InternalTaskOptions","3785","internal enum InternalTaskOptions // TypeDefIndex: 3785"
"264506","enum","TaskContinuationOptions","3786","public enum TaskContinuationOptions // TypeDefIndex: 3786"
"264528","class","StackGuard","3787","internal class StackGuard // TypeDefIndex: 3787"
"264546","struct","VoidTaskResult","3788","internal struct VoidTaskResult // TypeDefIndex: 3788"
"264550","interface","ITaskCompletionAction","3789","internal interface ITaskCompletionAction // TypeDefIndex: 3789"
"264567","class","UnwrapPromise.","3790","private sealed class UnwrapPromise.<>c<TResult> // TypeDefIndex: 3790"
"264628","class","UnwrapPromise","3791","internal sealed class UnwrapPromise<TResult> : Task<TResult>, ITaskCompletionAction // TypeDefIndex: 3791"
"264777","class","ContinuationTaskFromTask","3792","internal sealed class ContinuationTaskFromTask : Task // TypeDefIndex: 3792"
"264792","class","ContinuationResultTaskFromTask","3793","internal sealed class ContinuationResultTaskFromTask<TResult> : Task<TResult> // TypeDefIndex: 3793"
"264823","class","ContinuationTaskFromResultTask","3794","internal sealed class ContinuationTaskFromResultTask<TAntecedentResult> : Task // TypeDefIndex: 3794"
"264950","class","ContinuationResultTaskFromResultTask","3795","internal sealed class ContinuationResultTaskFromResultTask<TAntecedentResult, TResult> : Task<TResult> // TypeDefIndex: 3795"
"264999","class","TaskContinuation","3796","internal abstract class TaskContinuation // TypeDefIndex: 3796"
"265014","class","StandardTaskContinuation","3797","internal class StandardTaskContinuation : TaskContinuation // TypeDefIndex: 3797"
"265033","class","SynchronizationContextAwaitTaskContinuation.","3798","private sealed class SynchronizationContextAwaitTaskContinuation.<>c // TypeDefIndex: 3798"
"265051","class","SynchronizationContextAwaitTaskContinuation","3799","internal sealed class SynchronizationContextAwaitTaskContinuation : AwaitTaskContinuation // TypeDefIndex: 3799"
"265079","class","TaskSchedulerAwaitTaskContinuation.","3800","private sealed class TaskSchedulerAwaitTaskContinuation.<>c // TypeDefIndex: 3800"
"265098","class","TaskSchedulerAwaitTaskContinuation","3801","internal sealed class TaskSchedulerAwaitTaskContinuation : AwaitTaskContinuation // TypeDefIndex: 3801"
"265113","class","AwaitTaskContinuation","3802","internal class AwaitTaskContinuation : TaskContinuation, IThreadPoolWorkItem // TypeDefIndex: 3802"
"265163","class","TaskExceptionHolder","3803","internal class TaskExceptionHolder // TypeDefIndex: 3803"
"265218","class","TaskFactory.CompleteOnInvokePromise","3804","internal sealed class TaskFactory.CompleteOnInvokePromise : Task<Task>, ITaskCompletionAction // TypeDefIndex: 3804"
"265239","class","TaskFactory","3805","public class TaskFactory // TypeDefIndex: 3805"
"265341","class","TaskScheduler.SystemThreadingTasks_TaskSchedulerDebugView","3806","internal sealed class TaskScheduler.SystemThreadingTasks_TaskSchedulerDebugView // TypeDefIndex: 3806"
"265347","class","TaskScheduler","3807","public abstract class TaskScheduler // TypeDefIndex: 3807"
"265414","class","SynchronizationContextTaskScheduler.","3808","private sealed class SynchronizationContextTaskScheduler.<>c // TypeDefIndex: 3808"
"265432","class","SynchronizationContextTaskScheduler","3809","internal sealed class SynchronizationContextTaskScheduler : TaskScheduler // TypeDefIndex: 3809"
"265454","class","UnobservedTaskExceptionEventArgs","3810","public class UnobservedTaskExceptionEventArgs : EventArgs // TypeDefIndex: 3810"
"265469","class","ThreadPoolTaskScheduler.","3811","private sealed class ThreadPoolTaskScheduler.<>c // TypeDefIndex: 3811"
"265487","class","ThreadPoolTaskScheduler","3812","internal sealed class ThreadPoolTaskScheduler : TaskScheduler // TypeDefIndex: 3812"
"265521","enum","CausalityTraceLevel","3813","internal enum CausalityTraceLevel // TypeDefIndex: 3813"
"265532","enum","AsyncCausalityStatus","3814","internal enum AsyncCausalityStatus // TypeDefIndex: 3814"
"265543","enum","CausalityRelation","3815","internal enum CausalityRelation // TypeDefIndex: 3815"
"265555","enum","CausalitySynchronousWork","3816","internal enum CausalitySynchronousWork // TypeDefIndex: 3816"
"265566","class","AsyncCausalityTracer","3817","internal static class AsyncCausalityTracer // TypeDefIndex: 3817"
"265595","enum","ValueTaskSourceOnCompletedFlags","3818","public enum ValueTaskSourceOnCompletedFlags // TypeDefIndex: 3818"
"265605","enum","ValueTaskSourceStatus","3819","public enum ValueTaskSourceStatus // TypeDefIndex: 3819"
"265616","interface","IValueTaskSource","3820","public interface IValueTaskSource // TypeDefIndex: 3820"
"265631","interface","IValueTaskSource","3821","public interface IValueTaskSource<TResult> // TypeDefIndex: 3821"
"265661","class","ASCIIEncoding.ASCIIEncodingSealed","3822","internal sealed class ASCIIEncoding.ASCIIEncodingSealed : ASCIIEncoding // TypeDefIndex: 3822"
"265671","class","ASCIIEncoding","3823","public class ASCIIEncoding : Encoding // TypeDefIndex: 3823"
"265751","class","Decoder","3824","public abstract class Decoder // TypeDefIndex: 3824"
"265812","class","InternalDecoderBestFitFallback","3825","internal sealed class InternalDecoderBestFitFallback : DecoderFallback // TypeDefIndex: 3825"
"265841","class","InternalDecoderBestFitFallbackBuffer","3826","internal sealed class InternalDecoderBestFitFallbackBuffer : DecoderFallbackBuffer // TypeDefIndex: 3826"
"265883","class","DecoderExceptionFallback","3827","public sealed class DecoderExceptionFallback : DecoderFallback // TypeDefIndex: 3827"
"265907","class","DecoderExceptionFallbackBuffer","3828","public sealed class DecoderExceptionFallbackBuffer : DecoderFallbackBuffer // TypeDefIndex: 3828"
"265932","class","DecoderFallbackException","3829","public sealed class DecoderFallbackException : ArgumentException // TypeDefIndex: 3829"
"265952","class","DecoderFallback","3830","public abstract class DecoderFallback // TypeDefIndex: 3830"
"265982","class","DecoderFallbackBuffer","3831","public abstract class DecoderFallbackBuffer // TypeDefIndex: 3831"
"266025","class","DecoderNLS","3832","internal class DecoderNLS : Decoder // TypeDefIndex: 3832"
"266081","class","DecoderReplacementFallback","3833","public sealed class DecoderReplacementFallback : DecoderFallback, ISerializable // TypeDefIndex: 3833"
"266121","class","DecoderReplacementFallbackBuffer","3834","public sealed class DecoderReplacementFallbackBuffer : DecoderFallbackBuffer // TypeDefIndex: 3834"
"266154","class","Encoder","3835","public abstract class Encoder // TypeDefIndex: 3835"
"266206","class","InternalEncoderBestFitFallback","3836","internal class InternalEncoderBestFitFallback : EncoderFallback // TypeDefIndex: 3836"
"266234","class","InternalEncoderBestFitFallbackBuffer","3837","internal sealed class InternalEncoderBestFitFallbackBuffer : EncoderFallbackBuffer // TypeDefIndex: 3837"
"266279","class","EncoderExceptionFallback","3838","public sealed class EncoderExceptionFallback : EncoderFallback // TypeDefIndex: 3838"
"266303","class","EncoderExceptionFallbackBuffer","3839","public sealed class EncoderExceptionFallbackBuffer : EncoderFallbackBuffer // TypeDefIndex: 3839"
"266331","class","EncoderFallbackException","3840","public sealed class EncoderFallbackException : ArgumentException // TypeDefIndex: 3840"
"266356","class","EncoderFallback","3841","public abstract class EncoderFallback // TypeDefIndex: 3841"
"266386","class","EncoderFallbackBuffer","3842","public abstract class EncoderFallbackBuffer // TypeDefIndex: 3842"
"266440","class","EncoderNLS","3843","internal class EncoderNLS : Encoder // TypeDefIndex: 3843"
"266495","class","EncoderReplacementFallback","3844","public sealed class EncoderReplacementFallback : EncoderFallback, ISerializable // TypeDefIndex: 3844"
"266535","class","EncoderReplacementFallbackBuffer","3845","public sealed class EncoderReplacementFallbackBuffer : EncoderFallbackBuffer // TypeDefIndex: 3845"
"266571","class","EncodingNLS","3846","internal abstract class EncodingNLS : Encoding // TypeDefIndex: 3846"
"266619","class","EncodingProvider","3847","public abstract class EncodingProvider // TypeDefIndex: 3847"
"266651","class","Latin1Encoding","3848","internal class Latin1Encoding : EncodingNLS, ISerializable // TypeDefIndex: 3848"
"266694","enum","NormalizationForm","3849","public enum NormalizationForm // TypeDefIndex: 3849"
"266707","class","StringBuilder","3850","public sealed class StringBuilder : ISerializable // TypeDefIndex: 3850"
"266965","class","StringBuilderCache","3851","internal static class StringBuilderCache // TypeDefIndex: 3851"
"266985","class","UTF32Encoding.UTF32Decoder","3852","private sealed class UTF32Encoding.UTF32Decoder : DecoderNLS // TypeDefIndex: 3852"
"267008","class","UTF32Encoding","3853","public sealed class UTF32Encoding : Encoding // TypeDefIndex: 3853"
"267124","class","UTF7Encoding.Decoder","3854","private sealed class UTF7Encoding.Decoder : DecoderNLS // TypeDefIndex: 3854"
"267148","class","UTF7Encoding.Encoder","3855","private sealed class UTF7Encoding.Encoder : EncoderNLS // TypeDefIndex: 3855"
"267171","class","UTF7Encoding.DecoderUTF7Fallback","3856","private sealed class UTF7Encoding.DecoderUTF7Fallback : DecoderFallback // TypeDefIndex: 3856"
"267195","class","UTF7Encoding.DecoderUTF7FallbackBuffer","3857","private sealed class UTF7Encoding.DecoderUTF7FallbackBuffer : DecoderFallbackBuffer // TypeDefIndex: 3857"
"267228","class","UTF7Encoding","3858","public class UTF7Encoding : Encoding // TypeDefIndex: 3858"
"267323","class","UTF8Encoding.UTF8EncodingSealed","3859","internal sealed class UTF8Encoding.UTF8EncodingSealed : UTF8Encoding // TypeDefIndex: 3859"
"267339","class","UTF8Encoding.UTF8Encoder","3860","private sealed class UTF8Encoding.UTF8Encoder : EncoderNLS // TypeDefIndex: 3860"
"267361","class","UTF8Encoding.UTF8Decoder","3861","private sealed class UTF8Encoding.UTF8Decoder : DecoderNLS // TypeDefIndex: 3861"
"267383","class","UTF8Encoding","3862","public class UTF8Encoding : Encoding // TypeDefIndex: 3862"
"267505","class","UnicodeEncoding.Decoder","3863","private sealed class UnicodeEncoding.Decoder : DecoderNLS // TypeDefIndex: 3863"
"267528","class","UnicodeEncoding","3864","public class UnicodeEncoding : Encoding // TypeDefIndex: 3864"
"267638","struct","ValueStringBuilder","3865","internal struct ValueStringBuilder // TypeDefIndex: 3865"
"267697","struct","ValueUtf8Converter","3866","internal struct ValueUtf8Converter // TypeDefIndex: 3866"
"267717","class","Encoding.DefaultEncoder","3867","internal class Encoding.DefaultEncoder : Encoder, ISerializable, IObjectReference // TypeDefIndex: 3867"
"267753","class","Encoding.DefaultDecoder","3868","internal class Encoding.DefaultDecoder : Decoder, ISerializable, IObjectReference // TypeDefIndex: 3868"
"267793","class","Encoding.EncodingCharBuffer","3869","internal class Encoding.EncodingCharBuffer // TypeDefIndex: 3869"
"267846","class","Encoding.EncodingByteBuffer","3870","internal class Encoding.EncodingByteBuffer // TypeDefIndex: 3870"
"267901","class","Encoding","3871","public abstract class Encoding : ICloneable // TypeDefIndex: 3871"
"268196","enum","NormalizationCheck","3872","internal enum NormalizationCheck // TypeDefIndex: 3872"
"268206","class","Normalization","3873","internal class Normalization // TypeDefIndex: 3873"
"268291","class","EncodingHelper","3874","internal static class EncodingHelper // TypeDefIndex: 3874"
"268321","interface","IPermission","3875","public interface IPermission : ISecurityEncodable // TypeDefIndex: 3875"
"268333","interface","ISecurityEncodable","3876","public interface ISecurityEncodable // TypeDefIndex: 3876"
"268343","class","XmlSyntaxException","3877","public sealed class XmlSyntaxException : SystemException // TypeDefIndex: 3877"
"268362","class","SecurityDocument","3878","internal sealed class SecurityDocument // TypeDefIndex: 3878"
"268404","class","CodeAccessPermission","3879","public abstract class CodeAccessPermission : IPermission, ISecurityEncodable // TypeDefIndex: 3879"
"268442","class","NamedPermissionSet","3880","public sealed class NamedPermissionSet : PermissionSet // TypeDefIndex: 3880"
"268484","class","PermissionSet","3881","public class PermissionSet : ISecurityEncodable, ICollection, IEnumerable, IDeserializationCallback // TypeDefIndex: 3881"
"268561","class","SecureString","3882","public sealed class SecureString : IDisposable // TypeDefIndex: 3882"
"268600","enum","SecurityElementType","3883","internal enum SecurityElementType // TypeDefIndex: 3883"
"268610","class","SecurityElement.SecurityAttribute","3884","internal class SecurityElement.SecurityAttribute // TypeDefIndex: 3884"
"268635","class","SecurityElement","3885","public sealed class SecurityElement // TypeDefIndex: 3885"
"268720","class","SecurityException","3886","public class SecurityException : SystemException // TypeDefIndex: 3886"
"268748","class","SecurityManager","3887","public static class SecurityManager // TypeDefIndex: 3887"
"268764","class","Parser","3888","internal sealed class Parser // TypeDefIndex: 3888"
"268792","enum","Tokenizer.TokenSource","3889","private enum Tokenizer.TokenSource // TypeDefIndex: 3889"
"268807","class","Tokenizer.StringMaker","3890","internal sealed class Tokenizer.StringMaker // TypeDefIndex: 3890"
"268836","interface","Tokenizer.ITokenReader","3891","internal interface Tokenizer.ITokenReader // TypeDefIndex: 3891"
"268845","class","Tokenizer.StreamTokenReader","3892","internal class Tokenizer.StreamTokenReader : Tokenizer.ITokenReader // TypeDefIndex: 3892"
"268867","class","Tokenizer","3893","internal sealed class Tokenizer // TypeDefIndex: 3893"
"268909","class","TokenizerShortBlock","3894","internal sealed class TokenizerShortBlock // TypeDefIndex: 3894"
"268922","class","TokenizerStringBlock","3895","internal sealed class TokenizerStringBlock // TypeDefIndex: 3895"
"268935","class","TokenizerStream","3896","internal sealed class TokenizerStream // TypeDefIndex: 3896"
"268984","class","Evidence.EvidenceEnumerator","3897","private class Evidence.EvidenceEnumerator : IEnumerator // TypeDefIndex: 3897"
"269013","class","Evidence","3898","public sealed class Evidence : ICollection, IEnumerable // TypeDefIndex: 3898"
"269050","enum","PermissionState","3899","public enum PermissionState // TypeDefIndex: 3899"
"269062","enum","SecurityAction","3900","public enum SecurityAction // TypeDefIndex: 3900"
"269082","class","Rfc2898DeriveBytes","3901","public class Rfc2898DeriveBytes : DeriveBytes // TypeDefIndex: 3901"
"269133","struct","CryptoStream.","3902","private struct CryptoStream.<ReadAsyncInternal>d__37 : IAsyncStateMachine // TypeDefIndex: 3902"
"269159","struct","CryptoStream.","3903","private struct CryptoStream.<ReadAsyncCore>d__42 : IAsyncStateMachine // TypeDefIndex: 3903"
"269189","struct","CryptoStream.","3904","private struct CryptoStream.<WriteAsyncInternal>d__46 : IAsyncStateMachine // TypeDefIndex: 3904"
"269215","struct","CryptoStream.","3905","private struct CryptoStream.<WriteAsyncCore>d__49 : IAsyncStateMachine // TypeDefIndex: 3905"
"269246","class","CryptoStream.","3906","private sealed class CryptoStream.<>c // TypeDefIndex: 3906"
"269265","class","CryptoStream","3907","public class CryptoStream : Stream, IDisposable // TypeDefIndex: 3907"
"269402","enum","CryptoStreamMode","3908","public enum CryptoStreamMode // TypeDefIndex: 3908"
"269411","class","CryptographicOperations","3909","public static class CryptographicOperations // TypeDefIndex: 3909"
"269420","class","HashAlgorithm","3910","public abstract class HashAlgorithm : IDisposable, ICryptoTransform // TypeDefIndex: 3910"
"269506","struct","HashAlgorithmName","3911","public struct HashAlgorithmName : IEquatable<HashAlgorithmName> // TypeDefIndex: 3911"
"269555","class","RSASignaturePadding","3912","public sealed class RSASignaturePadding : IEquatable<RSASignaturePadding> // TypeDefIndex: 3912"
"269596","enum","RSASignaturePaddingMode","3913","public enum RSASignaturePaddingMode // TypeDefIndex: 3913"
"269606","class","Aes","3914","public abstract class Aes : SymmetricAlgorithm // TypeDefIndex: 3914"
"269629","class","AsymmetricAlgorithm","3915","public abstract class AsymmetricAlgorithm : IDisposable // TypeDefIndex: 3915"
"269667","class","AsymmetricSignatureDeformatter","3916","public abstract class AsymmetricSignatureDeformatter // TypeDefIndex: 3916"
"269686","class","AsymmetricSignatureFormatter","3917","public abstract class AsymmetricSignatureFormatter // TypeDefIndex: 3917"
"269697","enum","CipherMode","3918","public enum CipherMode // TypeDefIndex: 3918"
"269711","enum","PaddingMode","3919","public enum PaddingMode // TypeDefIndex: 3919"
"269724","class","KeySizes","3920","public sealed class KeySizes // TypeDefIndex: 3920"
"269760","class","CryptographicException","3921","public class CryptographicException : SystemException // TypeDefIndex: 3921"
"269783","class","CryptographicUnexpectedOperationException","3922","public class CryptographicUnexpectedOperationException : CryptographicException // TypeDefIndex: 3922"
"269801","enum","CspProviderFlags","3923","public enum CspProviderFlags // TypeDefIndex: 3923"
"269818","class","CspParameters","3924","public sealed class CspParameters // TypeDefIndex: 3924"
"269853","class","DeriveBytes","3925","public abstract class DeriveBytes : IDisposable // TypeDefIndex: 3925"
"269872","class","DES","3926","public abstract class DES : SymmetricAlgorithm // TypeDefIndex: 3926"
"269913","class","DESCryptoServiceProvider","3927","public sealed class DESCryptoServiceProvider : DES // TypeDefIndex: 3927"
"269936","struct","DSAParameters","3928","public struct DSAParameters // TypeDefIndex: 3928"
"269951","class","DSA","3929","public abstract class DSA : AsymmetricAlgorithm // TypeDefIndex: 3929"
"269979","class","DSASignatureDeformatter","3930","public class DSASignatureDeformatter : AsymmetricSignatureDeformatter // TypeDefIndex: 3930"
"270005","class","DSASignatureFormatter","3931","public class DSASignatureFormatter : AsymmetricSignatureFormatter // TypeDefIndex: 3931"
"270018","class","HMAC","3932","public abstract class HMAC : KeyedHashAlgorithm // TypeDefIndex: 3932"
"270074","class","HMACMD5","3933","public class HMACMD5 : HMAC // TypeDefIndex: 3933"
"270087","class","HMACRIPEMD160","3934","public class HMACRIPEMD160 : HMAC // TypeDefIndex: 3934"
"270100","class","HMACSHA1","3935","public class HMACSHA1 : HMAC // TypeDefIndex: 3935"
"270116","class","HMACSHA256","3936","public class HMACSHA256 : HMAC // TypeDefIndex: 3936"
"270129","class","HMACSHA384","3937","public class HMACSHA384 : HMAC // TypeDefIndex: 3937"
"270151","class","HMACSHA512","3938","public class HMACSHA512 : HMAC // TypeDefIndex: 3938"
"270173","interface","ICryptoTransform","3939","public interface ICryptoTransform : IDisposable // TypeDefIndex: 3939"
"270200","class","KeyedHashAlgorithm","3940","public abstract class KeyedHashAlgorithm : HashAlgorithm // TypeDefIndex: 3940"
"270225","class","MACTripleDES","3941","public class MACTripleDES : KeyedHashAlgorithm // TypeDefIndex: 3941"
"270253","class","TailStream","3942","internal sealed class TailStream : Stream // TypeDefIndex: 3942"
"270319","class","MD5","3943","public abstract class MD5 : HashAlgorithm // TypeDefIndex: 3943"
"270332","class","RandomNumberGenerator","3944","public abstract class RandomNumberGenerator : IDisposable // TypeDefIndex: 3944"
"270354","class","RC2","3945","public abstract class RC2 : SymmetricAlgorithm // TypeDefIndex: 3945"
"270385","class","RC2CryptoServiceProvider","3946","public sealed class RC2CryptoServiceProvider : RC2 // TypeDefIndex: 3946"
"270420","class","Rijndael","3947","public abstract class Rijndael : SymmetricAlgorithm // TypeDefIndex: 3947"
"270437","class","RijndaelManaged","3948","public sealed class RijndaelManaged : Rijndael // TypeDefIndex: 3948"
"270462","enum","RijndaelManagedTransformMode","3949","internal enum RijndaelManagedTransformMode // TypeDefIndex: 3949"
"270472","class","RijndaelManagedTransform","3950","public sealed class RijndaelManagedTransform : ICryptoTransform, IDisposable // TypeDefIndex: 3950"
"270570","class","RIPEMD160","3951","public abstract class RIPEMD160 : HashAlgorithm // TypeDefIndex: 3951"
"270583","class","RIPEMD160Managed","3952","public class RIPEMD160Managed : RIPEMD160 // TypeDefIndex: 3952"
"270636","struct","RSAParameters","3953","public struct RSAParameters // TypeDefIndex: 3953"
"270651","class","RSA","3954","public abstract class RSA : AsymmetricAlgorithm // TypeDefIndex: 3954"
"270694","class","RSACryptoServiceProvider","3955","public sealed class RSACryptoServiceProvider : RSA // TypeDefIndex: 3955"
"270791","class","SHA1","3956","public abstract class SHA1 : HashAlgorithm // TypeDefIndex: 3956"
"270804","class","SHA1Managed","3957","public class SHA1Managed : SHA1 // TypeDefIndex: 3957"
"270844","class","SHA256","3958","public abstract class SHA256 : HashAlgorithm // TypeDefIndex: 3958"
"270857","class","SHA256Managed","3959","public class SHA256Managed : SHA256 // TypeDefIndex: 3959"
"270922","class","SHA384","3960","public abstract class SHA384 : HashAlgorithm // TypeDefIndex: 3960"
"270935","class","SHA384Managed","3961","public class SHA384Managed : SHA384 // TypeDefIndex: 3961"
"271000","class","SHA512","3962","public abstract class SHA512 : HashAlgorithm // TypeDefIndex: 3962"
"271013","class","SHA512Managed","3963","public class SHA512Managed : SHA512 // TypeDefIndex: 3963"
"271078","class","SignatureDescription","3964","public class SignatureDescription // TypeDefIndex: 3964"
"271111","class","RSAPKCS1SignatureDescription","3965","internal abstract class RSAPKCS1SignatureDescription : SignatureDescription // TypeDefIndex: 3965"
"271123","class","RSAPKCS1SHA1SignatureDescription","3966","internal class RSAPKCS1SHA1SignatureDescription : RSAPKCS1SignatureDescription // TypeDefIndex: 3966"
"271132","class","RSAPKCS1SHA256SignatureDescription","3967","internal class RSAPKCS1SHA256SignatureDescription : RSAPKCS1SignatureDescription // TypeDefIndex: 3967"
"271141","class","RSAPKCS1SHA384SignatureDescription","3968","internal class RSAPKCS1SHA384SignatureDescription : RSAPKCS1SignatureDescription // TypeDefIndex: 3968"
"271150","class","RSAPKCS1SHA512SignatureDescription","3969","internal class RSAPKCS1SHA512SignatureDescription : RSAPKCS1SignatureDescription // TypeDefIndex: 3969"
"271159","class","DSASignatureDescription","3970","internal class DSASignatureDescription : SignatureDescription // TypeDefIndex: 3970"
"271169","class","SymmetricAlgorithm","3971","public abstract class SymmetricAlgorithm : IDisposable // TypeDefIndex: 3971"
"271275","class","TripleDES","3972","public abstract class TripleDES : SymmetricAlgorithm // TypeDefIndex: 3972"
"271313","class","TripleDESCryptoServiceProvider","3973","public sealed class TripleDESCryptoServiceProvider : TripleDES // TypeDefIndex: 3973"
"271334","class","Utils","3974","internal static class Utils // TypeDefIndex: 3974"
"271392","class","CryptoConfig","3975","public class CryptoConfig // TypeDefIndex: 3975"
"271427","class","DESTransform","3976","internal class DESTransform : SymmetricTransform // TypeDefIndex: 3976"
"271476","class","DSACryptoServiceProvider","3977","public sealed class DSACryptoServiceProvider : DSA // TypeDefIndex: 3977"
"271530","class","MD5CryptoServiceProvider","3978","public sealed class MD5CryptoServiceProvider : MD5 // TypeDefIndex: 3978"
"271574","class","RC2Transform","3979","internal class RC2Transform : SymmetricTransform // TypeDefIndex: 3979"
"271598","class","RNGCryptoServiceProvider","3980","public sealed class RNGCryptoServiceProvider : RandomNumberGenerator // TypeDefIndex: 3980"
"271639","class","RSAPKCS1SignatureDeformatter","3981","public class RSAPKCS1SignatureDeformatter : AsymmetricSignatureDeformatter // TypeDefIndex: 3981"
"271665","class","RSAPKCS1SignatureFormatter","3982","public class RSAPKCS1SignatureFormatter : AsymmetricSignatureFormatter // TypeDefIndex: 3982"
"271674","class","SHA1Internal","3983","internal class SHA1Internal // TypeDefIndex: 3983"
"271715","class","SHA1CryptoServiceProvider","3984","public sealed class SHA1CryptoServiceProvider : SHA1 // TypeDefIndex: 3984"
"271742","class","TripleDESTransform","3985","internal class TripleDESTransform : SymmetricTransform // TypeDefIndex: 3985"
"271765","class","CryptoConfigForwarder","3986","internal static class CryptoConfigForwarder // TypeDefIndex: 3986"
"271774","enum","X509ContentType","3987","public enum X509ContentType // TypeDefIndex: 3987"
"271790","enum","X509KeyStorageFlags","3988","public enum X509KeyStorageFlags // TypeDefIndex: 3988"
"271805","class","X509Certificate","3989","public class X509Certificate : IDisposable, IDeserializationCallback, ISerializable // TypeDefIndex: 3989"
"271940","class","X509CertificateImpl","3990","internal abstract class X509CertificateImpl : IDisposable // TypeDefIndex: 3990"
"272029","class","X509Helper","3991","internal static class X509Helper // TypeDefIndex: 3991"
"272063","class","GenericIdentity","3992","public class GenericIdentity : ClaimsIdentity // TypeDefIndex: 3992"
"272102","interface","IIdentity","3993","public interface IIdentity // TypeDefIndex: 3993"
"272118","interface","IPrincipal","3994","public interface IPrincipal // TypeDefIndex: 3994"
"272122","enum","TokenImpersonationLevel","3995","public enum TokenImpersonationLevel // TypeDefIndex: 3995"
"272136","class","GenericPrincipal","3996","public class GenericPrincipal : ClaimsPrincipal // TypeDefIndex: 3996"
"272151","enum","WindowsAccountType","3997","public enum WindowsAccountType // TypeDefIndex: 3997"
"272164","class","WindowsIdentity","3998","public class WindowsIdentity : ClaimsIdentity, IIdentity, IDeserializationCallback, ISerializable, IDisposable // TypeDefIndex: 3998"
"272233","class","WindowsImpersonationContext","3999","public class WindowsImpersonationContext : IDisposable // TypeDefIndex: 3999"
"272266","class","Claim","4000","public class Claim // TypeDefIndex: 4000"
"272324","class","ClaimsIdentity.","4001","private sealed class ClaimsIdentity.<get_Claims>d__51 : IEnumerable<Claim>, IEnumerable, IEnumerator<Claim>, IDisposable, IEnumerator // TypeDefIndex: 4001"
"272378","class","ClaimsIdentity","4002","public class ClaimsIdentity : IIdentity // TypeDefIndex: 4002"
"272495","class","ClaimsPrincipal","4003","public class ClaimsPrincipal : IPrincipal // TypeDefIndex: 4003"
"272546","class","AmbiguousImplementationException","4004","public sealed class AmbiguousImplementationException : Exception // TypeDefIndex: 4004"
"272561","class","RuntimeImports","4005","internal static class RuntimeImports // TypeDefIndex: 4005"
"272580","class","ChannelInfo","4006","internal class ChannelInfo : IChannelInfo // TypeDefIndex: 4006"
"272602","class","ActivatedClientTypeEntry","4007","public class ActivatedClientTypeEntry : TypeEntry // TypeDefIndex: 4007"
"272633","class","ActivatedServiceTypeEntry","4008","public class ActivatedServiceTypeEntry : TypeEntry // TypeDefIndex: 4008"
"272655","enum","CustomErrorsModes","4009","public enum CustomErrorsModes // TypeDefIndex: 4009"
"272666","class","EnvoyInfo","4010","internal class EnvoyInfo : IEnvoyInfo // TypeDefIndex: 4010"
"272685","interface","IChannelInfo","4011","public interface IChannelInfo // TypeDefIndex: 4011"
"272698","interface","IEnvoyInfo","4012","public interface IEnvoyInfo // TypeDefIndex: 4012"
"272711","interface","IRemotingTypeInfo","4013","public interface IRemotingTypeInfo // TypeDefIndex: 4013"
"272726","class","Identity","4014","internal abstract class Identity // TypeDefIndex: 4014"
"272792","class","ClientIdentity","4015","internal class ClientIdentity : Identity // TypeDefIndex: 4015"
"272821","class","InternalRemotingServices","4016","public class InternalRemotingServices // TypeDefIndex: 4016"
"272838","class","ObjRef","4017","public class ObjRef : IObjectReference, ISerializable // TypeDefIndex: 4017"
"272921","class","RemotingConfiguration","4018","public static class RemotingConfiguration // TypeDefIndex: 4018"
"273003","class","ConfigHandler","4019","internal class ConfigHandler : SmallXmlParser.IContentHandler // TypeDefIndex: 4019"
"273091","class","ChannelData","4020","internal class ChannelData // TypeDefIndex: 4020"
"273126","class","ProviderData","4021","internal class ProviderData // TypeDefIndex: 4021"
"273145","class","FormatterData","4022","internal class FormatterData : ProviderData // TypeDefIndex: 4022"
"273156","class","RemotingException","4023","public class RemotingException : SystemException // TypeDefIndex: 4023"
"273175","class","RemotingServices.CACD","4024","private class RemotingServices.CACD // TypeDefIndex: 4024"
"273189","class","RemotingServices","4025","public static class RemotingServices // TypeDefIndex: 4025"
"273334","class","ServerIdentity","4026","internal abstract class ServerIdentity : Identity // TypeDefIndex: 4026"
"273388","class","ClientActivatedIdentity","4027","internal class ClientActivatedIdentity : ServerIdentity // TypeDefIndex: 4027"
"273415","class","SingletonIdentity","4028","internal class SingletonIdentity : ServerIdentity // TypeDefIndex: 4028"
"273433","class","SingleCallIdentity","4029","internal class SingleCallIdentity : ServerIdentity // TypeDefIndex: 4029"
"273448","class","DisposerReplySink","4030","internal class DisposerReplySink : IMessageSink // TypeDefIndex: 4030"
"273467","class","SoapServices.TypeInfo","4031","private class SoapServices.TypeInfo // TypeDefIndex: 4031"
"273481","class","SoapServices","4032","public class SoapServices // TypeDefIndex: 4032"
"273548","class","TypeEntry","4033","public class TypeEntry // TypeDefIndex: 4033"
"273578","class","TypeInfo","4034","internal class TypeInfo : IRemotingTypeInfo // TypeDefIndex: 4034"
"273602","class","WellKnownClientTypeEntry","4035","public class WellKnownClientTypeEntry : TypeEntry // TypeDefIndex: 4035"
"273635","enum","WellKnownObjectMode","4036","public enum WellKnownObjectMode // TypeDefIndex: 4036"
"273645","class","WellKnownServiceTypeEntry","4037","public class WellKnownServiceTypeEntry : TypeEntry // TypeDefIndex: 4037"
"273677","interface","ITrackingHandler","4038","public interface ITrackingHandler // TypeDefIndex: 4038"
"273693","class","TrackingServices","4039","public class TrackingServices // TypeDefIndex: 4039"
"273716","class","ProxyAttribute","4040","public class ProxyAttribute : Attribute, IContextAttribute // TypeDefIndex: 4040"
"273736","class","TransparentProxy","4041","internal class TransparentProxy // TypeDefIndex: 4041"
"273773","class","RealProxy","4042","public abstract class RealProxy // TypeDefIndex: 4042"
"273843","class","RemotingProxy","4043","internal class RemotingProxy : RealProxy, IRemotingTypeInfo // TypeDefIndex: 4043"
"273887","interface","ILease","4044","public interface ILease // TypeDefIndex: 4044"
"273911","interface","ISponsor","4045","public interface ISponsor // TypeDefIndex: 4045"
"273920","class","Lease.RenewalDelegate","4046","private sealed class Lease.RenewalDelegate : MulticastDelegate // TypeDefIndex: 4046"
"273938","class","Lease","4047","internal class Lease : MarshalByRefObject, ILease // TypeDefIndex: 4047"
"273989","class","LeaseManager","4048","internal class LeaseManager // TypeDefIndex: 4048"
"274017","class","LeaseSink","4049","internal class LeaseSink : IMessageSink // TypeDefIndex: 4049"
"274040","enum","LeaseState","4050","public enum LeaseState // TypeDefIndex: 4050"
"274053","class","LifetimeServices","4051","public sealed class LifetimeServices // TypeDefIndex: 4051"
"274103","class","Context","4052","public class Context // TypeDefIndex: 4052"
"274246","class","DynamicPropertyCollection.DynamicPropertyReg","4053","private class DynamicPropertyCollection.DynamicPropertyReg // TypeDefIndex: 4053"
"274259","class","DynamicPropertyCollection","4054","internal class DynamicPropertyCollection // TypeDefIndex: 4054"
"274289","class","ContextCallbackObject","4055","internal class ContextCallbackObject : ContextBoundObject // TypeDefIndex: 4055"
"274301","class","CrossContextChannel.ContextRestoreSink","4056","private class CrossContextChannel.ContextRestoreSink : IMessageSink // TypeDefIndex: 4056"
"274321","class","CrossContextChannel","4057","internal class CrossContextChannel : IMessageSink // TypeDefIndex: 4057"
"274337","class","CrossContextDelegate","4058","public sealed class CrossContextDelegate : MulticastDelegate // TypeDefIndex: 4058"
"274350","interface","IContextAttribute","4059","public interface IContextAttribute // TypeDefIndex: 4059"
"274363","interface","IContextProperty","4060","public interface IContextProperty // TypeDefIndex: 4060"
"274382","interface","IContributeClientContextSink","4061","public interface IContributeClientContextSink // TypeDefIndex: 4061"
"274392","interface","IContributeDynamicSink","4062","public interface IContributeDynamicSink // TypeDefIndex: 4062"
"274402","interface","IContributeEnvoySink","4063","public interface IContributeEnvoySink // TypeDefIndex: 4063"
"274412","interface","IContributeObjectSink","4064","public interface IContributeObjectSink // TypeDefIndex: 4064"
"274422","interface","IContributeServerContextSink","4065","public interface IContributeServerContextSink // TypeDefIndex: 4065"
"274432","interface","IDynamicMessageSink","4066","public interface IDynamicMessageSink // TypeDefIndex: 4066"
"274445","interface","IDynamicProperty","4067","public interface IDynamicProperty // TypeDefIndex: 4067"
"274458","class","ChannelServices","4068","public sealed class ChannelServices // TypeDefIndex: 4068"
"274515","class","CrossAppDomainData","4069","internal class CrossAppDomainData // TypeDefIndex: 4069"
"274540","class","CrossAppDomainChannel","4070","internal class CrossAppDomainChannel : IChannel, IChannelSender, IChannelReceiver // TypeDefIndex: 4070"
"274578","struct","CrossAppDomainSink.ProcessMessageRes","4071","private struct CrossAppDomainSink.ProcessMessageRes // TypeDefIndex: 4071"
"274587","class","CrossAppDomainSink","4072","internal class CrossAppDomainSink : IMessageSink // TypeDefIndex: 4072"
"274629","class","CADSerializer","4073","internal class CADSerializer // TypeDefIndex: 4073"
"274650","class","AsyncRequest","4074","internal class AsyncRequest // TypeDefIndex: 4074"
"274664","interface","IChannel","4075","public interface IChannel // TypeDefIndex: 4075"
"274682","interface","IChannelDataStore","4076","public interface IChannelDataStore // TypeDefIndex: 4076"
"274687","interface","IChannelReceiver","4077","public interface IChannelReceiver : IChannel // TypeDefIndex: 4077"
"274703","interface","IChannelSender","4078","public interface IChannelSender : IChannel // TypeDefIndex: 4078"
"274713","interface","IClientChannelSinkProvider","4079","public interface IClientChannelSinkProvider // TypeDefIndex: 4079"
"274725","interface","ISecurableChannel","4080","public interface ISecurableChannel // TypeDefIndex: 4080"
"274738","interface","IServerChannelSinkProvider","4081","public interface IServerChannelSinkProvider // TypeDefIndex: 4081"
"274751","class","SinkProviderData","4082","public class SinkProviderData // TypeDefIndex: 4082"
"274775","class","ActivationServices","4083","internal class ActivationServices // TypeDefIndex: 4083"
"274811","class","AppDomainLevelActivator","4084","internal class AppDomainLevelActivator : IActivator // TypeDefIndex: 4084"
"274834","class","ConstructionLevelActivator","4085","internal class ConstructionLevelActivator : IActivator // TypeDefIndex: 4085"
"274853","class","ContextLevelActivator","4086","internal class ContextLevelActivator : IActivator // TypeDefIndex: 4086"
"274875","interface","IActivator","4087","public interface IActivator // TypeDefIndex: 4087"
"274891","interface","IConstructionCallMessage","4088","public interface IConstructionCallMessage : IMessage, IMethodCallMessage, IMethodMessage // TypeDefIndex: 4088"
"274923","interface","IConstructionReturnMessage","4089","public interface IConstructionReturnMessage : IMethodReturnMessage, IMethodMessage, IMessage // TypeDefIndex: 4089"
"274927","class","RemoteActivationAttribute","4090","internal class RemoteActivationAttribute : Attribute, IContextAttribute // TypeDefIndex: 4090"
"274945","class","RemoteActivator","4091","internal class RemoteActivator : MarshalByRefObject, IActivator // TypeDefIndex: 4091"
"274961","class","SoapAttribute","4092","public class SoapAttribute : Attribute // TypeDefIndex: 4092"
"274990","class","SoapFieldAttribute","4093","public sealed class SoapFieldAttribute : SoapAttribute // TypeDefIndex: 4093"
"275017","class","SoapMethodAttribute","4094","public sealed class SoapMethodAttribute : SoapAttribute // TypeDefIndex: 4094"
"275049","class","SoapParameterAttribute","4095","public sealed class SoapParameterAttribute : SoapAttribute // TypeDefIndex: 4095"
"275060","class","SoapTypeAttribute","4096","public sealed class SoapTypeAttribute : SoapAttribute // TypeDefIndex: 4096"
"275113","class","CallContext","4097","public sealed class CallContext // TypeDefIndex: 4097"
"275128","class","IllogicalCallContext","4098","internal class IllogicalCallContext // TypeDefIndex: 4098"
"275161","struct","LogicalCallContext.Reader","4099","internal struct LogicalCallContext.Reader // TypeDefIndex: 4099"
"275188","class","LogicalCallContext","4100","public sealed class LogicalCallContext : ISerializable, ICloneable // TypeDefIndex: 4100"
"275235","class","CallContextSecurityData","4101","internal class CallContextSecurityData : ICloneable // TypeDefIndex: 4101"
"275257","class","CallContextRemotingData","4102","internal class CallContextRemotingData : ICloneable // TypeDefIndex: 4102"
"275285","enum","ArgInfoType","4103","internal enum ArgInfoType // TypeDefIndex: 4103"
"275294","class","ArgInfo","4104","internal class ArgInfo // TypeDefIndex: 4104"
"275312","class","AsyncResult","4105","public class AsyncResult : IAsyncResult, IMessageSink, IThreadPoolWorkItem // TypeDefIndex: 4105"
"275406","class","CADArgHolder","4106","internal class CADArgHolder // TypeDefIndex: 4106"
"275418","class","CADObjRef","4107","internal class CADObjRef // TypeDefIndex: 4107"
"275433","class","CADMethodRef","4108","internal class CADMethodRef // TypeDefIndex: 4108"
"275455","class","CADMessageBase","4109","internal class CADMessageBase // TypeDefIndex: 4109"
"275504","class","CADMethodCallMessage","4110","internal class CADMethodCallMessage : CADMessageBase // TypeDefIndex: 4110"
"275535","class","CADMethodReturnMessage","4111","internal class CADMethodReturnMessage : CADMessageBase // TypeDefIndex: 4111"
"275570","class","ClientContextTerminatorSink","4112","internal class ClientContextTerminatorSink : IMessageSink // TypeDefIndex: 4112"
"275588","class","ClientContextReplySink","4113","internal class ClientContextReplySink : IMessageSink // TypeDefIndex: 4113"
"275610","class","ConstructionCall","4114","public class ConstructionCall : MethodCall, IConstructionCallMessage, IMessage, IMethodCallMessage, IMethodMessage // TypeDefIndex: 4114"
"275686","class","ConstructionCallDictionary","4115","internal class ConstructionCallDictionary : MessageDictionary // TypeDefIndex: 4115"
"275710","class","ConstructionResponse","4116","public class ConstructionResponse : MethodResponse, IConstructionReturnMessage, IMethodReturnMessage, IMethodMessage, IMessage // TypeDefIndex: 4116"
"275732","class","EnvoyTerminatorSink","4117","internal class EnvoyTerminatorSink : IMessageSink // TypeDefIndex: 4117"
"275754","class","ErrorMessage","4118","internal class ErrorMessage : IMethodCallMessage, IMethodMessage, IMessage // TypeDefIndex: 4118"
"275809","class","Header","4119","public class Header // TypeDefIndex: 4119"
"275814","class","HeaderHandler","4120","public sealed class HeaderHandler : MulticastDelegate // TypeDefIndex: 4120"
"275826","interface","IInternalMessage","4121","internal interface IInternalMessage // TypeDefIndex: 4121"
"275849","interface","IMessage","4122","public interface IMessage // TypeDefIndex: 4122"
"275862","interface","IMessageCtrl","4123","public interface IMessageCtrl // TypeDefIndex: 4123"
"275867","interface","IMessageSink","4124","public interface IMessageSink // TypeDefIndex: 4124"
"275880","interface","IMethodCallMessage","4125","public interface IMethodCallMessage : IMethodMessage, IMessage // TypeDefIndex: 4125"
"275885","interface","IMethodMessage","4126","public interface IMethodMessage : IMessage // TypeDefIndex: 4126"
"275929","interface","IMethodReturnMessage","4127","public interface IMethodReturnMessage : IMethodMessage, IMessage // TypeDefIndex: 4127"
"275952","class","MethodCall","4128","public class MethodCall : IMethodCallMessage, IMethodMessage, IMessage, ISerializable, IInternalMessage // TypeDefIndex: 4128"
"276066","class","MCMDictionary","4129","internal class MCMDictionary : MessageDictionary // TypeDefIndex: 4129"
"276081","class","MessageDictionary.DictionaryEnumerator","4130","private class MessageDictionary.DictionaryEnumerator : IDictionaryEnumerator, IEnumerator // TypeDefIndex: 4130"
"276121","class","MessageDictionary","4131","internal class MessageDictionary : IDictionary, ICollection, IEnumerable // TypeDefIndex: 4131"
"276223","class","MethodResponse","4132","public class MethodResponse : IMethodReturnMessage, IMethodMessage, IMessage, ISerializable, IInternalMessage // TypeDefIndex: 4132"
"276334","class","MethodReturnDictionary","4133","internal class MethodReturnDictionary : MessageDictionary // TypeDefIndex: 4133"
"276351","class","MonoMethodMessage","4134","internal class MonoMethodMessage : IMethodCallMessage, IMethodMessage, IMessage, IMethodReturnMessage, IInternalMessage // TypeDefIndex: 4134"
"276468","enum","CallType","4135","internal enum CallType // TypeDefIndex: 4135"
"276481","class","OneWayAttribute","4136","public class OneWayAttribute : Attribute // TypeDefIndex: 4136"
"276485","class","RemotingSurrogate","4137","internal class RemotingSurrogate : ISerializationSurrogate // TypeDefIndex: 4137"
"276500","class","ObjRefSurrogate","4138","internal class ObjRefSurrogate : ISerializationSurrogate // TypeDefIndex: 4138"
"276516","class","RemotingSurrogateSelector","4139","public class RemotingSurrogateSelector : ISurrogateSelector // TypeDefIndex: 4139"
"276538","class","ReturnMessage","4140","public class ReturnMessage : IMethodReturnMessage, IMethodMessage, IMessage, IInternalMessage // TypeDefIndex: 4140"
"276635","class","ServerContextTerminatorSink","4141","internal class ServerContextTerminatorSink : IMessageSink // TypeDefIndex: 4141"
"276650","class","ServerObjectTerminatorSink","4142","internal class ServerObjectTerminatorSink : IMessageSink // TypeDefIndex: 4142"
"276668","class","ServerObjectReplySink","4143","internal class ServerObjectReplySink : IMessageSink // TypeDefIndex: 4143"
"276687","class","StackBuilderSink","4144","internal class StackBuilderSink : IMessageSink // TypeDefIndex: 4144"
"276717","class","NonVersionableAttribute","4145","internal sealed class NonVersionableAttribute : Attribute // TypeDefIndex: 4145"
"276727","class","TargetFrameworkAttribute","4146","public sealed class TargetFrameworkAttribute : Attribute // TypeDefIndex: 4146"
"276750","class","BinaryCompatibility","4147","internal static class BinaryCompatibility // TypeDefIndex: 4147"
"276763","interface","IDeserializationCallback","4148","public interface IDeserializationCallback // TypeDefIndex: 4148"
"276773","interface","IFormatterConverter","4149","public interface IFormatterConverter // TypeDefIndex: 4149"
"276797","interface","IObjectReference","4150","public interface IObjectReference // TypeDefIndex: 4150"
"276806","interface","ISerializable","4151","public interface ISerializable // TypeDefIndex: 4151"
"276816","class","SerializationException","4152","public class SerializationException : SystemException // TypeDefIndex: 4152"
"276841","struct","SerializationEntry","4153","public struct SerializationEntry // TypeDefIndex: 4153"
"276865","class","SerializationInfoEnumerator","4154","public sealed class SerializationInfoEnumerator : IEnumerator // TypeDefIndex: 4154"
"276910","class","DeserializationEventHandler","4155","internal sealed class DeserializationEventHandler : MulticastDelegate // TypeDefIndex: 4155"
"276922","class","SerializationEventHandler","4156","public sealed class SerializationEventHandler : MulticastDelegate // TypeDefIndex: 4156"
"276934","class","FormatterConverter","4157","public class FormatterConverter : IFormatterConverter // TypeDefIndex: 4157"
"276964","interface","ISerializationSurrogate","4158","public interface ISerializationSurrogate // TypeDefIndex: 4158"
"276976","interface","ISurrogateSelector","4159","public interface ISurrogateSelector // TypeDefIndex: 4159"
"276986","class","MemberHolder","4160","internal sealed class MemberHolder // TypeDefIndex: 4160"
"277006","class","SerializationBinder","4161","public abstract class SerializationBinder // TypeDefIndex: 4161"
"277021","class","SerializationEvents","4162","internal sealed class SerializationEvents // TypeDefIndex: 4162"
"277068","class","SerializationEventsCache.","4163","private sealed class SerializationEventsCache.<>c // TypeDefIndex: 4163"
"277087","class","SerializationEventsCache","4164","internal static class SerializationEventsCache // TypeDefIndex: 4164"
"277102","class","SerializationObjectManager","4165","public sealed class SerializationObjectManager // TypeDefIndex: 4165"
"277125","class","ValueTypeFixupInfo","4166","internal sealed class ValueTypeFixupInfo // TypeDefIndex: 4166"
"277154","class","FormatterServices.","4167","private sealed class FormatterServices.<>c__DisplayClass9_0 // TypeDefIndex: 4167"
"277170","class","FormatterServices","4168","public static class FormatterServices // TypeDefIndex: 4168"
"277243","class","SurrogateForCyclicalReference","4169","internal sealed class SurrogateForCyclicalReference : ISerializationSurrogate // TypeDefIndex: 4169"
"277260","class","ObjectIDGenerator","4170","public class ObjectIDGenerator // TypeDefIndex: 4170"
"277292","class","ObjectManager","4171","public class ObjectManager // TypeDefIndex: 4171"
"277399","class","ObjectHolder","4172","internal sealed class ObjectHolder // TypeDefIndex: 4172"
"277568","class","FixupHolder","4173","internal class FixupHolder // TypeDefIndex: 4173"
"277583","class","FixupHolderList","4174","internal class FixupHolderList // TypeDefIndex: 4174"
"277606","class","LongList","4175","internal class LongList // TypeDefIndex: 4175"
"277649","class","ObjectHolderList","4176","internal class ObjectHolderList // TypeDefIndex: 4176"
"277684","class","ObjectHolderListEnumerator","4177","internal class ObjectHolderListEnumerator // TypeDefIndex: 4177"
"277708","class","TypeLoadExceptionHolder","4178","internal class TypeLoadExceptionHolder // TypeDefIndex: 4178"
"277726","class","SafeSerializationEventArgs","4179","public sealed class SafeSerializationEventArgs : EventArgs // TypeDefIndex: 4179"
"277745","interface","ISafeSerializationData","4180","public interface ISafeSerializationData // TypeDefIndex: 4180"
"277755","class","SafeSerializationManager","4181","internal sealed class SafeSerializationManager : IObjectReference, ISerializable // TypeDefIndex: 4181"
"277799","class","OptionalFieldAttribute","4182","public sealed class OptionalFieldAttribute : Attribute // TypeDefIndex: 4182"
"277819","class","OnSerializingAttribute","4183","public sealed class OnSerializingAttribute : Attribute // TypeDefIndex: 4183"
"277830","class","OnSerializedAttribute","4184","public sealed class OnSerializedAttribute : Attribute // TypeDefIndex: 4184"
"277841","class","OnDeserializingAttribute","4185","public sealed class OnDeserializingAttribute : Attribute // TypeDefIndex: 4185"
"277852","class","OnDeserializedAttribute","4186","public sealed class OnDeserializedAttribute : Attribute // TypeDefIndex: 4186"
"277861","class","SerializationFieldInfo","4187","internal sealed class SerializationFieldInfo : FieldInfo // TypeDefIndex: 4187"
"277934","class","SerializationInfo","4188","public sealed class SerializationInfo // TypeDefIndex: 4188"
"278078","struct","StreamingContext","4189","public struct StreamingContext // TypeDefIndex: 4189"
"278113","enum","StreamingContextStates","4190","public enum StreamingContextStates // TypeDefIndex: 4190"
"278129","enum","FormatterTypeStyle","4191","public enum FormatterTypeStyle // TypeDefIndex: 4191"
"278139","enum","FormatterAssemblyStyle","4192","public enum FormatterAssemblyStyle // TypeDefIndex: 4192"
"278148","enum","TypeFilterLevel","4193","public enum TypeFilterLevel // TypeDefIndex: 4193"
"278157","enum","BinaryHeaderEnum","4194","internal enum BinaryHeaderEnum // TypeDefIndex: 4194"
"278187","enum","BinaryTypeEnum","4195","internal enum BinaryTypeEnum // TypeDefIndex: 4195"
"278202","enum","BinaryArrayTypeEnum","4196","internal enum BinaryArrayTypeEnum // TypeDefIndex: 4196"
"278215","enum","InternalSerializerTypeE","4197","internal enum InternalSerializerTypeE // TypeDefIndex: 4197"
"278224","enum","InternalParseTypeE","4198","internal enum InternalParseTypeE // TypeDefIndex: 4198"
"278244","enum","InternalObjectTypeE","4199","internal enum InternalObjectTypeE // TypeDefIndex: 4199"
"278254","enum","InternalObjectPositionE","4200","internal enum InternalObjectPositionE // TypeDefIndex: 4200"
"278265","enum","InternalArrayTypeE","4201","internal enum InternalArrayTypeE // TypeDefIndex: 4201"
"278277","enum","InternalMemberTypeE","4202","internal enum InternalMemberTypeE // TypeDefIndex: 4202"
"278288","enum","InternalMemberValueE","4203","internal enum InternalMemberValueE // TypeDefIndex: 4203"
"278300","enum","InternalPrimitiveTypeE","4204","internal enum InternalPrimitiveTypeE // TypeDefIndex: 4204"
"278326","enum","ValueFixupEnum","4205","internal enum ValueFixupEnum // TypeDefIndex: 4205"
"278337","class","BinaryConverter","4206","internal static class BinaryConverter // TypeDefIndex: 4206"
"278358","class","IOUtil","4207","internal static class IOUtil // TypeDefIndex: 4207"
"278373","class","BinaryAssemblyInfo","4208","internal sealed class BinaryAssemblyInfo // TypeDefIndex: 4208"
"278392","class","SerializationHeaderRecord","4209","internal sealed class SerializationHeaderRecord // TypeDefIndex: 4209"
"278425","class","BinaryAssembly","4210","internal sealed class BinaryAssembly // TypeDefIndex: 4210"
"278450","class","BinaryCrossAppDomainAssembly","4211","internal sealed class BinaryCrossAppDomainAssembly // TypeDefIndex: 4211"
"278469","class","BinaryObject","4212","internal sealed class BinaryObject // TypeDefIndex: 4212"
"278494","class","BinaryMethodCall","4213","internal sealed class BinaryMethodCall // TypeDefIndex: 4213"
"278518","class","BinaryMethodReturn","4214","internal sealed class BinaryMethodReturn // TypeDefIndex: 4214"
"278546","class","BinaryObjectString","4215","internal sealed class BinaryObjectString // TypeDefIndex: 4215"
"278571","class","BinaryCrossAppDomainString","4216","internal sealed class BinaryCrossAppDomainString // TypeDefIndex: 4216"
"278590","class","BinaryCrossAppDomainMap","4217","internal sealed class BinaryCrossAppDomainMap // TypeDefIndex: 4217"
"278608","class","MemberPrimitiveTyped","4218","internal sealed class MemberPrimitiveTyped // TypeDefIndex: 4218"
"278633","class","BinaryObjectWithMap","4219","internal sealed class BinaryObjectWithMap // TypeDefIndex: 4219"
"278665","class","BinaryObjectWithMapTyped","4220","internal sealed class BinaryObjectWithMapTyped // TypeDefIndex: 4220"
"278697","class","BinaryArray","4221","internal sealed class BinaryArray // TypeDefIndex: 4221"
"278729","class","MemberPrimitiveUnTyped","4222","internal sealed class MemberPrimitiveUnTyped // TypeDefIndex: 4222"
"278757","class","MemberReference","4223","internal sealed class MemberReference // TypeDefIndex: 4223"
"278781","class","ObjectNull","4224","internal sealed class ObjectNull // TypeDefIndex: 4224"
"278805","class","MessageEnd","4225","internal sealed class MessageEnd // TypeDefIndex: 4225"
"278826","class","ObjectMap","4226","internal sealed class ObjectMap // TypeDefIndex: 4226"
"278860","class","ObjectProgress","4227","internal sealed class ObjectProgress // TypeDefIndex: 4227"
"278903","class","Converter","4228","internal sealed class Converter // TypeDefIndex: 4228"
"279010","class","BinaryFormatter","4229","public sealed class BinaryFormatter // TypeDefIndex: 4229"
"279066","class","__BinaryWriter","4230","internal sealed class __BinaryWriter // TypeDefIndex: 4230"
"279236","class","ObjectMapInfo","4231","internal sealed class ObjectMapInfo // TypeDefIndex: 4231"
"279254","class","WriteObjectInfo","4232","internal sealed class WriteObjectInfo // TypeDefIndex: 4232"
"279333","class","ReadObjectInfo","4233","internal sealed class ReadObjectInfo // TypeDefIndex: 4233"
"279422","class","SerObjectInfoInit","4234","internal sealed class SerObjectInfoInit // TypeDefIndex: 4234"
"279436","class","SerObjectInfoCache","4235","internal sealed class SerObjectInfoCache // TypeDefIndex: 4235"
"279456","class","TypeInformation","4236","internal sealed class TypeInformation // TypeDefIndex: 4236"
"279484","class","ObjectReader.TypeNAssembly","4237","internal class ObjectReader.TypeNAssembly // TypeDefIndex: 4237"
"279497","class","ObjectReader.TopLevelAssemblyTypeResolver","4238","internal sealed class ObjectReader.TopLevelAssemblyTypeResolver // TypeDefIndex: 4238"
"279512","class","ObjectReader","4239","internal sealed class ObjectReader // TypeDefIndex: 4239"
"279647","class","ObjectWriter","4240","internal sealed class ObjectWriter // TypeDefIndex: 4240"
"279772","class","__BinaryParser","4241","internal sealed class __BinaryParser // TypeDefIndex: 4241"
"279952","class","ParseRecord","4242","internal sealed class ParseRecord // TypeDefIndex: 4242"
"280010","class","SerStack","4243","internal sealed class SerStack // TypeDefIndex: 4243"
"280044","class","SizedArray","4244","internal sealed class SizedArray : ICloneable // TypeDefIndex: 4244"
"280080","class","IntSizedArray","4245","internal sealed class IntSizedArray : ICloneable // TypeDefIndex: 4245"
"280111","class","NameCache","4246","internal sealed class NameCache // TypeDefIndex: 4246"
"280133","class","ValueFixup","4247","internal sealed class ValueFixup // TypeDefIndex: 4247"
"280158","class","InternalFE","4248","internal sealed class InternalFE // TypeDefIndex: 4248"
"280173","class","NameInfo","4249","internal sealed class NameInfo // TypeDefIndex: 4249"
"280213","class","PrimitiveArray","4250","internal sealed class PrimitiveArray // TypeDefIndex: 4250"
"280244","enum","MessageEnum","4251","internal enum MessageEnum // TypeDefIndex: 4251"
"280266","enum","CharSet","4252","public enum CharSet // TypeDefIndex: 4252"
"280278","class","ExternalException","4253","public class ExternalException : SystemException // TypeDefIndex: 4253"
"280306","struct","HandleRef","4254","public struct HandleRef // TypeDefIndex: 4254"
"280326","class","MarshalDirectiveException","4255","public class MarshalDirectiveException : SystemException // TypeDefIndex: 4255"
"280341","class","MemoryMarshal","4256","public static class MemoryMarshal // TypeDefIndex: 4256"
"280473","enum","Architecture","4257","public enum Architecture // TypeDefIndex: 4257"
"280485","struct","OSPlatform","4258","public struct OSPlatform : IEquatable<OSPlatform> // TypeDefIndex: 4258"
"280544","enum","GCHandleType","4259","public enum GCHandleType // TypeDefIndex: 4259"
"280555","class","SafeBuffer","4260","public abstract class SafeBuffer : SafeHandleZeroOrMinusOneIsInvalid // TypeDefIndex: 4260"
"280579","class","COMException","4261","public class COMException : ExternalException // TypeDefIndex: 4261"
"280594","class","ErrorWrapper","4262","public sealed class ErrorWrapper // TypeDefIndex: 4262"
"280601","interface","ICustomMarshaler","4263","public interface ICustomMarshaler // TypeDefIndex: 4263"
"280624","class","UnmanagedFunctionPointerAttribute","4264","public sealed class UnmanagedFunctionPointerAttribute : Attribute // TypeDefIndex: 4264"
"280638","enum","ComInterfaceType","4265","public enum ComInterfaceType // TypeDefIndex: 4265"
"280652","class","InterfaceTypeAttribute","4266","public sealed class InterfaceTypeAttribute : Attribute // TypeDefIndex: 4266"
"280666","class","ComDefaultInterfaceAttribute","4267","public sealed class ComDefaultInterfaceAttribute : Attribute // TypeDefIndex: 4267"
"280680","enum","ClassInterfaceType","4268","public enum ClassInterfaceType // TypeDefIndex: 4268"
"280692","class","ClassInterfaceAttribute","4269","public sealed class ClassInterfaceAttribute : Attribute // TypeDefIndex: 4269"
"280706","class","ComVisibleAttribute","4270","public sealed class ComVisibleAttribute : Attribute // TypeDefIndex: 4270"
"280720","enum","VarEnum","4271","public enum VarEnum // TypeDefIndex: 4271"
"280773","enum","UnmanagedType","4272","public enum UnmanagedType // TypeDefIndex: 4272"
"280823","class","ComImportAttribute","4273","public sealed class ComImportAttribute : Attribute // TypeDefIndex: 4273"
"280834","class","GuidAttribute","4274","public sealed class GuidAttribute : Attribute // TypeDefIndex: 4274"
"280848","class","PreserveSigAttribute","4275","public sealed class PreserveSigAttribute : Attribute // TypeDefIndex: 4275"
"280859","class","InAttribute","4276","public sealed class InAttribute : Attribute // TypeDefIndex: 4276"
"280870","class","OutAttribute","4277","public sealed class OutAttribute : Attribute // TypeDefIndex: 4277"
"280881","class","OptionalAttribute","4278","public sealed class OptionalAttribute : Attribute // TypeDefIndex: 4278"
"280891","enum","DllImportSearchPath","4279","public enum DllImportSearchPath // TypeDefIndex: 4279"
"280907","class","DefaultDllImportSearchPathsAttribute","4280","public sealed class DefaultDllImportSearchPathsAttribute : Attribute // TypeDefIndex: 4280"
"280921","class","DllImportAttribute","4281","public sealed class DllImportAttribute : Attribute // TypeDefIndex: 4281"
"280958","class","FieldOffsetAttribute","4282","public sealed class FieldOffsetAttribute : Attribute // TypeDefIndex: 4282"
"280972","class","ComCompatibleVersionAttribute","4283","public sealed class ComCompatibleVersionAttribute : Attribute // TypeDefIndex: 4283"
"280989","enum","CallingConvention","4284","public enum CallingConvention // TypeDefIndex: 4284"
"281001","class","SafeHandle","4285","public abstract class SafeHandle : CriticalFinalizerObject, IDisposable // TypeDefIndex: 4285"
"281079","class","RuntimeInformation","4286","public static class RuntimeInformation // TypeDefIndex: 4286"
"281103","struct","GCHandle","4287","public struct GCHandle // TypeDefIndex: 4287"
"281191","class","Marshal.SecureStringAllocator","4288","internal sealed class Marshal.SecureStringAllocator : MulticastDelegate // TypeDefIndex: 4288"
"281203","class","Marshal.MarshalerInstanceKeyComparer","4289","internal class Marshal.MarshalerInstanceKeyComparer : IEqualityComparer<ValueTuple<Type, string>> // TypeDefIndex: 4289"
"281220","class","Marshal.","4290","private sealed class Marshal.<>c // TypeDefIndex: 4290"
"281239","class","Marshal","4291","public static class Marshal // TypeDefIndex: 4291"
"281489","class","MarshalAsAttribute","4292","public sealed class MarshalAsAttribute : Attribute // TypeDefIndex: 4292"
"281525","interface","_Activator","4293","public interface _Activator // TypeDefIndex: 4293"
"281533","interface","_Assembly","4294","public interface _Assembly // TypeDefIndex: 4294"
"281541","interface","_AssemblyName","4295","public interface _AssemblyName // TypeDefIndex: 4295"
"281549","interface","_Module","4296","public interface _Module // TypeDefIndex: 4296"
"281557","interface","_ParameterInfo","4297","public interface _ParameterInfo // TypeDefIndex: 4297"
"281561","class","FirstChanceExceptionEventArgs","4298","public class FirstChanceExceptionEventArgs : EventArgs // TypeDefIndex: 4298"
"281566","class","HandleProcessCorruptedStateExceptionsAttribute","4299","public sealed class HandleProcessCorruptedStateExceptionsAttribute : Attribute // TypeDefIndex: 4299"
"281575","class","ExceptionDispatchInfo","4300","public sealed class ExceptionDispatchInfo // TypeDefIndex: 4300"
"281609","enum","Cer","4301","public enum Cer // TypeDefIndex: 4301"
"281619","enum","Consistency","4302","public enum Consistency // TypeDefIndex: 4302"
"281631","class","ReliabilityContractAttribute","4303","public sealed class ReliabilityContractAttribute : Attribute // TypeDefIndex: 4303"
"281647","class","PrePrepareMethodAttribute","4304","public sealed class PrePrepareMethodAttribute : Attribute // TypeDefIndex: 4304"
"281656","class","CriticalFinalizerObject","4305","public abstract class CriticalFinalizerObject // TypeDefIndex: 4305"
"281669","class","AsyncMethodBuilderAttribute","4306","public sealed class AsyncMethodBuilderAttribute : Attribute // TypeDefIndex: 4306"
"281684","class","AsyncStateMachineAttribute","4307","public sealed class AsyncStateMachineAttribute : StateMachineAttribute // TypeDefIndex: 4307"
"281693","struct","AsyncValueTaskMethodBuilder","4308","public struct AsyncValueTaskMethodBuilder // TypeDefIndex: 4308"
"281702","struct","AsyncValueTaskMethodBuilder","4309","public struct AsyncValueTaskMethodBuilder<TResult> // TypeDefIndex: 4309"
"281804","class","CallerFilePathAttribute","4310","public sealed class CallerFilePathAttribute : Attribute // TypeDefIndex: 4310"
"281814","class","CallerLineNumberAttribute","4311","public sealed class CallerLineNumberAttribute : Attribute // TypeDefIndex: 4311"
"281824","class","CallerMemberNameAttribute","4312","public sealed class CallerMemberNameAttribute : Attribute // TypeDefIndex: 4312"
"281835","class","CompilerGeneratedAttribute","4313","public sealed class CompilerGeneratedAttribute : Attribute // TypeDefIndex: 4313"
"281845","struct","ConfiguredValueTaskAwaitable.ConfiguredValueTaskAwaiter","4314","public struct ConfiguredValueTaskAwaitable.ConfiguredValueTaskAwaiter : ICriticalNotifyCompletion, INotifyCompletion // TypeDefIndex: 4314"
"281874","struct","ConfiguredValueTaskAwaitable","4315","public struct ConfiguredValueTaskAwaitable // TypeDefIndex: 4315"
"281890","struct","ConfiguredValueTaskAwaitable.ConfiguredValueTaskAwaiter","4316","public struct ConfiguredValueTaskAwaitable.ConfiguredValueTaskAwaiter<TResult> : ICriticalNotifyCompletion, INotifyCompletion // TypeDefIndex: 4316"
"281959","struct","ConfiguredValueTaskAwaitable","4317","public struct ConfiguredValueTaskAwaitable<TResult> // TypeDefIndex: 4317"
"281992","class","CustomConstantAttribute","4318","public abstract class CustomConstantAttribute : Attribute // TypeDefIndex: 4318"
"282009","class","DateTimeConstantAttribute","4319","public sealed class DateTimeConstantAttribute : CustomConstantAttribute // TypeDefIndex: 4319"
"282026","class","DecimalConstantAttribute","4320","public sealed class DecimalConstantAttribute : Attribute // TypeDefIndex: 4320"
"282046","class","ExtensionAttribute","4321","public sealed class ExtensionAttribute : Attribute // TypeDefIndex: 4321"
"282056","class","FixedBufferAttribute","4322","public sealed class FixedBufferAttribute : Attribute // TypeDefIndex: 4322"
"282083","class","FormattableStringFactory.ConcreteFormattableString","4323","private sealed class FormattableStringFactory.ConcreteFormattableString : FormattableString // TypeDefIndex: 4323"
"282115","class","FormattableStringFactory","4324","public static class FormattableStringFactory // TypeDefIndex: 4324"
"282124","interface","IAsyncStateMachine","4325","public interface IAsyncStateMachine // TypeDefIndex: 4325"
"282136","interface","INotifyCompletion","4326","public interface INotifyCompletion // TypeDefIndex: 4326"
"282145","interface","ICriticalNotifyCompletion","4327","public interface ICriticalNotifyCompletion : INotifyCompletion // TypeDefIndex: 4327"
"282155","interface","ITuple","4328","public interface ITuple // TypeDefIndex: 4328"
"282168","class","IntrinsicAttribute","4329","internal sealed class IntrinsicAttribute : Attribute // TypeDefIndex: 4329"
"282178","class","IsByRefLikeAttribute","4330","public sealed class IsByRefLikeAttribute : Attribute // TypeDefIndex: 4330"
"282188","class","IsReadOnlyAttribute","4331","public sealed class IsReadOnlyAttribute : Attribute // TypeDefIndex: 4331"
"282197","class","IsVolatile","4332","public static class IsVolatile // TypeDefIndex: 4332"
"282203","class","IteratorStateMachineAttribute","4333","public sealed class IteratorStateMachineAttribute : StateMachineAttribute // TypeDefIndex: 4333"
"282214","class","RuntimeCompatibilityAttribute","4334","public sealed class RuntimeCompatibilityAttribute : Attribute // TypeDefIndex: 4334"
"282234","class","RuntimeFeature","4335","public static class RuntimeFeature // TypeDefIndex: 4335"
"282247","class","RuntimeWrappedException","4336","public sealed class RuntimeWrappedException : Exception // TypeDefIndex: 4336"
"282276","class","StateMachineAttribute","4337","public class StateMachineAttribute : Attribute // TypeDefIndex: 4337"
"282298","class","StringFreezingAttribute","4338","public sealed class StringFreezingAttribute : Attribute // TypeDefIndex: 4338"
"282309","class","TupleElementNamesAttribute","4339","public sealed class TupleElementNamesAttribute : Attribute // TypeDefIndex: 4339"
"282322","class","TypeForwardedFromAttribute","4340","public sealed class TypeForwardedFromAttribute : Attribute // TypeDefIndex: 4340"
"282344","class","UnsafeValueTypeAttribute","4341","public sealed class UnsafeValueTypeAttribute : Attribute // TypeDefIndex: 4341"
"282355","class","ValueTaskAwaiter.","4342","private sealed class ValueTaskAwaiter.<>c // TypeDefIndex: 4342"
"282374","struct","ValueTaskAwaiter","4343","public struct ValueTaskAwaiter : ICriticalNotifyCompletion, INotifyCompletion // TypeDefIndex: 4343"
"282407","struct","ValueTaskAwaiter","4344","public struct ValueTaskAwaiter<TResult> : ICriticalNotifyCompletion, INotifyCompletion // TypeDefIndex: 4344"
"282476","class","TaskAwaiter.","4345","private sealed class TaskAwaiter.<>c__DisplayClass11_0 // TypeDefIndex: 4345"
"282493","struct","TaskAwaiter","4346","public struct TaskAwaiter : ICriticalNotifyCompletion, INotifyCompletion // TypeDefIndex: 4346"
"282540","struct","TaskAwaiter","4347","public struct TaskAwaiter<TResult> : ICriticalNotifyCompletion, INotifyCompletion // TypeDefIndex: 4347"
"282849","struct","ConfiguredTaskAwaitable.ConfiguredTaskAwaiter","4348","public struct ConfiguredTaskAwaitable.ConfiguredTaskAwaiter : ICriticalNotifyCompletion, INotifyCompletion // TypeDefIndex: 4348"
"282879","struct","ConfiguredTaskAwaitable","4349","public struct ConfiguredTaskAwaitable // TypeDefIndex: 4349"
"282895","struct","ConfiguredTaskAwaitable.ConfiguredTaskAwaiter","4350","public struct ConfiguredTaskAwaitable.ConfiguredTaskAwaiter<TResult> : ICriticalNotifyCompletion, INotifyCompletion // TypeDefIndex: 4350"
"283205","struct","ConfiguredTaskAwaitable","4351","public struct ConfiguredTaskAwaitable<TResult> // TypeDefIndex: 4351"
"283333","class","ReflectionBlockedAttribute","4352","internal class ReflectionBlockedAttribute : Attribute // TypeDefIndex: 4352"
"283342","struct","AsyncVoidMethodBuilder","4353","public struct AsyncVoidMethodBuilder // TypeDefIndex: 4353"
"283486","struct","AsyncTaskMethodBuilder","4354","public struct AsyncTaskMethodBuilder // TypeDefIndex: 4354"
"283993","struct","AsyncTaskMethodBuilder","4355","public struct AsyncTaskMethodBuilder<TResult> // TypeDefIndex: 4355"
"285858","class","AsyncTaskCache","4356","internal static class AsyncTaskCache // TypeDefIndex: 4356"
"285922","class","AsyncMethodBuilderCore.MoveNextRunner","4357","internal sealed class AsyncMethodBuilderCore.MoveNextRunner // TypeDefIndex: 4357"
"285942","class","AsyncMethodBuilderCore.ContinuationWrapper","4358","private class AsyncMethodBuilderCore.ContinuationWrapper // TypeDefIndex: 4358"
"285960","class","AsyncMethodBuilderCore.","4359","private sealed class AsyncMethodBuilderCore.<>c__DisplayClass5_0 // TypeDefIndex: 4359"
"285978","class","AsyncMethodBuilderCore.","4360","private sealed class AsyncMethodBuilderCore.<>c // TypeDefIndex: 4360"
"286001","struct","AsyncMethodBuilderCore","4361","internal struct AsyncMethodBuilderCore // TypeDefIndex: 4361"
"286033","enum","LoadHint","4362","public enum LoadHint // TypeDefIndex: 4362"
"286045","class","DefaultDependencyAttribute","4363","public sealed class DefaultDependencyAttribute : Attribute // TypeDefIndex: 4363"
"286059","class","DependencyAttribute","4364","public sealed class DependencyAttribute : Attribute // TypeDefIndex: 4364"
"286075","enum","CompilationRelaxations","4365","public enum CompilationRelaxations // TypeDefIndex: 4365"
"286086","class","CompilationRelaxationsAttribute","4366","public class CompilationRelaxationsAttribute : Attribute // TypeDefIndex: 4366"
"286108","class","InternalsVisibleToAttribute","4367","public sealed class InternalsVisibleToAttribute : Attribute // TypeDefIndex: 4367"
"286129","class","FriendAccessAllowedAttribute","4368","internal sealed class FriendAccessAllowedAttribute : Attribute // TypeDefIndex: 4368"
"286139","class","TypeDependencyAttribute","4369","internal sealed class TypeDependencyAttribute : Attribute // TypeDefIndex: 4369"
"286151","class","JitHelpers","4370","internal static class JitHelpers // TypeDefIndex: 4370"
"286193","struct","Ephemeron","4371","internal struct Ephemeron // TypeDefIndex: 4371"
"286201","class","ConditionalWeakTable.CreateValueCallback","4372","public sealed class ConditionalWeakTable.CreateValueCallback<TKey, TValue> : MulticastDelegate // TypeDefIndex: 4372"
"286223","class","ConditionalWeakTable.Enumerator","4373","private sealed class ConditionalWeakTable.Enumerator<TKey, TValue> : IEnumerator<KeyValuePair<TKey, TValue>>, IDisposable, IEnumerator // TypeDefIndex: 4373"
"286294","class","ConditionalWeakTable","4374","public sealed class ConditionalWeakTable<TKey, TValue> : IEnumerable<KeyValuePair<TKey, TValue>>, IEnumerable // TypeDefIndex: 4374"
"286393","class","RuntimeHelpers","4375","public static class RuntimeHelpers // TypeDefIndex: 4375"
"287792","class","Unsafe","4376","internal static class Unsafe // TypeDefIndex: 4376"
"295012","interface","IResourceReader","4377","public interface IResourceReader : IEnumerable, IDisposable // TypeDefIndex: 4377"
"295025","class","MissingManifestResourceException","4378","public class MissingManifestResourceException : SystemException // TypeDefIndex: 4378"
"295038","class","NeutralResourcesLanguageAttribute","4379","public sealed class NeutralResourcesLanguageAttribute : Attribute // TypeDefIndex: 4379"
"295065","enum","ResourceTypeCode","4380","internal enum ResourceTypeCode // TypeDefIndex: 4380"
"295093","class","RuntimeResourceSet","4381","internal sealed class RuntimeResourceSet : ResourceSet, IEnumerable // TypeDefIndex: 4381"
"295143","class","SatelliteContractVersionAttribute","4382","public sealed class SatelliteContractVersionAttribute : Attribute // TypeDefIndex: 4382"
"295156","enum","UltimateResourceFallbackLocation","4383","public enum UltimateResourceFallbackLocation // TypeDefIndex: 4383"
"295165","class","FastResourceComparer","4384","internal sealed class FastResourceComparer : IComparer, IEqualityComparer, IComparer<string>, IEqualityComparer<string> // TypeDefIndex: 4384"
"295210","class","FileBasedResourceGroveler","4385","internal class FileBasedResourceGroveler : IResourceGroveler // TypeDefIndex: 4385"
"295222","interface","IResourceGroveler","4386","internal interface IResourceGroveler // TypeDefIndex: 4386"
"295226","class","ManifestBasedResourceGroveler","4387","internal class ManifestBasedResourceGroveler : IResourceGroveler // TypeDefIndex: 4387"
"295244","class","ResourceManager.CultureNameResourceSetPair","4388","internal class ResourceManager.CultureNameResourceSetPair // TypeDefIndex: 4388"
"295253","class","ResourceManager.ResourceManagerMediator","4389","internal class ResourceManager.ResourceManagerMediator // TypeDefIndex: 4389"
"295267","class","ResourceManager","4390","public class ResourceManager // TypeDefIndex: 4390"
"295322","struct","ResourceLocator","4391","internal struct ResourceLocator // TypeDefIndex: 4391"
"295351","class","ResourceReader.ResourceEnumerator","4392","internal sealed class ResourceReader.ResourceEnumerator : IDictionaryEnumerator, IEnumerator // TypeDefIndex: 4392"
"295395","class","ResourceReader","4393","public sealed class ResourceReader : IResourceReader, IEnumerable, IDisposable // TypeDefIndex: 4393"
"295497","class","ResourceSet","4394","public class ResourceSet : IDisposable, IEnumerable // TypeDefIndex: 4394"
"295552","class","AmbiguousMatchException","4395","public sealed class AmbiguousMatchException : SystemException // TypeDefIndex: 4395"
"295568","class","AssemblyCompanyAttribute","4396","public sealed class AssemblyCompanyAttribute : Attribute // TypeDefIndex: 4396"
"295582","class","AssemblyConfigurationAttribute","4397","public sealed class AssemblyConfigurationAttribute : Attribute // TypeDefIndex: 4397"
"295595","enum","AssemblyContentType","4398","public enum AssemblyContentType // TypeDefIndex: 4398"
"295605","class","AssemblyCopyrightAttribute","4399","public sealed class AssemblyCopyrightAttribute : Attribute // TypeDefIndex: 4399"
"295619","class","AssemblyDefaultAliasAttribute","4400","public sealed class AssemblyDefaultAliasAttribute : Attribute // TypeDefIndex: 4400"
"295633","class","AssemblyDelaySignAttribute","4401","public sealed class AssemblyDelaySignAttribute : Attribute // TypeDefIndex: 4401"
"295647","class","AssemblyDescriptionAttribute","4402","public sealed class AssemblyDescriptionAttribute : Attribute // TypeDefIndex: 4402"
"295661","class","AssemblyFileVersionAttribute","4403","public sealed class AssemblyFileVersionAttribute : Attribute // TypeDefIndex: 4403"
"295682","class","AssemblyInformationalVersionAttribute","4404","public sealed class AssemblyInformationalVersionAttribute : Attribute // TypeDefIndex: 4404"
"295703","class","AssemblyKeyFileAttribute","4405","public sealed class AssemblyKeyFileAttribute : Attribute // TypeDefIndex: 4405"
"295717","class","AssemblyMetadataAttribute","4406","public sealed class AssemblyMetadataAttribute : Attribute // TypeDefIndex: 4406"
"295733","enum","AssemblyNameFlags","4407","public enum AssemblyNameFlags // TypeDefIndex: 4407"
"295746","class","AssemblyProductAttribute","4408","public sealed class AssemblyProductAttribute : Attribute // TypeDefIndex: 4408"
"295760","class","AssemblyTitleAttribute","4409","public sealed class AssemblyTitleAttribute : Attribute // TypeDefIndex: 4409"
"295774","class","AssemblyTrademarkAttribute","4410","public sealed class AssemblyTrademarkAttribute : Attribute // TypeDefIndex: 4410"
"295787","class","Binder","4411","public abstract class Binder // TypeDefIndex: 4411"
"295815","enum","BindingFlags","4412","public enum BindingFlags // TypeDefIndex: 4412"
"295844","enum","CallingConventions","4413","public enum CallingConventions // TypeDefIndex: 4413"
"295857","class","ConstructorInfo","4414","public abstract class ConstructorInfo : MethodBase // TypeDefIndex: 4414"
"295900","class","CustomAttributeFormatException","4415","public class CustomAttributeFormatException : FormatException // TypeDefIndex: 4415"
"295919","class","DefaultMemberAttribute","4416","public sealed class DefaultMemberAttribute : Attribute // TypeDefIndex: 4416"
"295940","enum","EventAttributes","4417","public enum EventAttributes // TypeDefIndex: 4417"
"295951","class","EventInfo.AddEventAdapter","4418","private sealed class EventInfo.AddEventAdapter : MulticastDelegate // TypeDefIndex: 4418"
"295964","class","EventInfo","4419","public abstract class EventInfo : MemberInfo // TypeDefIndex: 4419"
"296027","enum","ExceptionHandlingClauseOptions","4420","public enum ExceptionHandlingClauseOptions // TypeDefIndex: 4420"
"296039","enum","FieldAttributes","4421","public enum FieldAttributes // TypeDefIndex: 4421"
"296066","class","FieldInfo","4422","public abstract class FieldInfo : MemberInfo // TypeDefIndex: 4422"
"296170","enum","GenericParameterAttributes","4423","public enum GenericParameterAttributes // TypeDefIndex: 4423"
"296185","interface","ICustomAttributeProvider","4424","public interface ICustomAttributeProvider // TypeDefIndex: 4424"
"296200","interface","IReflectableType","4425","public interface IReflectableType // TypeDefIndex: 4425"
"296210","class","IntrospectionExtensions","4426","public static class IntrospectionExtensions // TypeDefIndex: 4426"
"296221","class","InvalidFilterCriteriaException","4427","public class InvalidFilterCriteriaException : ApplicationException // TypeDefIndex: 4427"
"296239","class","MemberFilter","4428","public sealed class MemberFilter : MulticastDelegate // TypeDefIndex: 4428"
"296252","class","MemberInfo","4429","public abstract class MemberInfo : ICustomAttributeProvider // TypeDefIndex: 4429"
"296312","enum","MemberTypes","4430","public enum MemberTypes // TypeDefIndex: 4430"
"296329","enum","MethodAttributes","4431","public enum MethodAttributes // TypeDefIndex: 4431"
"296361","class","MethodBase","4432","public abstract class MethodBase : MemberInfo // TypeDefIndex: 4432"
"296477","enum","MethodImplAttributes","4433","public enum MethodImplAttributes // TypeDefIndex: 4433"
"296502","class","MethodInfo","4434","public abstract class MethodInfo : MethodBase // TypeDefIndex: 4434"
"296559","class","Missing","4435","public sealed class Missing : ISerializable // TypeDefIndex: 4435"
"296578","class","Module","4436","public abstract class Module : ICustomAttributeProvider, ISerializable, _Module // TypeDefIndex: 4436"
"296646","enum","ParameterAttributes","4437","public enum ParameterAttributes // TypeDefIndex: 4437"
"296665","class","ParameterInfo","4438","public class ParameterInfo : ICustomAttributeProvider, IObjectReference, _ParameterInfo // TypeDefIndex: 4438"
"296738","struct","ParameterModifier","4439","public struct ParameterModifier // TypeDefIndex: 4439"
"296746","class","Pointer","4440","public sealed class Pointer : ISerializable // TypeDefIndex: 4440"
"296765","enum","ProcessorArchitecture","4441","public enum ProcessorArchitecture // TypeDefIndex: 4441"
"296779","enum","PropertyAttributes","4442","public enum PropertyAttributes // TypeDefIndex: 4442"
"296795","class","PropertyInfo","4443","public abstract class PropertyInfo : MemberInfo // TypeDefIndex: 4443"
"296884","class","ReflectionTypeLoadException","4444","public sealed class ReflectionTypeLoadException : SystemException, ISerializable // TypeDefIndex: 4444"
"296922","class","SignatureArrayType","4445","internal sealed class SignatureArrayType : SignatureHasElementType // TypeDefIndex: 4445"
"296961","class","SignatureByRefType","4446","internal sealed class SignatureByRefType : SignatureHasElementType // TypeDefIndex: 4446"
"296996","class","SignatureConstructedGenericType","4447","internal sealed class SignatureConstructedGenericType : SignatureType // TypeDefIndex: 4447"
"297083","class","SignatureHasElementType","4448","internal abstract class SignatureHasElementType : SignatureType // TypeDefIndex: 4448"
"297173","class","SignaturePointerType","4449","internal sealed class SignaturePointerType : SignatureHasElementType // TypeDefIndex: 4449"
"297208","class","SignatureType","4450","internal abstract class SignatureType : Type // TypeDefIndex: 4450"
"297493","class","SignatureTypeExtensions","4451","internal static class SignatureTypeExtensions // TypeDefIndex: 4451"
"297536","class","TargetException","4452","public class TargetException : ApplicationException // TypeDefIndex: 4452"
"297555","class","TargetInvocationException","4453","public sealed class TargetInvocationException : ApplicationException // TypeDefIndex: 4453"
"297571","class","TargetParameterCountException","4454","public sealed class TargetParameterCountException : ApplicationException // TypeDefIndex: 4454"
"297587","enum","TypeAttributes","4455","public enum TypeAttributes // TypeDefIndex: 4455"
"297626","class","TypeDelegator","4456","public class TypeDelegator : TypeInfo // TypeDefIndex: 4456"
"297785","class","TypeFilter","4457","public sealed class TypeFilter : MulticastDelegate // TypeDefIndex: 4457"
"297797","class","TypeInfo","4458","public abstract class TypeInfo : Type, IReflectableType // TypeDefIndex: 4458"
"297830","class","RuntimeReflectionExtensions","4459","public static class RuntimeReflectionExtensions // TypeDefIndex: 4459"
"297844","struct","CustomAttributeNamedArgument","4460","public struct CustomAttributeNamedArgument // TypeDefIndex: 4460"
"297908","struct","CustomAttributeTypedArgument","4461","public struct CustomAttributeTypedArgument // TypeDefIndex: 4461"
"297961","class","MissingMetadataException","4462","public sealed class MissingMetadataException : TypeAccessException // TypeDefIndex: 4462"
"297971","class","CustomAttributeExtensions","4463","public static class CustomAttributeExtensions // TypeDefIndex: 4463"
"298051","enum","CorElementType","4464","internal enum CorElementType // TypeDefIndex: 4464"
"298132","enum","PInvokeAttributes","4465","internal enum PInvokeAttributes // TypeDefIndex: 4465"
"298162","class","MemberInfoSerializationHolder","4466","internal class MemberInfoSerializationHolder : ISerializable, IObjectReference // TypeDefIndex: 4466"
"298191","class","Assembly.ResolveEventHolder","4467","internal class Assembly.ResolveEventHolder // TypeDefIndex: 4467"
"298204","class","Assembly","4468","public class Assembly : ICustomAttributeProvider, ISerializable, _Assembly // TypeDefIndex: 4468"
"298332","class","AssemblyName","4469","public sealed class AssemblyName : ICloneable, ISerializable, IDeserializationCallback, _AssemblyName // TypeDefIndex: 4469"
"298430","class","CustomAttributeData.LazyCAttrData","4470","private class CustomAttributeData.LazyCAttrData // TypeDefIndex: 4470"
"298446","class","CustomAttributeData","4471","public class CustomAttributeData // TypeDefIndex: 4471"
"298535","class","ExceptionHandlingClause","4472","public class ExceptionHandlingClause // TypeDefIndex: 4472"
"298557","class","LocalVariableInfo","4473","public class LocalVariableInfo // TypeDefIndex: 4473"
"298578","class","RuntimeAssembly","4474","internal class RuntimeAssembly : Assembly // TypeDefIndex: 4474"
"298680","struct","MonoEventInfo","4475","internal struct MonoEventInfo // TypeDefIndex: 4475"
"298695","class","RuntimeEventInfo","4476","internal sealed class RuntimeEventInfo : EventInfo, ISerializable // TypeDefIndex: 4476"
"298783","class","RtFieldInfo","4477","internal abstract class RtFieldInfo : FieldInfo // TypeDefIndex: 4477"
"298802","class","RuntimeFieldInfo","4478","internal class RuntimeFieldInfo : RtFieldInfo, ISerializable // TypeDefIndex: 4478"
"298930","struct","MonoMethodInfo","4479","internal struct MonoMethodInfo // TypeDefIndex: 4479"
"298980","class","RuntimeMethodInfo","4480","internal class RuntimeMethodInfo : MethodInfo, ISerializable // TypeDefIndex: 4480"
"299174","class","RuntimeConstructorInfo","4481","internal class RuntimeConstructorInfo : ConstructorInfo, ISerializable // TypeDefIndex: 4481"
"299306","class","RuntimeModule","4482","internal class RuntimeModule : Module // TypeDefIndex: 4482"
"299366","class","RuntimeParameterInfo","4483","internal class RuntimeParameterInfo : ParameterInfo // TypeDefIndex: 4483"
"299417","struct","MonoPropertyInfo","4484","internal struct MonoPropertyInfo // TypeDefIndex: 4484"
"299430","enum","PInfo","4485","internal enum PInfo // TypeDefIndex: 4485"
"299443","class","RuntimePropertyInfo.GetterAdapter","4486","private sealed class RuntimePropertyInfo.GetterAdapter : MulticastDelegate // TypeDefIndex: 4486"
"299455","class","RuntimePropertyInfo.Getter","4487","private sealed class RuntimePropertyInfo.Getter<T, R> : MulticastDelegate // TypeDefIndex: 4487"
"299477","class","RuntimePropertyInfo.StaticGetter","4488","private sealed class RuntimePropertyInfo.StaticGetter<R> : MulticastDelegate // TypeDefIndex: 4488"
"299500","class","RuntimePropertyInfo","4489","internal class RuntimePropertyInfo : PropertyInfo, ISerializable // TypeDefIndex: 4489"
"299639","class","StrongNameKeyPair","4490","public class StrongNameKeyPair : ISerializable, IDeserializationCallback // TypeDefIndex: 4490"
"299660","class","AssemblyBuilder","4491","public class AssemblyBuilder : Assembly // TypeDefIndex: 4491"
"299664","class","ConstructorBuilder","4492","public class ConstructorBuilder : ConstructorInfo // TypeDefIndex: 4492"
"299713","class","DynamicMethod","4493","public sealed class DynamicMethod : MethodInfo // TypeDefIndex: 4493"
"299762","class","EnumBuilder","4494","public sealed class EnumBuilder : TypeInfo // TypeDefIndex: 4494"
"299882","class","EventBuilder","4495","public class EventBuilder // TypeDefIndex: 4495"
"299886","class","FieldBuilder","4496","public sealed class FieldBuilder : FieldInfo // TypeDefIndex: 4496"
"299933","class","GenericTypeParameterBuilder","4497","public sealed class GenericTypeParameterBuilder : TypeInfo // TypeDefIndex: 4497"
"300053","class","ILGenerator","4498","public class ILGenerator // TypeDefIndex: 4498"
"300057","class","LocalBuilder","4499","public sealed class LocalBuilder : LocalVariableInfo // TypeDefIndex: 4499"
"300067","class","MethodBuilder","4500","public sealed class MethodBuilder : MethodInfo // TypeDefIndex: 4500"
"300116","class","ModuleBuilder","4501","public class ModuleBuilder : Module // TypeDefIndex: 4501"
"300120","class","ParameterBuilder","4502","public class ParameterBuilder // TypeDefIndex: 4502"
"300124","class","PropertyBuilder","4503","public sealed class PropertyBuilder : PropertyInfo // TypeDefIndex: 4503"
"300180","class","SignatureHelper","4504","public class SignatureHelper // TypeDefIndex: 4504"
"300184","class","TypeBuilder","4505","public sealed class TypeBuilder : TypeInfo // TypeDefIndex: 4505"
"300310","class","UnmanagedMarshal","4506","public sealed class UnmanagedMarshal // TypeDefIndex: 4506"
"300319","class","ConstantHelper","4507","internal class ConstantHelper // TypeDefIndex: 4507"
"300355","struct","Register","4508","internal struct Register // TypeDefIndex: 4508"
"300427","struct","Vector.VectorSizeHelper","4509","private struct Vector.VectorSizeHelper<T> // TypeDefIndex: 4509"
"300437","struct","Vector","4510","public struct Vector<T> : IEquatable<Vector<T>>, IFormattable // TypeDefIndex: 4510"
"300758","class","Vector","4511","public static class Vector // TypeDefIndex: 4511"
"300794","class","HashHelpers","4512","internal static class HashHelpers // TypeDefIndex: 4512"
"300809","class","CharUnicodeInfo","4513","public static class CharUnicodeInfo // TypeDefIndex: 4513"
"300867","class","CompareInfo","4514","public class CompareInfo : IDeserializationCallback // TypeDefIndex: 4514"
"301087","enum","CompareOptions","4515","public enum CompareOptions // TypeDefIndex: 4515"
"301104","class","CultureNotFoundException","4516","public class CultureNotFoundException : ArgumentException // TypeDefIndex: 4516"
"301149","enum","CultureTypes","4517","public enum CultureTypes // TypeDefIndex: 4517"
"301167","enum","MonthNameStyles","4518","internal enum MonthNameStyles // TypeDefIndex: 4518"
"301178","enum","DateTimeFormatFlags","4519","internal enum DateTimeFormatFlags // TypeDefIndex: 4519"
"301193","class","DateTimeFormatInfo.TokenHashValue","4520","internal class DateTimeFormatInfo.TokenHashValue // TypeDefIndex: 4520"
"301208","class","DateTimeFormatInfo","4521","public sealed class DateTimeFormatInfo : IFormatProvider, ICloneable // TypeDefIndex: 4521"
"301639","enum","FORMATFLAGS","4522","internal enum FORMATFLAGS // TypeDefIndex: 4522"
"301653","enum","CalendarId","4523","internal enum CalendarId // TypeDefIndex: 4523"
"301685","enum","DateTimeFormatInfoScanner.FoundDatePattern","4524","private enum DateTimeFormatInfoScanner.FoundDatePattern // TypeDefIndex: 4524"
"301697","class","DateTimeFormatInfoScanner","4525","internal class DateTimeFormatInfoScanner // TypeDefIndex: 4525"
"301760","enum","DateTimeStyles","4526","public enum DateTimeStyles // TypeDefIndex: 4526"
"301778","struct","DaylightTimeStruct","4527","internal struct DaylightTimeStruct // TypeDefIndex: 4527"
"301792","struct","HebrewNumberParsingContext","4528","internal struct HebrewNumberParsingContext // TypeDefIndex: 4528"
"301805","enum","HebrewNumberParsingState","4529","internal enum HebrewNumberParsingState // TypeDefIndex: 4529"
"301816","enum","HebrewNumber.HebrewToken","4530","private enum HebrewNumber.HebrewToken // TypeDefIndex: 4530"
"301834","struct","HebrewNumber.HebrewValue","4531","private struct HebrewNumber.HebrewValue // TypeDefIndex: 4531"
"301847","enum","HebrewNumber.HS","4532","internal enum HebrewNumber.HS // TypeDefIndex: 4532"
"301873","class","HebrewNumber","4533","internal class HebrewNumber // TypeDefIndex: 4533"
"301897","enum","NumberStyles","4534","public enum NumberStyles // TypeDefIndex: 4534"
"301922","class","SortVersion","4535","public sealed class SortVersion // TypeDefIndex: 4535"
"301926","enum","TimeSpanFormat.Pattern","4536","internal enum TimeSpanFormat.Pattern // TypeDefIndex: 4536"
"301936","struct","TimeSpanFormat.FormatLiterals","4537","internal struct TimeSpanFormat.FormatLiterals // TypeDefIndex: 4537"
"301983","class","TimeSpanFormat","4538","internal static class TimeSpanFormat // TypeDefIndex: 4538"
"302014","enum","TimeSpanParse.ParseFailureKind","4539","private enum TimeSpanParse.ParseFailureKind // TypeDefIndex: 4539"
"302027","enum","TimeSpanParse.TimeSpanStandardStyles","4540","private enum TimeSpanParse.TimeSpanStandardStyles // TypeDefIndex: 4540"
"302039","enum","TimeSpanParse.TTT","4541","private enum TimeSpanParse.TTT // TypeDefIndex: 4541"
"302053","struct","TimeSpanParse.TimeSpanToken","4542","private struct TimeSpanParse.TimeSpanToken // TypeDefIndex: 4542"
"302082","struct","TimeSpanParse.TimeSpanTokenizer","4543","private struct TimeSpanParse.TimeSpanTokenizer // TypeDefIndex: 4543"
"302116","struct","TimeSpanParse.TimeSpanRawInfo","4544","private struct TimeSpanParse.TimeSpanRawInfo // TypeDefIndex: 4544"
"302202","struct","TimeSpanParse.TimeSpanResult","4545","private struct TimeSpanParse.TimeSpanResult // TypeDefIndex: 4545"
"302220","struct","TimeSpanParse.StringParser","4546","private struct TimeSpanParse.StringParser // TypeDefIndex: 4546"
"302250","class","TimeSpanParse","4547","internal static class TimeSpanParse // TypeDefIndex: 4547"
"302308","enum","TimeSpanStyles","4548","public enum TimeSpanStyles // TypeDefIndex: 4548"
"302317","enum","UnicodeCategory","4549","public enum UnicodeCategory // TypeDefIndex: 4549"
"302354","class","GlobalizationMode","4550","internal static class GlobalizationMode // TypeDefIndex: 4550"
"302379","class","Calendar","4551","public abstract class Calendar : ICloneable // TypeDefIndex: 4551"
"302496","class","CalendarData","4552","internal class CalendarData // TypeDefIndex: 4552"
"302565","class","GregorianCalendar","4553","public class GregorianCalendar : Calendar // TypeDefIndex: 4553"
"302663","class","EraInfo","4554","internal class EraInfo // TypeDefIndex: 4554"
"302689","class","GregorianCalendarHelper","4555","internal class GregorianCalendarHelper // TypeDefIndex: 4555"
"302785","enum","GregorianCalendarTypes","4556","public enum GregorianCalendarTypes // TypeDefIndex: 4556"
"302800","class","HijriCalendar","4557","public class HijriCalendar : Calendar // TypeDefIndex: 4557"
"302909","class","JapaneseCalendar","4558","public class JapaneseCalendar : Calendar // TypeDefIndex: 4558"
"303007","class","NumberFormatInfo","4559","public sealed class NumberFormatInfo : ICloneable, IFormatProvider // TypeDefIndex: 4559"
"303216","class","StringInfo","4560","public class StringInfo // TypeDefIndex: 4560"
"303274","class","TaiwanCalendar","4561","public class TaiwanCalendar : Calendar // TypeDefIndex: 4561"
"303357","class","TextInfo","4562","public class TextInfo : ICloneable, IDeserializationCallback // TypeDefIndex: 4562"
"303475","class","ThaiBuddhistCalendar","4563","public class ThaiBuddhistCalendar : Calendar // TypeDefIndex: 4563"
"303551","struct","UmAlQuraCalendar.DateMapping","4564","internal struct UmAlQuraCalendar.DateMapping // TypeDefIndex: 4564"
"303565","class","UmAlQuraCalendar","4565","public class UmAlQuraCalendar : Calendar // TypeDefIndex: 4565"
"303676","class","SortKey","4566","public class SortKey // TypeDefIndex: 4566"
"303722","interface","ISimpleCollator","4567","internal interface ISimpleCollator // TypeDefIndex: 4567"
"303746","struct","CultureData.NumberFormatEntryManaged","4568","internal struct CultureData.NumberFormatEntryManaged // TypeDefIndex: 4568"
"303775","class","CultureData","4569","internal class CultureData // TypeDefIndex: 4569"
"303963","class","CodePageDataItem","4570","internal class CodePageDataItem // TypeDefIndex: 4570"
"304001","class","EncodingTable","4571","internal static class EncodingTable // TypeDefIndex: 4571"
"304035","struct","InternalEncodingDataItem","4572","internal struct InternalEncodingDataItem // TypeDefIndex: 4572"
"304043","struct","InternalCodePageDataItem","4573","internal struct InternalCodePageDataItem // TypeDefIndex: 4573"
"304053","class","TextInfoToUpperData","4574","internal static class TextInfoToUpperData // TypeDefIndex: 4574"
"304072","class","TextInfoToLowerData","4575","internal static class TextInfoToLowerData // TypeDefIndex: 4575"
"304092","struct","CultureInfo.Data","4576","private struct CultureInfo.Data // TypeDefIndex: 4576"
"304104","class","CultureInfo.OnCultureInfoChangedDelegate","4577","private sealed class CultureInfo.OnCultureInfoChangedDelegate : MulticastDelegate // TypeDefIndex: 4577"
"304118","class","CultureInfo","4578","public class CultureInfo : ICloneable, IFormatProvider // TypeDefIndex: 4578"
"304392","class","IdnMapping","4579","public sealed class IdnMapping // TypeDefIndex: 4579"
"304445","class","Bootstring","4580","internal class Bootstring // TypeDefIndex: 4580"
"304479","class","Punycode","4581","internal class Punycode : Bootstring // TypeDefIndex: 4581"
"304490","class","RegionInfo","4582","public class RegionInfo // TypeDefIndex: 4582"
"304601","class","ConditionalAttribute","4583","public sealed class ConditionalAttribute : Attribute // TypeDefIndex: 4583"
"304615","class","StackTraceHiddenAttribute","4584","internal sealed class StackTraceHiddenAttribute : Attribute // TypeDefIndex: 4584"
"304627","class","DebuggerStepThroughAttribute","4585","public sealed class DebuggerStepThroughAttribute : Attribute // TypeDefIndex: 4585"
"304639","class","DebuggerHiddenAttribute","4586","public sealed class DebuggerHiddenAttribute : Attribute // TypeDefIndex: 4586"
"304651","class","DebuggerNonUserCodeAttribute","4587","public sealed class DebuggerNonUserCodeAttribute : Attribute // TypeDefIndex: 4587"
"304662","enum","DebuggableAttribute.DebuggingModes","4588","public enum DebuggableAttribute.DebuggingModes // TypeDefIndex: 4588"
"304676","class","DebuggableAttribute","4589","public sealed class DebuggableAttribute : Attribute // TypeDefIndex: 4589"
"304689","enum","DebuggerBrowsableState","4590","public enum DebuggerBrowsableState // TypeDefIndex: 4590"
"304701","class","DebuggerBrowsableAttribute","4591","public sealed class DebuggerBrowsableAttribute : Attribute // TypeDefIndex: 4591"
"304715","class","DebuggerTypeProxyAttribute","4592","public sealed class DebuggerTypeProxyAttribute : Attribute // TypeDefIndex: 4592"
"304729","class","DebuggerDisplayAttribute","4593","public sealed class DebuggerDisplayAttribute : Attribute // TypeDefIndex: 4593"
"304754","class","Debugger","4594","public sealed class Debugger // TypeDefIndex: 4594"
"304784","class","StackFrame","4595","public class StackFrame // TypeDefIndex: 4595"
"304841","enum","StackTrace.TraceFormat","4596","internal enum StackTrace.TraceFormat // TypeDefIndex: 4596"
"304854","class","StackTrace","4597","public class StackTrace // TypeDefIndex: 4597"
"304915","class","Contract","4598","public static class Contract // TypeDefIndex: 4598"
"304933","enum","EventLevel","4599","public enum EventLevel // TypeDefIndex: 4599"
"304947","enum","EventKeywords","4600","public enum EventKeywords // TypeDefIndex: 4600"
"304965","class","EventAttribute","4601","public sealed class EventAttribute : Attribute // TypeDefIndex: 4601"
"305037","class","EventSource","4603","public class EventSource : IDisposable // TypeDefIndex: 4603"
"305107","class","EventSourceAttribute","4604","public sealed class EventSourceAttribute : Attribute // TypeDefIndex: 4604"
"305135","class","NonEventAttribute","4605","public sealed class NonEventAttribute : Attribute // TypeDefIndex: 4605"
"305145","class","DisallowNullAttribute","4606","public sealed class DisallowNullAttribute : Attribute // TypeDefIndex: 4606"
"305155","class","MaybeNullWhenAttribute","4607","public sealed class MaybeNullWhenAttribute : Attribute // TypeDefIndex: 4607"
"305169","class","NotNullWhenAttribute","4608","public sealed class NotNullWhenAttribute : Attribute // TypeDefIndex: 4608"
"305183","class","DoesNotReturnAttribute","4609","public sealed class DoesNotReturnAttribute : Attribute // TypeDefIndex: 4609"
"305192","enum","AssemblyHashAlgorithm","4610","public enum AssemblyHashAlgorithm // TypeDefIndex: 4610"
"305205","enum","AssemblyVersionCompatibility","4611","public enum AssemblyVersionCompatibility // TypeDefIndex: 4611"
"305216","class","Comparer","4612","public sealed class Comparer : IComparer, ISerializable // TypeDefIndex: 4612"
"305243","struct","DictionaryEntry","4613","public struct DictionaryEntry // TypeDefIndex: 4613"
"305266","class","HashHelpers","4614","internal static class HashHelpers // TypeDefIndex: 4614"
"305294","interface","ICollection","4615","public interface ICollection : IEnumerable // TypeDefIndex: 4615"
"305317","interface","IComparer","4616","public interface IComparer // TypeDefIndex: 4616"
"305327","interface","IDictionary","4617","public interface IDictionary : ICollection, IEnumerable // TypeDefIndex: 4617"
"305373","interface","IDictionaryEnumerator","4618","public interface IDictionaryEnumerator : IEnumerator // TypeDefIndex: 4618"
"305393","interface","IEnumerable","4619","public interface IEnumerable // TypeDefIndex: 4619"
"305402","interface","IEnumerator","4620","public interface IEnumerator // TypeDefIndex: 4620"
"305420","interface","IEqualityComparer","4621","public interface IEqualityComparer // TypeDefIndex: 4621"
"305433","interface","IList","4622","public interface IList : ICollection, IEnumerable // TypeDefIndex: 4622"
"305477","interface","IStructuralComparable","4623","public interface IStructuralComparable // TypeDefIndex: 4623"
"305486","interface","IStructuralEquatable","4624","public interface IStructuralEquatable // TypeDefIndex: 4624"
"305498","class","ListDictionaryInternal.NodeEnumerator","4625","private class ListDictionaryInternal.NodeEnumerator : IDictionaryEnumerator, IEnumerator // TypeDefIndex: 4625"
"305537","class","ListDictionaryInternal.NodeKeyValueCollection.NodeKeyValueEnumerator","4626","private class ListDictionaryInternal.NodeKeyValueCollection.NodeKeyValueEnumerator : IEnumerator // TypeDefIndex: 4626"
"305565","class","ListDictionaryInternal.NodeKeyValueCollection","4627","private class ListDictionaryInternal.NodeKeyValueCollection : ICollection, IEnumerable // TypeDefIndex: 4627"
"305599","class","ListDictionaryInternal.DictionaryNode","4628","private class ListDictionaryInternal.DictionaryNode // TypeDefIndex: 4628"
"305615","class","ListDictionaryInternal","4629","internal class ListDictionaryInternal : IDictionary, ICollection, IEnumerable // TypeDefIndex: 4629"
"305689","class","CompatibleComparer","4630","internal sealed class CompatibleComparer : IEqualityComparer // TypeDefIndex: 4630"
"305722","class","CaseInsensitiveComparer","4631","public class CaseInsensitiveComparer : IComparer // TypeDefIndex: 4631"
"305742","class","CaseInsensitiveHashCodeProvider","4632","public class CaseInsensitiveHashCodeProvider : IHashCodeProvider // TypeDefIndex: 4632"
"305761","class","CollectionBase","4633","public abstract class CollectionBase : IList, ICollection, IEnumerable // TypeDefIndex: 4633"
"305865","class","Queue.QueueEnumerator","4634","private class Queue.QueueEnumerator : IEnumerator, ICloneable // TypeDefIndex: 4634"
"305895","class","Queue.QueueDebugView","4635","internal class Queue.QueueDebugView // TypeDefIndex: 4635"
"305902","class","Queue","4636","public class Queue : ICollection, IEnumerable, ICloneable // TypeDefIndex: 4636"
"305968","class","ReadOnlyCollectionBase","4637","public abstract class ReadOnlyCollectionBase : ICollection, IEnumerable // TypeDefIndex: 4637"
"306006","class","SortedList.SyncSortedList","4638","private class SortedList.SyncSortedList : SortedList // TypeDefIndex: 4638"
"306097","class","SortedList.SortedListEnumerator","4639","private class SortedList.SortedListEnumerator : IDictionaryEnumerator, IEnumerator, ICloneable // TypeDefIndex: 4639"
"306147","class","SortedList.KeyList","4640","private class SortedList.KeyList : IList, ICollection, IEnumerable // TypeDefIndex: 4640"
"306218","class","SortedList.ValueList","4641","private class SortedList.ValueList : IList, ICollection, IEnumerable // TypeDefIndex: 4641"
"306286","class","SortedList.SortedListDebugView","4642","internal class SortedList.SortedListDebugView // TypeDefIndex: 4642"
"306294","class","SortedList","4643","public class SortedList : IDictionary, ICollection, IEnumerable, ICloneable // TypeDefIndex: 4643"
"306424","class","Stack.StackEnumerator","4644","private class Stack.StackEnumerator : IEnumerator, ICloneable // TypeDefIndex: 4644"
"306454","class","Stack.StackDebugView","4645","internal class Stack.StackDebugView // TypeDefIndex: 4645"
"306461","class","Stack","4646","public class Stack : ICollection, IEnumerable, ICloneable // TypeDefIndex: 4646"
"306515","class","BitArray.BitArrayEnumeratorSimple","4647","private class BitArray.BitArrayEnumeratorSimple : IEnumerator, ICloneable // TypeDefIndex: 4647"
"306547","class","BitArray","4648","public sealed class BitArray : ICollection, IEnumerable, ICloneable // TypeDefIndex: 4648"
"306622","class","ArrayList.IListWrapper","4649","private class ArrayList.IListWrapper : ArrayList // TypeDefIndex: 4649"
"306720","class","ArrayList.ReadOnlyArrayList","4650","private class ArrayList.ReadOnlyArrayList : ArrayList // TypeDefIndex: 4650"
"306817","class","ArrayList.ArrayListEnumeratorSimple","4651","private sealed class ArrayList.ArrayListEnumeratorSimple : IEnumerator, ICloneable // TypeDefIndex: 4651"
"306852","class","ArrayList.ArrayListDebugView","4652","internal class ArrayList.ArrayListDebugView // TypeDefIndex: 4652"
"306860","class","ArrayList","4653","public class ArrayList : IList, ICollection, IEnumerable, ICloneable // TypeDefIndex: 4653"
"306980","struct","Hashtable.bucket","4654","private struct Hashtable.bucket // TypeDefIndex: 4654"
"306990","class","Hashtable.KeyCollection","4655","private class Hashtable.KeyCollection : ICollection, IEnumerable // TypeDefIndex: 4655"
"307023","class","Hashtable.ValueCollection","4656","private class Hashtable.ValueCollection : ICollection, IEnumerable // TypeDefIndex: 4656"
"307057","class","Hashtable.SyncHashtable","4657","private class Hashtable.SyncHashtable : Hashtable, IEnumerable // TypeDefIndex: 4657"
"307143","class","Hashtable.HashtableEnumerator","4658","private class Hashtable.HashtableEnumerator : IDictionaryEnumerator, IEnumerator, ICloneable // TypeDefIndex: 4658"
"307188","class","Hashtable.HashtableDebugView","4659","internal class Hashtable.HashtableDebugView // TypeDefIndex: 4659"
"307196","class","Hashtable","4660","public class Hashtable : IDictionary, ICollection, IEnumerable, ISerializable, IDeserializationCallback, ICloneable // TypeDefIndex: 4660"
"307356","interface","IHashCodeProvider","4661","public interface IHashCodeProvider // TypeDefIndex: 4661"
"307366","struct","ConcurrentQueue.Segment.Slot","4662","internal struct ConcurrentQueue.Segment.Slot<T> // TypeDefIndex: 4662"
"307375","class","ConcurrentQueue.Segment","4663","internal sealed class ConcurrentQueue.Segment<T> // TypeDefIndex: 4663"
"307496","class","ConcurrentQueue.","4664","private sealed class ConcurrentQueue.<Enumerate>d__28<T> : IEnumerator<T>, IDisposable, IEnumerator // TypeDefIndex: 4664"
"307629","class","ConcurrentQueue","4665","public class ConcurrentQueue<T> : IEnumerable<T>, IEnumerable, ICollection, IReadOnlyCollection<T> // TypeDefIndex: 4665"
"307953","struct","PaddedHeadAndTail","4666","internal struct PaddedHeadAndTail // TypeDefIndex: 4666"
"307962","class","CDSCollectionETWBCLProvider","4667","internal sealed class CDSCollectionETWBCLProvider : EventSource // TypeDefIndex: 4667"
"307981","class","ConcurrentDictionary.Tables","4668","private sealed class ConcurrentDictionary.Tables<TKey, TValue> // TypeDefIndex: 4668"
"308007","class","ConcurrentDictionary.Node","4669","private sealed class ConcurrentDictionary.Node<TKey, TValue> // TypeDefIndex: 4669"
"308034","class","ConcurrentDictionary.DictionaryEnumerator","4670","private sealed class ConcurrentDictionary.DictionaryEnumerator<TKey, TValue> : IDictionaryEnumerator, IEnumerator // TypeDefIndex: 4670"
"308148","class","ConcurrentDictionary.","4671","private sealed class ConcurrentDictionary.<GetEnumerator>d__35<TKey, TValue> : IEnumerator<KeyValuePair<TKey, TValue>>, IDisposable, IEnumerator // TypeDefIndex: 4671"
"308259","class","ConcurrentDictionary","4672","public class ConcurrentDictionary<TKey, TValue> : IDictionary<TKey, TValue>, ICollection<KeyValuePair<TKey, TValue>>, IEnumerable<KeyValuePair<TKey, TValue>>, IEnumerable, IDictionary, ICollection, IReadOnlyDictionary<TKey, TValue>, IReadOnlyCollection<KeyValuePair<TKey, TValue>> // TypeDefIndex: 4672"
"309192","class","IDictionaryDebugView","4673","internal sealed class IDictionaryDebugView<K, V> // TypeDefIndex: 4673"
"309197","class","ConcurrentStack.Node","4674","private class ConcurrentStack.Node<T> // TypeDefIndex: 4674"
"309216","class","ConcurrentStack.","4675","private sealed class ConcurrentStack.<GetEnumerator>d__35<T> : IEnumerator<T>, IDisposable, IEnumerator // TypeDefIndex: 4675"
"309288","class","ConcurrentStack","4676","public class ConcurrentStack<T> : IEnumerable<T>, IEnumerable, ICollection, IReadOnlyCollection<T> // TypeDefIndex: 4676"
"309399","class","IProducerConsumerCollectionDebugView","4677","internal sealed class IProducerConsumerCollectionDebugView<T> // TypeDefIndex: 4677"
"309407","class","Collection","4678","public class Collection<T> : IList<T>, ICollection<T>, IEnumerable<T>, IEnumerable, IList, ICollection, IReadOnlyList<T>, IReadOnlyCollection<T> // TypeDefIndex: 4678"
"309805","class","ReadOnlyCollection","4679","public class ReadOnlyCollection<T> : IList<T>, ICollection<T>, IEnumerable<T>, IEnumerable, IList, ICollection, IReadOnlyList<T>, IReadOnlyCollection<T> // TypeDefIndex: 4679"
"335815","class","KeyedCollection","4680","public abstract class KeyedCollection<TKey, TItem> : Collection<TItem> // TypeDefIndex: 4680"
"336006","struct","ReadOnlyDictionary.DictionaryEnumerator","4681","private struct ReadOnlyDictionary.DictionaryEnumerator<TKey, TValue> : IDictionaryEnumerator, IEnumerator // TypeDefIndex: 4681"
"336102","class","ReadOnlyDictionary.KeyCollection","4682","public sealed class ReadOnlyDictionary.KeyCollection<TKey, TValue> : ICollection<TKey>, IEnumerable<TKey>, IEnumerable, ICollection, IReadOnlyCollection<TKey> // TypeDefIndex: 4682"
"336275","class","ReadOnlyDictionary.ValueCollection","4683","public sealed class ReadOnlyDictionary.ValueCollection<TKey, TValue> : ICollection<TValue>, IEnumerable<TValue>, IEnumerable, ICollection, IReadOnlyCollection<TValue> // TypeDefIndex: 4683"
"336449","class","ReadOnlyDictionary","4684","public class ReadOnlyDictionary<TKey, TValue> : IDictionary<TKey, TValue>, ICollection<KeyValuePair<TKey, TValue>>, IEnumerable<KeyValuePair<TKey, TValue>>, IEnumerable, IDictionary, ICollection, IReadOnlyDictionary<TKey, TValue>, IReadOnlyCollection<KeyValuePair<TKey, TValue>> // TypeDefIndex: 4684"
"336898","class","ReadOnlyDictionaryHelpers","4685","internal static class ReadOnlyDictionaryHelpers // TypeDefIndex: 4685"
"336915","enum","InsertionBehavior","4686","internal enum InsertionBehavior // TypeDefIndex: 4686"
"336925","struct","Dictionary.Entry","4687","private struct Dictionary.Entry<TKey, TValue> // TypeDefIndex: 4687"
"336936","struct","Dictionary.Enumerator","4688","public struct Dictionary.Enumerator<TKey, TValue> : IEnumerator<KeyValuePair<TKey, TValue>>, IDisposable, IEnumerator, IDictionaryEnumerator // TypeDefIndex: 4688"
"342375","struct","Dictionary.KeyCollection.Enumerator","4689","public struct Dictionary.KeyCollection.Enumerator<TKey, TValue> : IEnumerator<TKey>, IDisposable, IEnumerator // TypeDefIndex: 4689"
"346006","class","Dictionary.KeyCollection","4690","public sealed class Dictionary.KeyCollection<TKey, TValue> : ICollection<TKey>, IEnumerable<TKey>, IEnumerable, ICollection, IReadOnlyCollection<TKey> // TypeDefIndex: 4690"
"354450","struct","Dictionary.ValueCollection.Enumerator","4691","public struct Dictionary.ValueCollection.Enumerator<TKey, TValue> : IEnumerator<TValue>, IDisposable, IEnumerator // TypeDefIndex: 4691"
"358081","class","Dictionary.ValueCollection","4692","public sealed class Dictionary.ValueCollection<TKey, TValue> : ICollection<TValue>, IEnumerable<TValue>, IEnumerable, ICollection, IReadOnlyCollection<TValue> // TypeDefIndex: 4692"
"366528","class","Dictionary","4693","public class Dictionary<TKey, TValue> : IDictionary<TKey, TValue>, ICollection<KeyValuePair<TKey, TValue>>, IEnumerable<KeyValuePair<TKey, TValue>>, IEnumerable, IDictionary, ICollection, IReadOnlyDictionary<TKey, TValue>, IReadOnlyCollection<KeyValuePair<TKey, TValue>>, ISerializable, IDeserializationCallback // TypeDefIndex: 4693"
"399674","interface","ICollection","4694","public interface ICollection<T> : IEnumerable<T>, IEnumerable // TypeDefIndex: 4694"
"399740","class","ICollectionDebugView","4695","internal sealed class ICollectionDebugView<T> // TypeDefIndex: 4695"
"399744","interface","IComparer","4696","public interface IComparer<T> // TypeDefIndex: 4696"
"399759","interface","IDictionary","4697","public interface IDictionary<TKey, TValue> : ICollection<KeyValuePair<TKey, TValue>>, IEnumerable<KeyValuePair<TKey, TValue>>, IEnumerable // TypeDefIndex: 4697"
"399834","class","IDictionaryDebugView","4698","internal sealed class IDictionaryDebugView<K, V> // TypeDefIndex: 4698"
"399838","class","DictionaryKeyCollectionDebugView","4699","internal sealed class DictionaryKeyCollectionDebugView<TKey, TValue> // TypeDefIndex: 4699"
"399842","class","DictionaryValueCollectionDebugView","4700","internal sealed class DictionaryValueCollectionDebugView<TKey, TValue> // TypeDefIndex: 4700"
"399846","interface","IEnumerable","4701","public interface IEnumerable<T> : IEnumerable // TypeDefIndex: 4701"
"399860","interface","IEnumerator","4702","public interface IEnumerator<T> : IDisposable, IEnumerator // TypeDefIndex: 4702"
"399877","interface","IEqualityComparer","4703","public interface IEqualityComparer<T> // TypeDefIndex: 4703"
"399900","interface","IList","4704","public interface IList<T> : ICollection<T>, IEnumerable<T>, IEnumerable // TypeDefIndex: 4704"
"399949","interface","IReadOnlyCollection","4705","public interface IReadOnlyCollection<T> : IEnumerable<T>, IEnumerable // TypeDefIndex: 4705"
"399967","interface","IReadOnlyDictionary","4706","public interface IReadOnlyDictionary<TKey, TValue> : IReadOnlyCollection<KeyValuePair<TKey, TValue>>, IEnumerable<KeyValuePair<TKey, TValue>>, IEnumerable // TypeDefIndex: 4706"
"400019","interface","IReadOnlyList","4707","public interface IReadOnlyList<T> : IReadOnlyCollection<T>, IEnumerable<T>, IEnumerable // TypeDefIndex: 4707"
"400037","class","KeyNotFoundException","4708","public class KeyNotFoundException : SystemException // TypeDefIndex: 4708"
"400052","class","KeyValuePair","4709","public static class KeyValuePair // TypeDefIndex: 4709"
"400063","struct","KeyValuePair","4710","public struct KeyValuePair<TKey, TValue> // TypeDefIndex: 4710"
"403148","struct","List.Enumerator","4711","public struct List.Enumerator<T> : IEnumerator<T>, IDisposable, IEnumerator // TypeDefIndex: 4711"
"408810","class","List","4712","public class List<T> : IList<T>, ICollection<T>, IEnumerable<T>, IEnumerable, IList, ICollection, IReadOnlyList<T>, IReadOnlyCollection<T> // TypeDefIndex: 4712"
"460435","struct","ValueListBuilder","4713","internal struct ValueListBuilder<T> // TypeDefIndex: 4713"
"460516","struct","ArrayBuilder","4714","internal struct ArrayBuilder<T> // TypeDefIndex: 4714"
"460597","class","EnumerableHelpers","4715","internal static class EnumerableHelpers // TypeDefIndex: 4715"
"460673","struct","LargeArrayBuilder","4716","internal struct LargeArrayBuilder<T> // TypeDefIndex: 4716"
"460786","class","LowLevelDictionary.Entry","4717","private sealed class LowLevelDictionary.Entry<TKey, TValue> // TypeDefIndex: 4717"
"460808","class","LowLevelDictionary.DefaultComparer","4718","private sealed class LowLevelDictionary.DefaultComparer<TKey, TValue, T> : IEqualityComparer<T> // TypeDefIndex: 4718"
"460848","class","LowLevelDictionary","4719","internal class LowLevelDictionary<TKey, TValue> // TypeDefIndex: 4719"
"460963","class","CollectionExtensions","4720","public static class CollectionExtensions // TypeDefIndex: 4720"
"460994","struct","Queue.Enumerator","4721","public struct Queue.Enumerator<T> : IEnumerator<T>, IDisposable, IEnumerator // TypeDefIndex: 4721"
"461259","class","Queue","4722","public class Queue<T> : IEnumerable<T>, IEnumerable, ICollection, IReadOnlyCollection<T> // TypeDefIndex: 4722"
"461943","class","QueueDebugView","4723","internal sealed class QueueDebugView<T> // TypeDefIndex: 4723"
"461948","struct","Stack.Enumerator","4724","public struct Stack.Enumerator<T> : IEnumerator<T>, IDisposable, IEnumerator // TypeDefIndex: 4724"
"462381","class","Stack","4725","public class Stack<T> : IEnumerable<T>, IEnumerable, ICollection, IReadOnlyCollection<T> // TypeDefIndex: 4725"
"463519","class","StackDebugView","4726","internal sealed class StackDebugView<T> // TypeDefIndex: 4726"
"463523","class","CollectionDebugView","4727","internal sealed class CollectionDebugView<T> // TypeDefIndex: 4727"
"463527","class","DictionaryDebugView","4728","internal sealed class DictionaryDebugView<K, V> // TypeDefIndex: 4728"
"463533","class","LowLevelList","4729","internal class LowLevelList<T> // TypeDefIndex: 4729"
"463770","struct","LowLevelListWithIList.Enumerator","4730","private struct LowLevelListWithIList.Enumerator<T> : IEnumerator<T>, IDisposable, IEnumerator // TypeDefIndex: 4730"
"463863","class","LowLevelListWithIList","4731","internal sealed class LowLevelListWithIList<T> : LowLevelList<T>, IList<T>, ICollection<T>, IEnumerable<T>, IEnumerable // TypeDefIndex: 4731"
"463927","class","IntrospectiveSortUtilities","4732","internal static class IntrospectiveSortUtilities // TypeDefIndex: 4732"
"463939","class","ArraySortHelper","4733","internal class ArraySortHelper<T> // TypeDefIndex: 4733"
"476176","class","ArraySortHelper","4734","internal class ArraySortHelper<TKey, TValue> // TypeDefIndex: 4734"
"476394","class","Comparer","4735","public abstract class Comparer<T> : IComparer, IComparer<T> // TypeDefIndex: 4735"
"479783","class","GenericComparer","4736","internal class GenericComparer<T> : Comparer<T> // TypeDefIndex: 4736"
"480206","class","NullableComparer","4737","internal class NullableComparer<T> : Comparer<Nullable<T>> // TypeDefIndex: 4737"
"480269","class","ObjectComparer","4738","internal class ObjectComparer<T> : Comparer<T> // TypeDefIndex: 4738"
"483645","class","EqualityComparer","4739","public abstract class EqualityComparer<T> : IEqualityComparer, IEqualityComparer<T> // TypeDefIndex: 4739"
"491752","class","GenericEqualityComparer","4740","internal class GenericEqualityComparer<T> : EqualityComparer<T> // TypeDefIndex: 4740"
"494461","class","NullableEqualityComparer","4741","internal class NullableEqualityComparer<T> : EqualityComparer<Nullable<T>> // TypeDefIndex: 4741"
"494860","class","ObjectEqualityComparer","4742","internal class ObjectEqualityComparer<T> : EqualityComparer<T> // TypeDefIndex: 4742"
"502945","class","ByteEqualityComparer","4743","internal class ByteEqualityComparer : EqualityComparer<byte> // TypeDefIndex: 4743"
"502973","class","EnumEqualityComparer","4744","internal class EnumEqualityComparer<T> : EqualityComparer<T>, ISerializable // TypeDefIndex: 4744"
"503099","class","SByteEnumEqualityComparer","4745","internal sealed class SByteEnumEqualityComparer<T> : EnumEqualityComparer<T>, ISerializable // TypeDefIndex: 4745"
"503130","class","ShortEnumEqualityComparer","4746","internal sealed class ShortEnumEqualityComparer<T> : EnumEqualityComparer<T>, ISerializable // TypeDefIndex: 4746"
"503161","class","LongEnumEqualityComparer","4747","internal sealed class LongEnumEqualityComparer<T> : EqualityComparer<T>, ISerializable // TypeDefIndex: 4747"
"503245","class","InternalStringComparer","4748","internal sealed class InternalStringComparer : EqualityComparer<string> // TypeDefIndex: 4748"
"503263","class","SpanAction","4749","public sealed class SpanAction<T, TArg> : MulticastDelegate // TypeDefIndex: 4749"
"503309","class","ArrayPool","4750","public abstract class ArrayPool<T> // TypeDefIndex: 4750"
"503399","enum","ArrayPoolEventSource.BufferAllocatedReason","4751","internal enum ArrayPoolEventSource.BufferAllocatedReason // TypeDefIndex: 4751"
"503410","class","ArrayPoolEventSource","4752","internal sealed class ArrayPoolEventSource : EventSource // TypeDefIndex: 4752"
"503445","interface","IMemoryOwner","4753","public interface IMemoryOwner<T> : IDisposable // TypeDefIndex: 4753"
"503462","interface","IPinnable","4754","public interface IPinnable // TypeDefIndex: 4754"
"503471","struct","MemoryHandle","4755","public struct MemoryHandle : IDisposable // TypeDefIndex: 4755"
"503496","class","MemoryManager","4756","public abstract class MemoryManager<T> // TypeDefIndex: 4756"
"503535","enum","TlsOverPerCoreLockedStacksArrayPool.MemoryPressure","4757","private enum TlsOverPerCoreLockedStacksArrayPool.MemoryPressure<T> // TypeDefIndex: 4757"
"503545","class","TlsOverPerCoreLockedStacksArrayPool.PerCoreLockedStacks","4758","private sealed class TlsOverPerCoreLockedStacksArrayPool.PerCoreLockedStacks<T> // TypeDefIndex: 4758"
"503634","class","TlsOverPerCoreLockedStacksArrayPool.LockedStack","4759","private sealed class TlsOverPerCoreLockedStacksArrayPool.LockedStack<T> // TypeDefIndex: 4759"
"503725","class","TlsOverPerCoreLockedStacksArrayPool","4760","internal sealed class TlsOverPerCoreLockedStacksArrayPool<T> : ArrayPool<T> // TypeDefIndex: 4760"
"503943","class","Utilities","4761","internal static class Utilities // TypeDefIndex: 4761"
"503955","class","ArrayMemoryPool.ArrayMemoryPoolBuffer","4762","private sealed class ArrayMemoryPool.ArrayMemoryPoolBuffer<T> : IMemoryOwner<T>, IDisposable // TypeDefIndex: 4762"
"504000","class","ArrayMemoryPool","4763","internal sealed class ArrayMemoryPool<T> : MemoryPool<T> // TypeDefIndex: 4763"
"504039","class","MemoryPool","4764","public abstract class MemoryPool<T> : IDisposable // TypeDefIndex: 4764"
"504111","class","BinaryPrimitives","4765","public static class BinaryPrimitives // TypeDefIndex: 4765"
"504128","class","FormattingHelpers","4766","internal static class FormattingHelpers // TypeDefIndex: 4766"
"504143","class","FileSystem","4767","internal static class FileSystem // TypeDefIndex: 4767"
"504192","class","DirectoryNotFoundException","4768","public class DirectoryNotFoundException : IOException // TypeDefIndex: 4768"
"504208","class","EndOfStreamException","4769","public class EndOfStreamException : IOException // TypeDefIndex: 4769"
"504223","class","Error","4770","internal static class Error // TypeDefIndex: 4770"
"504242","enum","FileAccess","4771","public enum FileAccess // TypeDefIndex: 4771"
"504253","class","FileLoadException","4772","public class FileLoadException : IOException // TypeDefIndex: 4772"
"504299","enum","FileMode","4773","public enum FileMode // TypeDefIndex: 4773"
"504313","class","FileNotFoundException","4774","public class FileNotFoundException : IOException // TypeDefIndex: 4774"
"504363","enum","FileOptions","4775","public enum FileOptions // TypeDefIndex: 4775"
"504378","enum","FileShare","4776","public enum FileShare // TypeDefIndex: 4776"
"504392","class","IOException","4777","public class IOException : SystemException // TypeDefIndex: 4777"
"504414","class","MemoryStream","4778","public class MemoryStream : Stream // TypeDefIndex: 4778"
"504563","class","PathInternal","4779","internal static class PathInternal // TypeDefIndex: 4779"
"504609","class","PathTooLongException","4780","public class PathTooLongException : IOException // TypeDefIndex: 4780"
"504624","class","PinnedBufferMemoryStream","4781","internal sealed class PinnedBufferMemoryStream : UnmanagedMemoryStream // TypeDefIndex: 4781"
"504649","enum","SeekOrigin","4782","public enum SeekOrigin // TypeDefIndex: 4782"
"504659","class","StreamHelpers","4783","internal static class StreamHelpers // TypeDefIndex: 4783"
"504668","class","StreamReader.NullStreamReader","4784","private class StreamReader.NullStreamReader : StreamReader // TypeDefIndex: 4784"
"504709","struct","StreamReader.","4785","private struct StreamReader.<ReadLineAsyncInternal>d__61 : IAsyncStateMachine // TypeDefIndex: 4785"
"504731","struct","StreamReader.","4786","private struct StreamReader.<ReadToEndAsyncInternal>d__63 : IAsyncStateMachine // TypeDefIndex: 4786"
"504752","struct","StreamReader.","4787","private struct StreamReader.<ReadAsyncInternal>d__66 : IAsyncStateMachine // TypeDefIndex: 4787"
"504781","struct","StreamReader.","4788","private struct StreamReader.<ReadBufferAsync>d__69 : IAsyncStateMachine // TypeDefIndex: 4788"
"504803","class","StreamReader","4789","public class StreamReader : TextReader // TypeDefIndex: 4789"
"504957","class","StreamWriter","4790","public class StreamWriter : TextWriter // TypeDefIndex: 4790"
"505066","class","TextReader.NullTextReader","4791","private sealed class TextReader.NullTextReader : TextReader // TypeDefIndex: 4791"
"505082","class","TextReader.SyncTextReader","4792","internal sealed class TextReader.SyncTextReader : TextReader // TypeDefIndex: 4792"
"505123","class","TextReader.","4793","private sealed class TextReader.<>c // TypeDefIndex: 4793"
"505147","struct","TextReader.","4794","private struct TextReader.<ReadToEndAsync>d__14 : IAsyncStateMachine // TypeDefIndex: 4794"
"505169","class","TextReader","4795","public abstract class TextReader : MarshalByRefObject, IDisposable // TypeDefIndex: 4795"
"505225","class","TextWriter.NullTextWriter","4796","private sealed class TextWriter.NullTextWriter : TextWriter // TypeDefIndex: 4796"
"505259","class","TextWriter.SyncTextWriter","4797","internal sealed class TextWriter.SyncTextWriter : TextWriter, IDisposable // TypeDefIndex: 4797"
"505319","class","TextWriter","4798","public abstract class TextWriter : MarshalByRefObject, IDisposable // TypeDefIndex: 4798"
"505394","class","UnmanagedMemoryStream","4799","public class UnmanagedMemoryStream : Stream // TypeDefIndex: 4799"
"505513","class","DriveNotFoundException","4800","public class DriveNotFoundException : IOException // TypeDefIndex: 4800"
"505528","class","Directory","4801","public static class Directory // TypeDefIndex: 4801"
"505586","class","DirectoryInfo","4802","public sealed class DirectoryInfo : FileSystemInfo // TypeDefIndex: 4802"
"505625","class","EnumerationOptions","4803","public class EnumerationOptions // TypeDefIndex: 4803"
"505724","struct","File.","4804","private struct File.<InternalReadAllBytesAsync>d__71 : IAsyncStateMachine // TypeDefIndex: 4804"
"505749","struct","File.","4805","private struct File.<InternalReadAllBytesUnknownLengthAsync>d__72 : IAsyncStateMachine // TypeDefIndex: 4805"
"505771","class","File","4806","public static class File // TypeDefIndex: 4806"
"505864","class","FileInfo","4807","public sealed class FileInfo : FileSystemInfo // TypeDefIndex: 4807"
"505915","struct","FileStatus","4808","internal struct FileStatus // TypeDefIndex: 4808"
"505984","class","FileSystemInfo","4809","public abstract class FileSystemInfo : MarshalByRefObject, ISerializable // TypeDefIndex: 4809"
"506103","enum","MatchCasing","4810","public enum MatchCasing // TypeDefIndex: 4810"
"506113","enum","MatchType","4811","public enum MatchType // TypeDefIndex: 4811"
"506122","enum","SearchOption","4812","public enum SearchOption // TypeDefIndex: 4812"
"506131","enum","SearchTarget","4813","internal enum SearchTarget // TypeDefIndex: 4813"
"506142","enum","FileAttributes","4814","public enum FileAttributes // TypeDefIndex: 4814"
"506165","struct","Stream.ReadWriteParameters","4815","private struct Stream.ReadWriteParameters // TypeDefIndex: 4815"
"506174","class","Stream.ReadWriteTask","4816","private sealed class Stream.ReadWriteTask : Task<int>, ITaskCompletionAction // TypeDefIndex: 4816"
"506209","class","Stream.NullStream","4817","private sealed class Stream.NullStream : Stream // TypeDefIndex: 4817"
"506311","class","Stream.SynchronousAsyncResult.","4818","private sealed class Stream.SynchronousAsyncResult.<>c // TypeDefIndex: 4818"
"506330","class","Stream.SynchronousAsyncResult","4819","private sealed class Stream.SynchronousAsyncResult : IAsyncResult // TypeDefIndex: 4819"
"506382","class","Stream.","4820","private sealed class Stream.<>c // TypeDefIndex: 4820"
"506434","struct","Stream.","4821","private struct Stream.<CopyToAsyncInternal>d__28 : IAsyncStateMachine // TypeDefIndex: 4821"
"506459","struct","Stream.","4822","private struct Stream.<FinishWriteAsync>d__57 : IAsyncStateMachine // TypeDefIndex: 4822"
"506480","struct","Stream.","4823","private struct Stream.<<ReadAsync>g__FinishReadAsync|44_0>d : IAsyncStateMachine // TypeDefIndex: 4823"
"506502","class","Stream","4824","public abstract class Stream : MarshalByRefObject, IDisposable // TypeDefIndex: 4824"
"506701","class","__Error","4825","internal static class __Error // TypeDefIndex: 4825"
"506726","class","BinaryReader","4826","public class BinaryReader : IDisposable // TypeDefIndex: 4826"
"506843","class","BinaryWriter","4827","public class BinaryWriter : IDisposable // TypeDefIndex: 4827"
"506934","class","StringReader","4828","public class StringReader : TextReader // TypeDefIndex: 4828"
"506979","class","StringWriter","4829","public class StringWriter : TextWriter // TypeDefIndex: 4829"
"507026","class","FileStream.ReadDelegate","4830","private sealed class FileStream.ReadDelegate : MulticastDelegate // TypeDefIndex: 4830"
"507044","class","FileStream.WriteDelegate","4831","private sealed class FileStream.WriteDelegate : MulticastDelegate // TypeDefIndex: 4831"
"507063","class","FileStream","4832","public class FileStream : Stream // TypeDefIndex: 4832"
"507239","class","FileStreamAsyncResult","4833","internal class FileStreamAsyncResult : IAsyncResult // TypeDefIndex: 4833"
"507280","enum","MonoFileType","4834","internal enum MonoFileType // TypeDefIndex: 4834"
"507292","class","MonoIO","4835","internal static class MonoIO // TypeDefIndex: 4835"
"507407","enum","MonoIOError","4836","internal enum MonoIOError // TypeDefIndex: 4836"
"507441","struct","MonoIOStat","4837","internal struct MonoIOStat // TypeDefIndex: 4837"
"507454","class","Path.","4838","private sealed class Path.<>c // TypeDefIndex: 4838"
"507480","class","Path","4839","public static class Path // TypeDefIndex: 4839"
"507589","class","UnexceptionalStreamReader","4840","internal class UnexceptionalStreamReader : StreamReader // TypeDefIndex: 4840"
"507623","class","UnexceptionalStreamWriter","4841","internal class UnexceptionalStreamWriter : StreamWriter // TypeDefIndex: 4841"
"507647","class","CStreamReader","4842","internal class CStreamReader : StreamReader // TypeDefIndex: 4842"
"507674","class","CStreamWriter","4843","internal class CStreamWriter : StreamWriter // TypeDefIndex: 4843"
"507711","class","MonoLinqHelper","4844","internal static class MonoLinqHelper // TypeDefIndex: 4844"
"507731","struct","FileSystemEntry.","4845","public struct FileSystemEntry.<_fileNameBuffer>e__FixedBuffer // TypeDefIndex: 4845"
"507740","struct","FileSystemEntry","4846","public struct FileSystemEntry // TypeDefIndex: 4846"
"507822","class","FileSystemEnumerable.FindPredicate","4847","public sealed class FileSystemEnumerable.FindPredicate<TResult> : MulticastDelegate // TypeDefIndex: 4847"
"507850","class","FileSystemEnumerable.FindTransform","4848","public sealed class FileSystemEnumerable.FindTransform<TResult> : MulticastDelegate // TypeDefIndex: 4848"
"507878","class","FileSystemEnumerable.DelegateEnumerator","4849","private sealed class FileSystemEnumerable.DelegateEnumerator<TResult> : FileSystemEnumerator<TResult> // TypeDefIndex: 4849"
"507931","class","FileSystemEnumerable","4850","public class FileSystemEnumerable<TResult> : IEnumerable<TResult>, IEnumerable // TypeDefIndex: 4850"
"508021","class","FileSystemEnumerableFactory.","4851","private sealed class FileSystemEnumerableFactory.<>c__DisplayClass3_0 // TypeDefIndex: 4851"
"508039","class","FileSystemEnumerableFactory.","4852","private sealed class FileSystemEnumerableFactory.<>c // TypeDefIndex: 4852"
"508079","class","FileSystemEnumerableFactory.","4853","private sealed class FileSystemEnumerableFactory.<>c__DisplayClass4_0 // TypeDefIndex: 4853"
"508096","class","FileSystemEnumerableFactory.","4854","private sealed class FileSystemEnumerableFactory.<>c__DisplayClass5_0 // TypeDefIndex: 4854"
"508113","class","FileSystemEnumerableFactory.","4855","private sealed class FileSystemEnumerableFactory.<>c__DisplayClass6_0 // TypeDefIndex: 4855"
"508130","class","FileSystemEnumerableFactory.","4856","private sealed class FileSystemEnumerableFactory.<>c__DisplayClass7_0 // TypeDefIndex: 4856"
"508147","class","FileSystemEnumerableFactory.","4857","private sealed class FileSystemEnumerableFactory.<>c__DisplayClass8_0 // TypeDefIndex: 4857"
"508163","class","FileSystemEnumerableFactory","4858","internal static class FileSystemEnumerableFactory // TypeDefIndex: 4858"
"508199","class","FileSystemEnumerator","4859","public abstract class FileSystemEnumerator<TResult> : CriticalFinalizerObject, IEnumerator<TResult>, IDisposable, IEnumerator // TypeDefIndex: 4859"
"508473","class","FileSystemName","4860","public static class FileSystemName // TypeDefIndex: 4860"
"508851","class","ThrowStub","4917","internal sealed class ThrowStub : ObjectDisposedException // TypeDefIndex: 4917"
"508866","class","EmbeddedAttribute","4919","internal sealed class EmbeddedAttribute : Attribute // TypeDefIndex: 4919"
"508877","class","IsUnmanagedAttribute","4920","internal sealed class IsUnmanagedAttribute : Attribute // TypeDefIndex: 4920"
"508887","class","AlignmentUtils","4921","public static class AlignmentUtils // TypeDefIndex: 4921"
"508903","class","AtlasBase","4922","internal abstract class AtlasBase // TypeDefIndex: 4922"
"508949","enum","DynamicAtlasFilters","4923","public enum DynamicAtlasFilters // TypeDefIndex: 4923"
"508962","class","DynamicAtlasCustomFilter","4924","public sealed class DynamicAtlasCustomFilter : MulticastDelegate // TypeDefIndex: 4924"
"508974","class","DynamicAtlas.TextureInfo","4925","internal class DynamicAtlas.TextureInfo : LinkedPoolItem<DynamicAtlas.TextureInfo> // TypeDefIndex: 4925"
"508999","class","DynamicAtlas","4926","internal class DynamicAtlas : AtlasBase // TypeDefIndex: 4926"
"509083","class","BackgroundPosition.PropertyBag.KeywordProperty","4927","private class BackgroundPosition.PropertyBag.KeywordProperty : Property<BackgroundPosition, BackgroundPositionKeyword> // TypeDefIndex: 4927"
"509118","class","BackgroundPosition.PropertyBag.OffsetProperty","4928","private class BackgroundPosition.PropertyBag.OffsetProperty : Property<BackgroundPosition, Length> // TypeDefIndex: 4928"
"509153","class","BackgroundPosition.PropertyBag","4929","internal class BackgroundPosition.PropertyBag : ContainerPropertyBag<BackgroundPosition> // TypeDefIndex: 4929"
"509162","struct","BackgroundPosition","4930","public struct BackgroundPosition : IEquatable<BackgroundPosition> // TypeDefIndex: 4930"
"509199","class","BackgroundPropertyHelper","4931","public static class BackgroundPropertyHelper // TypeDefIndex: 4931"
"509217","class","BackgroundRepeat.PropertyBag.XProperty","4932","private class BackgroundRepeat.PropertyBag.XProperty : Property<BackgroundRepeat, Repeat> // TypeDefIndex: 4932"
"509252","class","BackgroundRepeat.PropertyBag.YProperty","4933","private class BackgroundRepeat.PropertyBag.YProperty : Property<BackgroundRepeat, Repeat> // TypeDefIndex: 4933"
"509287","class","BackgroundRepeat.PropertyBag","4934","internal class BackgroundRepeat.PropertyBag : ContainerPropertyBag<BackgroundRepeat> // TypeDefIndex: 4934"
"509296","struct","BackgroundRepeat","4935","public struct BackgroundRepeat : IEquatable<BackgroundRepeat> // TypeDefIndex: 4935"
"509330","class","BackgroundSize.PropertyBag.SizeTypeProperty","4936","private class BackgroundSize.PropertyBag.SizeTypeProperty : Property<BackgroundSize, BackgroundSizeType> // TypeDefIndex: 4936"
"509365","class","BackgroundSize.PropertyBag.XProperty","4937","private class BackgroundSize.PropertyBag.XProperty : Property<BackgroundSize, Length> // TypeDefIndex: 4937"
"509400","class","BackgroundSize.PropertyBag.YProperty","4938","private class BackgroundSize.PropertyBag.YProperty : Property<BackgroundSize, Length> // TypeDefIndex: 4938"
"509435","class","BackgroundSize.PropertyBag","4939","internal class BackgroundSize.PropertyBag : ContainerPropertyBag<BackgroundSize> // TypeDefIndex: 4939"
"509444","struct","BackgroundSize","4940","public struct BackgroundSize : IEquatable<BackgroundSize> // TypeDefIndex: 4940"
"509506","class","BindableElement.UxmlFactory","4941","public class BindableElement.UxmlFactory : UxmlFactory<BindableElement, BindableElement.UxmlTraits> // TypeDefIndex: 4941"
"509516","class","BindableElement.UxmlTraits","4942","public class BindableElement.UxmlTraits : VisualElement.UxmlTraits // TypeDefIndex: 4942"
"509531","class","BindableElement","4943","public class BindableElement : VisualElement, IBindable // TypeDefIndex: 4943"
"509563","class","Binding.UxmlSerializedData","4944","public abstract class Binding.UxmlSerializedData : UxmlSerializedData // TypeDefIndex: 4944"
"509594","class","Binding","4945","public abstract class Binding // TypeDefIndex: 4945"
"509654","enum","BindingUpdateTrigger","4946","public enum BindingUpdateTrigger // TypeDefIndex: 4946"
"509665","struct","BindingActivationContext","4947","public struct BindingActivationContext // TypeDefIndex: 4947"
"509679","struct","BindingContext","4948","public struct BindingContext // TypeDefIndex: 4948"
"509712","enum","BindingStatus","4949","public enum BindingStatus // TypeDefIndex: 4949"
"509723","struct","BindingResult","4950","public struct BindingResult // TypeDefIndex: 4950"
"509753","struct","BindingTarget","4951","internal struct BindingTarget // TypeDefIndex: 4951"
"509766","class","BindingUpdater.CastDataSourceVisitor","4952","private sealed class BindingUpdater.CastDataSourceVisitor : ConcreteTypeVisitor // TypeDefIndex: 4952"
"509826","class","BindingUpdater.UIPathVisitor","4953","private sealed class BindingUpdater.UIPathVisitor : PathVisitor // TypeDefIndex: 4953"
"509898","class","BindingUpdater","4954","internal class BindingUpdater // TypeDefIndex: 4954"
"509967","class","ConverterGroup","4955","public class ConverterGroup // TypeDefIndex: 4955"
"510052","class","TypeConverterRegistry.ConverterKeyComparer","4956","private class TypeConverterRegistry.ConverterKeyComparer : IEqualityComparer<TypeConverterRegistry.ConverterKey> // TypeDefIndex: 4956"
"510068","struct","TypeConverterRegistry.ConverterKey","4957","private struct TypeConverterRegistry.ConverterKey // TypeDefIndex: 4957"
"510082","struct","TypeConverterRegistry","4958","internal struct TypeConverterRegistry : IEqualityComparer<TypeConverterRegistry> // TypeDefIndex: 4958"
"510121","class","ConverterGroups.","4959","private sealed class ConverterGroups.<>c // TypeDefIndex: 4959"
"510732","class","ConverterGroups","4960","public static class ConverterGroups // TypeDefIndex: 4960"
"511117","class","CustomBinding.UxmlSerializedData","4961","public abstract class CustomBinding.UxmlSerializedData : Binding.UxmlSerializedData // TypeDefIndex: 4961"
"511127","class","CustomBinding","4962","public abstract class CustomBinding : Binding // TypeDefIndex: 4962"
"511140","class","DataBinding","4963","public class DataBinding : Binding, IDataSourceProvider // TypeDefIndex: 4963"
"511325","enum","BindingMode","4964","public enum BindingMode // TypeDefIndex: 4964"
"511336","enum","BindingLogLevel","4965","public enum BindingLogLevel // TypeDefIndex: 4965"
"511350","struct","DataBindingManager.BindingRequest","4966","private struct DataBindingManager.BindingRequest // TypeDefIndex: 4966"
"511367","struct","DataBindingManager.BindingDataCollection","4967","private struct DataBindingManager.BindingDataCollection : IDisposable // TypeDefIndex: 4967"
"511398","class","DataBindingManager.BindingData","4968","internal class DataBindingManager.BindingData // TypeDefIndex: 4968"
"511437","struct","DataBindingManager.ChangesFromUI","4969","internal struct DataBindingManager.ChangesFromUI // TypeDefIndex: 4969"
"511457","class","DataBindingManager.HierarchyBindingTracker.HierarchicalBindingsSorter","4970","private class DataBindingManager.HierarchyBindingTracker.HierarchicalBindingsSorter : HierarchyTraversal // TypeDefIndex: 4970"
"511497","class","DataBindingManager.HierarchyBindingTracker","4971","private class DataBindingManager.HierarchyBindingTracker : IDisposable // TypeDefIndex: 4971"
"511548","class","DataBindingManager.HierarchyDataSourceTracker.SourceInfo","4972","private class DataBindingManager.HierarchyDataSourceTracker.SourceInfo // TypeDefIndex: 4972"
"511594","class","DataBindingManager.HierarchyDataSourceTracker.InvalidateDataSourcesTraversal","4973","private class DataBindingManager.HierarchyDataSourceTracker.InvalidateDataSourcesTraversal : HierarchyTraversal // TypeDefIndex: 4973"
"511613","class","DataBindingManager.HierarchyDataSourceTracker.ObjectComparer","4974","private class DataBindingManager.HierarchyDataSourceTracker.ObjectComparer : IEqualityComparer<object> // TypeDefIndex: 4974"
"511628","class","DataBindingManager.HierarchyDataSourceTracker","4975","private class DataBindingManager.HierarchyDataSourceTracker : IDisposable // TypeDefIndex: 4975"
"511708","struct","DataBindingManager.IgnoreUIChangesData","4976","private struct DataBindingManager.IgnoreUIChangesData // TypeDefIndex: 4976"
"511722","struct","DataBindingManager.IgnoreUIChangesScope","4977","public struct DataBindingManager.IgnoreUIChangesScope : IDisposable // TypeDefIndex: 4977"
"511738","class","DataBindingManager","4978","internal sealed class DataBindingManager : IDisposable // TypeDefIndex: 4978"
"511869","struct","BindingInfo","4979","public struct BindingInfo // TypeDefIndex: 4979"
"511904","struct","PropertyPathInfo","4980","internal struct PropertyPathInfo // TypeDefIndex: 4980"
"511919","class","DataBindingUtility.","4981","private sealed class DataBindingUtility.<>c // TypeDefIndex: 4981"
"511947","class","DataBindingUtility","4982","internal static class DataBindingUtility // TypeDefIndex: 4982"
"511965","struct","DataSourceContext","4983","public struct DataSourceContext // TypeDefIndex: 4983"
"511995","struct","DataSourceContextChanged","4984","public struct DataSourceContextChanged // TypeDefIndex: 4984"
"512010","interface","IDataSourceProvider","4985","public interface IDataSourceProvider // TypeDefIndex: 4985"
"512026","interface","IDataSourceViewHashProvider","4986","public interface IDataSourceViewHashProvider // TypeDefIndex: 4986"
"512036","struct","BindablePropertyChangedEventArgs","4987","public struct BindablePropertyChangedEventArgs // TypeDefIndex: 4987"
"512054","interface","INotifyBindablePropertyChanged","4988","public interface INotifyBindablePropertyChanged // TypeDefIndex: 4988"
"512068","interface","IBindingRequest","4989","internal interface IBindingRequest // TypeDefIndex: 4989"
"512077","class","VisualTreeBindingsUpdater","4990","internal class VisualTreeBindingsUpdater : BaseVisualTreeHierarchyTrackerUpdater // TypeDefIndex: 4990"
"512168","enum","BindingUpdateStage","4991","internal enum BindingUpdateStage // TypeDefIndex: 4991"
"512178","struct","VisualTreeDataBindingsUpdater.VersionInfo","4992","private struct VisualTreeDataBindingsUpdater.VersionInfo // TypeDefIndex: 4992"
"512193","class","VisualTreeDataBindingsUpdater.","4993","private sealed class VisualTreeDataBindingsUpdater.<>c // TypeDefIndex: 4993"
"512212","class","VisualTreeDataBindingsUpdater","4994","internal class VisualTreeDataBindingsUpdater : BaseVisualTreeUpdater // TypeDefIndex: 4994"
"512292","enum","ClampedDragger.DragDirection","4995","public enum ClampedDragger.DragDirection<T> // TypeDefIndex: 4995"
"512303","class","ClampedDragger","4996","internal class ClampedDragger<T> : Clickable // TypeDefIndex: 4996"
"512537","class","ClickDetector.ButtonClickStatus","4997","private class ClickDetector.ButtonClickStatus // TypeDefIndex: 4997"
"512555","class","ClickDetector","4998","internal class ClickDetector // TypeDefIndex: 4998"
"512607","class","Clickable","4999","public class Clickable : PointerManipulator // TypeDefIndex: 4999"
"512740","class","BaseListViewController","5000","public abstract class BaseListViewController : CollectionViewController // TypeDefIndex: 5000"
"512848","struct","ReadOnlyHierarchyViewModelList.Enumerator","5001","private struct ReadOnlyHierarchyViewModelList.Enumerator : IEnumerator // TypeDefIndex: 5001"
"512874","class","ReadOnlyHierarchyViewModelList","5002","internal class ReadOnlyHierarchyViewModelList : IList, ICollection, IEnumerable // TypeDefIndex: 5002"
"512943","class","BaseTreeViewController.","5003","private sealed class BaseTreeViewController.<GetAllItemIds>d__23 : IEnumerable<int>, IEnumerable, IEnumerator<int>, IEnumerator, IDisposable // TypeDefIndex: 5003"
"513005","class","BaseTreeViewController.","5004","private sealed class BaseTreeViewController.<GetChildrenIds>d__25 : IEnumerable<int>, IEnumerable, IEnumerator<int>, IEnumerator, IDisposable // TypeDefIndex: 5004"
"513059","class","BaseTreeViewController.","5005","private sealed class BaseTreeViewController.<GetChildrenIdsByIndex>d__41 : IEnumerable<int>, IEnumerable, IEnumerator<int>, IEnumerator, IDisposable // TypeDefIndex: 5005"
"513111","class","BaseTreeViewController","5006","public abstract class BaseTreeViewController : CollectionViewController // TypeDefIndex: 5006"
"513302","class","CollectionViewController","5007","public abstract class CollectionViewController : IDisposable // TypeDefIndex: 5007"
"513413","class","DefaultMultiColumnTreeViewController","5008","public class DefaultMultiColumnTreeViewController<T> : MultiColumnTreeViewController // TypeDefIndex: 5008"
"513516","class","DefaultTreeViewController","5009","public class DefaultTreeViewController<T> : TreeViewController // TypeDefIndex: 5009"
"513619","class","ListViewController","5010","public class ListViewController : BaseListViewController // TypeDefIndex: 5010"
"513646","class","MultiColumnListViewController","5011","public class MultiColumnListViewController : BaseListViewController // TypeDefIndex: 5011"
"513706","class","MultiColumnTreeViewController","5012","public abstract class MultiColumnTreeViewController : BaseTreeViewController // TypeDefIndex: 5012"
"513757","class","TreeDataController","5013","internal sealed class TreeDataController<T> // TypeDefIndex: 5013"
"513823","class","TreeViewController","5014","public abstract class TreeViewController : BaseTreeViewController // TypeDefIndex: 5014"
"513851","class","CollectionVirtualizationController","5015","internal abstract class CollectionVirtualizationController // TypeDefIndex: 5015"
"513920","struct","DynamicHeightVirtualizationController.ContentHeightCacheInfo","5016","private struct DynamicHeightVirtualizationController.ContentHeightCacheInfo<T> // TypeDefIndex: 5016"
"513938","enum","DynamicHeightVirtualizationController.VirtualizationChange","5017","private enum DynamicHeightVirtualizationController.VirtualizationChange<T> // TypeDefIndex: 5017"
"513949","enum","DynamicHeightVirtualizationController.ScrollDirection","5018","private enum DynamicHeightVirtualizationController.ScrollDirection<T> // TypeDefIndex: 5018"
"513960","struct","DynamicHeightVirtualizationController.","5019","private struct DynamicHeightVirtualizationController.<>c__DisplayClass67_0<T> // TypeDefIndex: 5019"
"513968","class","DynamicHeightVirtualizationController","5020","internal class DynamicHeightVirtualizationController<T> : VerticalVirtualizationController<T> // TypeDefIndex: 5020"
"514392","class","FixedHeightVirtualizationController","5021","internal class FixedHeightVirtualizationController<T> : VerticalVirtualizationController<T> // TypeDefIndex: 5021"
"514509","class","ReusableCollectionItem","5022","internal class ReusableCollectionItem // TypeDefIndex: 5022"
"514630","class","ReusableListViewItem","5023","internal class ReusableListViewItem : ReusableCollectionItem // TypeDefIndex: 5023"
"514678","class","ReusableMultiColumnListViewItem","5024","internal class ReusableMultiColumnListViewItem : ReusableListViewItem // TypeDefIndex: 5024"
"514699","class","ReusableMultiColumnTreeViewItem","5025","internal class ReusableMultiColumnTreeViewItem : ReusableTreeViewItem // TypeDefIndex: 5025"
"514720","class","ReusableTreeViewItem","5026","internal class ReusableTreeViewItem : ReusableCollectionItem // TypeDefIndex: 5026"
"514809","class","VerticalVirtualizationController.","5027","private sealed class VerticalVirtualizationController.<>c<T> // TypeDefIndex: 5027"
"514861","class","VerticalVirtualizationController","5028","internal abstract class VerticalVirtualizationController<T> : CollectionVirtualizationController // TypeDefIndex: 5028"
"515142","class","ContextualMenuManager","5029","public abstract class ContextualMenuManager // TypeDefIndex: 5029"
"515179","class","ContextualMenuManipulator","5030","public class ContextualMenuManipulator : PointerManipulator // TypeDefIndex: 5030"
"515227","class","BaseBoolField","5031","public abstract class BaseBoolField : BaseField<bool> // TypeDefIndex: 5031"
"515314","class","BaseCompositeField.FieldDescription.WriteDelegate","5032","public sealed class BaseCompositeField.FieldDescription.WriteDelegate<TValueType, TField, TFieldValue> : MulticastDelegate // TypeDefIndex: 5032"
"515378","struct","BaseCompositeField.FieldDescription","5033","internal struct BaseCompositeField.FieldDescription<TValueType, TField, TFieldValue> // TypeDefIndex: 5033"
"515420","class","BaseCompositeField.","5034","private sealed class BaseCompositeField.<>c__DisplayClass18_0<TValueType, TField, TFieldValue> // TypeDefIndex: 5034"
"515519","class","BaseCompositeField","5035","public abstract class BaseCompositeField<TValueType, TField, TFieldValue> : BaseField<TValueType> // TypeDefIndex: 5035"
"515750","enum","ListViewReorderMode","5036","public enum ListViewReorderMode // TypeDefIndex: 5036"
"515760","class","BaseListView.UxmlTraits","5037","public class BaseListView.UxmlTraits : BaseVerticalCollectionView.UxmlTraits // TypeDefIndex: 5037"
"515783","class","BaseListView.","5038","private sealed class BaseListView.<>c__DisplayClass82_0 // TypeDefIndex: 5038"
"515799","class","BaseListView","5039","public abstract class BaseListView : BaseVerticalCollectionView // TypeDefIndex: 5039"
"516111","class","BasePopupField.PopupTextElement","5040","private class BasePopupField.PopupTextElement<TValueType, TValueChoice> : TextElement // TypeDefIndex: 5040"
"516141","class","BasePopupField.","5041","private sealed class BasePopupField.<>c<TValueType, TValueChoice> // TypeDefIndex: 5041"
"516185","class","BasePopupField","5042","public abstract class BasePopupField<TValueType, TValueChoice> : BaseField<TValueType> // TypeDefIndex: 5042"
"516405","enum","SliderDirection","5043","public enum SliderDirection // TypeDefIndex: 5043"
"516415","class","BaseSlider.UxmlTraits","5044","public class BaseSlider.UxmlTraits<TValueType, TValueUxmlAttributeType> : BaseFieldTraits<TValueType, TValueUxmlAttributeType> // TypeDefIndex: 5044"
"516435","enum","BaseSlider.SliderKey","5045","internal enum BaseSlider.SliderKey<TValueType> // TypeDefIndex: 5045"
"516449","class","BaseSlider","5046","public abstract class BaseSlider<TValueType> : BaseField<TValueType>, IValueField<TValueType> // TypeDefIndex: 5046"
"517643","class","TreeViewExpansionChangedArgs","5047","public class TreeViewExpansionChangedArgs // TypeDefIndex: 5047"
"517681","class","BaseTreeView.UxmlTraits","5048","public class BaseTreeView.UxmlTraits : BaseVerticalCollectionView.UxmlTraits // TypeDefIndex: 5048"
"517696","class","BaseTreeView","5049","public abstract class BaseTreeView : BaseVerticalCollectionView // TypeDefIndex: 5049"
"517830","enum","AlternatingRowBackground","5050","public enum AlternatingRowBackground // TypeDefIndex: 5050"
"517840","enum","CollectionVirtualizationMethod","5051","public enum CollectionVirtualizationMethod // TypeDefIndex: 5051"
"517849","enum","BindingSourceSelectionMode","5052","public enum BindingSourceSelectionMode // TypeDefIndex: 5052"
"517860","class","SerializedVirtualizationData","5053","internal class SerializedVirtualizationData // TypeDefIndex: 5053"
"517878","class","BaseVerticalCollectionView.UxmlTraits","5054","public class BaseVerticalCollectionView.UxmlTraits : BindableElement.UxmlTraits // TypeDefIndex: 5054"
"517899","class","BaseVerticalCollectionView.Selection","5055","private class BaseVerticalCollectionView.Selection // TypeDefIndex: 5055"
"517991","class","BaseVerticalCollectionView.","5056","private sealed class BaseVerticalCollectionView.<>c // TypeDefIndex: 5056"
"518011","class","BaseVerticalCollectionView.","5057","private sealed class BaseVerticalCollectionView.<>c__DisplayClass182_0 // TypeDefIndex: 5057"
"518027","struct","BaseVerticalCollectionView.","5058","private struct BaseVerticalCollectionView.<>c__DisplayClass193_0 // TypeDefIndex: 5058"
"518037","struct","BaseVerticalCollectionView.","5059","private struct BaseVerticalCollectionView.<>c__DisplayClass204_0 // TypeDefIndex: 5059"
"518046","class","BaseVerticalCollectionView.","5060","private sealed class BaseVerticalCollectionView.<get_selectedItems>d__88 : IEnumerable<object>, IEnumerable, IEnumerator<object>, IEnumerator, IDisposable // TypeDefIndex: 5060"
"518099","class","BaseVerticalCollectionView","5061","public abstract class BaseVerticalCollectionView : BindableElement, ISerializationCallbackReceiver // TypeDefIndex: 5061"
"518542","interface","IBindable","5062","public interface IBindable // TypeDefIndex: 5062"
"518558","interface","IBinding","5063","public interface IBinding // TypeDefIndex: 5063"
"518574","class","BoundsField.UxmlFactory","5064","public class BoundsField.UxmlFactory : UxmlFactory<BoundsField, BoundsField.UxmlTraits> // TypeDefIndex: 5064"
"518584","class","BoundsField.UxmlTraits","5065","public class BoundsField.UxmlTraits : BaseField.UxmlTraits<Bounds> // TypeDefIndex: 5065"
"518605","class","BoundsField","5066","public class BoundsField : BaseField<Bounds> // TypeDefIndex: 5066"
"518644","class","BoundsIntField.UxmlFactory","5067","public class BoundsIntField.UxmlFactory : UxmlFactory<BoundsIntField, BoundsIntField.UxmlTraits> // TypeDefIndex: 5067"
"518654","class","BoundsIntField.UxmlTraits","5068","public class BoundsIntField.UxmlTraits : BaseField.UxmlTraits<BoundsInt> // TypeDefIndex: 5068"
"518675","class","BoundsIntField","5069","public class BoundsIntField : BaseField<BoundsInt> // TypeDefIndex: 5069"
"518714","class","Box.UxmlFactory","5070","public class Box.UxmlFactory : UxmlFactory<Box> // TypeDefIndex: 5070"
"518723","class","Box","5071","public class Box : VisualElement // TypeDefIndex: 5071"
"518739","class","Button.UxmlFactory","5072","public class Button.UxmlFactory : UxmlFactory<Button, Button.UxmlTraits> // TypeDefIndex: 5072"
"518749","class","Button.UxmlTraits","5073","public class Button.UxmlTraits : TextElement.UxmlTraits // TypeDefIndex: 5073"
"518764","class","Button","5074","public class Button : TextElement // TypeDefIndex: 5074"
"518832","class","ButtonStripField.UxmlFactory","5075","public class ButtonStripField.UxmlFactory : UxmlFactory<ButtonStripField, ButtonStripField.UxmlTraits> // TypeDefIndex: 5075"
"518842","class","ButtonStripField.UxmlTraits","5076","public class ButtonStripField.UxmlTraits : BaseField.UxmlTraits<int> // TypeDefIndex: 5076"
"518851","class","ButtonStripField","5077","internal class ButtonStripField : BaseField<int> // TypeDefIndex: 5077"
"518870","class","RectField.UxmlFactory","5078","public class RectField.UxmlFactory : UxmlFactory<RectField, RectField.UxmlTraits> // TypeDefIndex: 5078"
"518880","class","RectField.UxmlTraits","5079","public class RectField.UxmlTraits : BaseField.UxmlTraits<Rect> // TypeDefIndex: 5079"
"518900","class","RectField.","5080","private sealed class RectField.<>c // TypeDefIndex: 5080"
"518948","class","RectField","5081","public class RectField : BaseCompositeField<Rect, FloatField, float> // TypeDefIndex: 5081"
"518972","class","RectIntField.UxmlFactory","5082","public class RectIntField.UxmlFactory : UxmlFactory<RectIntField, RectIntField.UxmlTraits> // TypeDefIndex: 5082"
"518982","class","RectIntField.UxmlTraits","5083","public class RectIntField.UxmlTraits : BaseField.UxmlTraits<RectInt> // TypeDefIndex: 5083"
"519002","class","RectIntField.","5084","private sealed class RectIntField.<>c // TypeDefIndex: 5084"
"519050","class","RectIntField","5085","public class RectIntField : BaseCompositeField<RectInt, IntegerField, int> // TypeDefIndex: 5085"
"519074","class","Vector2Field.UxmlFactory","5086","public class Vector2Field.UxmlFactory : UxmlFactory<Vector2Field, Vector2Field.UxmlTraits> // TypeDefIndex: 5086"
"519084","class","Vector2Field.UxmlTraits","5087","public class Vector2Field.UxmlTraits : BaseField.UxmlTraits<Vector2> // TypeDefIndex: 5087"
"519102","class","Vector2Field.","5088","private sealed class Vector2Field.<>c // TypeDefIndex: 5088"
"519134","class","Vector2Field","5089","public class Vector2Field : BaseCompositeField<Vector2, FloatField, float> // TypeDefIndex: 5089"
"519158","class","Vector3Field.UxmlFactory","5090","public class Vector3Field.UxmlFactory : UxmlFactory<Vector3Field, Vector3Field.UxmlTraits> // TypeDefIndex: 5090"
"519168","class","Vector3Field.UxmlTraits","5091","public class Vector3Field.UxmlTraits : BaseField.UxmlTraits<Vector3> // TypeDefIndex: 5091"
"519187","class","Vector3Field.","5092","private sealed class Vector3Field.<>c // TypeDefIndex: 5092"
"519227","class","Vector3Field","5093","public class Vector3Field : BaseCompositeField<Vector3, FloatField, float> // TypeDefIndex: 5093"
"519251","class","Vector4Field.UxmlFactory","5094","public class Vector4Field.UxmlFactory : UxmlFactory<Vector4Field, Vector4Field.UxmlTraits> // TypeDefIndex: 5094"
"519261","class","Vector4Field.UxmlTraits","5095","public class Vector4Field.UxmlTraits : BaseField.UxmlTraits<Vector4> // TypeDefIndex: 5095"
"519281","class","Vector4Field.","5096","private sealed class Vector4Field.<>c // TypeDefIndex: 5096"
"519329","class","Vector4Field","5097","public class Vector4Field : BaseCompositeField<Vector4, FloatField, float> // TypeDefIndex: 5097"
"519353","class","Vector2IntField.UxmlFactory","5098","public class Vector2IntField.UxmlFactory : UxmlFactory<Vector2IntField, Vector2IntField.UxmlTraits> // TypeDefIndex: 5098"
"519363","class","Vector2IntField.UxmlTraits","5099","public class Vector2IntField.UxmlTraits : BaseField.UxmlTraits<Vector2Int> // TypeDefIndex: 5099"
"519381","class","Vector2IntField.","5100","private sealed class Vector2IntField.<>c // TypeDefIndex: 5100"
"519413","class","Vector2IntField","5101","public class Vector2IntField : BaseCompositeField<Vector2Int, IntegerField, int> // TypeDefIndex: 5101"
"519437","class","Vector3IntField.UxmlFactory","5102","public class Vector3IntField.UxmlFactory : UxmlFactory<Vector3IntField, Vector3IntField.UxmlTraits> // TypeDefIndex: 5102"
"519447","class","Vector3IntField.UxmlTraits","5103","public class Vector3IntField.UxmlTraits : BaseField.UxmlTraits<Vector3Int> // TypeDefIndex: 5103"
"519466","class","Vector3IntField.","5104","private sealed class Vector3IntField.<>c // TypeDefIndex: 5104"
"519506","class","Vector3IntField","5105","public class Vector3IntField : BaseCompositeField<Vector3Int, IntegerField, int> // TypeDefIndex: 5105"
"519530","class","DoubleField.UxmlFactory","5106","public class DoubleField.UxmlFactory : UxmlFactory<DoubleField, DoubleField.UxmlTraits> // TypeDefIndex: 5106"
"519540","class","DoubleField.UxmlTraits","5107","public class DoubleField.UxmlTraits : TextValueFieldTraits<double, UxmlDoubleAttributeDescription> // TypeDefIndex: 5107"
"519549","class","DoubleField.DoubleInput","5108","private class DoubleField.DoubleInput : TextValueField.TextValueInput<double> // TypeDefIndex: 5108"
"519578","class","DoubleField","5109","public class DoubleField : TextValueField<double> // TypeDefIndex: 5109"
"519617","class","DropdownField.UxmlFactory","5110","public class DropdownField.UxmlFactory : UxmlFactory<DropdownField, DropdownField.UxmlTraits> // TypeDefIndex: 5110"
"519627","class","DropdownField.UxmlTraits","5111","public class DropdownField.UxmlTraits : BaseField.UxmlTraits<string> // TypeDefIndex: 5111"
"519643","class","DropdownField","5112","public class DropdownField : PopupField<string> // TypeDefIndex: 5112"
"519655","class","EnumFieldHelpers","5113","internal static class EnumFieldHelpers // TypeDefIndex: 5113"
"519673","class","EnumField.UxmlFactory","5114","public class EnumField.UxmlFactory : UxmlFactory<EnumField, EnumField.UxmlTraits> // TypeDefIndex: 5114"
"519683","class","EnumField.UxmlTraits","5115","public class EnumField.UxmlTraits : BaseField.UxmlTraits<Enum> // TypeDefIndex: 5115"
"519702","class","EnumField.","5116","private sealed class EnumField.<>c // TypeDefIndex: 5116"
"519722","class","EnumField","5117","public class EnumField : BaseField<Enum> // TypeDefIndex: 5117"
"519816","class","FloatField.UxmlFactory","5118","public class FloatField.UxmlFactory : UxmlFactory<FloatField, FloatField.UxmlTraits> // TypeDefIndex: 5118"
"519826","class","FloatField.UxmlTraits","5119","public class FloatField.UxmlTraits : TextValueFieldTraits<float, UxmlFloatAttributeDescription> // TypeDefIndex: 5119"
"519835","class","FloatField.FloatInput","5120","private class FloatField.FloatInput : TextValueField.TextValueInput<float> // TypeDefIndex: 5120"
"519864","class","FloatField","5121","public class FloatField : TextValueField<float> // TypeDefIndex: 5121"
"519906","class","Foldout.UxmlFactory","5122","public class Foldout.UxmlFactory : UxmlFactory<Foldout, Foldout.UxmlTraits> // TypeDefIndex: 5122"
"519916","class","Foldout.UxmlTraits","5123","public class Foldout.UxmlTraits : BindableElement.UxmlTraits // TypeDefIndex: 5123"
"519932","class","Foldout","5124","public class Foldout : BindableElement, INotifyValueChanged<bool> // TypeDefIndex: 5124"
"520025","interface","IGenericMenu","5125","internal interface IGenericMenu // TypeDefIndex: 5125"
"520040","class","GenericDropdownMenu.MenuItem","5126","internal class GenericDropdownMenu.MenuItem // TypeDefIndex: 5126"
"520056","struct","GenericDropdownMenu.","5127","private struct GenericDropdownMenu.<>c__DisplayClass48_0 // TypeDefIndex: 5127"
"520064","class","GenericDropdownMenu","5128","public class GenericDropdownMenu : IGenericMenu // TypeDefIndex: 5128"
"520209","class","GroupBox.UxmlFactory","5129","public class GroupBox.UxmlFactory : UxmlFactory<GroupBox, GroupBox.UxmlTraits> // TypeDefIndex: 5129"
"520219","class","GroupBox.UxmlTraits","5130","public class GroupBox.UxmlTraits : BindableElement.UxmlTraits // TypeDefIndex: 5130"
"520234","class","GroupBox","5131","public class GroupBox : BindableElement, IGroupBox // TypeDefIndex: 5131"
"520272","class","Hash128Field.UxmlFactory","5132","public class Hash128Field.UxmlFactory : UxmlFactory<Hash128Field, Hash128Field.UxmlTraits> // TypeDefIndex: 5132"
"520282","class","Hash128Field.UxmlTraits","5133","public class Hash128Field.UxmlTraits : TextValueFieldTraits<Hash128, UxmlHash128AttributeDescription> // TypeDefIndex: 5133"
"520291","class","Hash128Field.Hash128Input","5134","private class Hash128Field.Hash128Input : TextInputBaseField.TextInputBase<Hash128> // TypeDefIndex: 5134"
"520316","class","Hash128Field","5135","public class Hash128Field : TextInputBaseField<Hash128> // TypeDefIndex: 5135"
"520364","enum","HelpBoxMessageType","5136","public enum HelpBoxMessageType // TypeDefIndex: 5136"
"520376","class","HelpBox.UxmlFactory","5137","public class HelpBox.UxmlFactory : UxmlFactory<HelpBox, HelpBox.UxmlTraits> // TypeDefIndex: 5137"
"520386","class","HelpBox.UxmlTraits","5138","public class HelpBox.UxmlTraits : VisualElement.UxmlTraits // TypeDefIndex: 5138"
"520402","class","HelpBox","5139","public class HelpBox : VisualElement // TypeDefIndex: 5139"
"520455","interface","INotifyValueChanged","5140","public interface INotifyValueChanged<T> // TypeDefIndex: 5140"
"520489","class","INotifyValueChangedExtensions","5141","public static class INotifyValueChangedExtensions // TypeDefIndex: 5141"
"520541","class","Image.UxmlFactory","5142","public class Image.UxmlFactory : UxmlFactory<Image, Image.UxmlTraits> // TypeDefIndex: 5142"
"520551","class","Image.UxmlTraits","5143","public class Image.UxmlTraits : VisualElement.UxmlTraits // TypeDefIndex: 5143"
"520560","class","Image","5144","public class Image : VisualElement // TypeDefIndex: 5144"
"520695","interface","IDelayedField","5145","internal interface IDelayedField // TypeDefIndex: 5145"
"520708","interface","IEditableElement","5146","internal interface IEditableElement // TypeDefIndex: 5146"
"520727","class","BaseField.UxmlTraits","5147","public class BaseField.UxmlTraits<TValueType> : BindableElement.UxmlTraits // TypeDefIndex: 5147"
"520866","class","BaseField","5148","public abstract class BaseField<TValueType> : BindableElement, INotifyValueChanged<TValueType>, IEditableElement // TypeDefIndex: 5148"
"523682","class","BaseFieldTraits","5149","public class BaseFieldTraits<TValueType, TValueUxmlAttributeType> : BaseField.UxmlTraits<TValueType> // TypeDefIndex: 5149"
"523761","class","KeyboardTextEditorEventHandler","5150","internal class KeyboardTextEditorEventHandler : TextEditorEventHandler // TypeDefIndex: 5150"
"523810","class","TextEditorEventHandler","5151","internal class TextEditorEventHandler // TypeDefIndex: 5151"
"523833","class","TextField.UxmlFactory","5152","public class TextField.UxmlFactory : UxmlFactory<TextField, TextField.UxmlTraits> // TypeDefIndex: 5152"
"523843","class","TextField.UxmlTraits","5153","public class TextField.UxmlTraits : TextInputBaseField.UxmlTraits<string> // TypeDefIndex: 5153"
"523862","class","TextField.TextInput","5154","private class TextField.TextInput : TextInputBaseField.TextInputBase<string> // TypeDefIndex: 5154"
"523887","class","TextField","5155","public class TextField : TextInputBaseField<string> // TypeDefIndex: 5155"
"523952","class","TextInputBaseField.UxmlTraits","5156","public class TextInputBaseField.UxmlTraits<TValueType> : BaseFieldTraits<string, UxmlStringAttributeDescription> // TypeDefIndex: 5156"
"524998","class","TextInputBaseField","5158","public abstract class TextInputBaseField<TValueType> : BaseField<TValueType>, IDelayedField // TypeDefIndex: 5158"
"527000","class","TouchScreenTextEditorEventHandler","5159","internal class TouchScreenTextEditorEventHandler : TextEditorEventHandler // TypeDefIndex: 5159"
"527066","class","IntegerField.UxmlFactory","5160","public class IntegerField.UxmlFactory : UxmlFactory<IntegerField, IntegerField.UxmlTraits> // TypeDefIndex: 5160"
"527076","class","IntegerField.UxmlTraits","5161","public class IntegerField.UxmlTraits : TextValueFieldTraits<int, UxmlIntAttributeDescription> // TypeDefIndex: 5161"
"527085","class","IntegerField.IntegerInput","5162","private class IntegerField.IntegerInput : TextValueField.TextValueInput<int> // TypeDefIndex: 5162"
"527114","class","IntegerField","5163","public class IntegerField : TextValueField<int> // TypeDefIndex: 5163"
"527153","class","Label.UxmlFactory","5164","public class Label.UxmlFactory : UxmlFactory<Label, Label.UxmlTraits> // TypeDefIndex: 5164"
"527163","class","Label.UxmlTraits","5165","public class Label.UxmlTraits : TextElement.UxmlTraits // TypeDefIndex: 5165"
"527172","class","Label","5166","public class Label : TextElement // TypeDefIndex: 5166"
"527191","class","ListView.UxmlFactory","5167","public class ListView.UxmlFactory : UxmlFactory<ListView, ListView.UxmlTraits> // TypeDefIndex: 5167"
"527201","class","ListView.UxmlTraits","5168","public class ListView.UxmlTraits : BaseListView.UxmlTraits // TypeDefIndex: 5168"
"527216","class","ListView","5169","public class ListView : BaseListView // TypeDefIndex: 5169"
"527293","class","LongField.UxmlFactory","5170","public class LongField.UxmlFactory : UxmlFactory<LongField, LongField.UxmlTraits> // TypeDefIndex: 5170"
"527303","class","LongField.UxmlTraits","5171","public class LongField.UxmlTraits : TextValueFieldTraits<long, UxmlLongAttributeDescription> // TypeDefIndex: 5171"
"527312","class","LongField.LongInput","5172","private class LongField.LongInput : TextValueField.TextValueInput<long> // TypeDefIndex: 5172"
"527344","class","LongField","5173","public class LongField : TextValueField<long> // TypeDefIndex: 5173"
"527383","class","MinMaxSlider.UxmlFactory","5174","public class MinMaxSlider.UxmlFactory : UxmlFactory<MinMaxSlider, MinMaxSlider.UxmlTraits> // TypeDefIndex: 5174"
"527393","class","MinMaxSlider.UxmlTraits","5175","public class MinMaxSlider.UxmlTraits : BaseField.UxmlTraits<Vector2> // TypeDefIndex: 5175"
"527411","enum","MinMaxSlider.DragState","5176","private enum MinMaxSlider.DragState // TypeDefIndex: 5176"
"527422","class","MinMaxSlider","5177","public class MinMaxSlider : BaseField<Vector2> // TypeDefIndex: 5177"
"527615","enum","ColumnDataType","5178","internal enum ColumnDataType // TypeDefIndex: 5178"
"527636","class","Column.UxmlObjectFactory","5179","internal class Column.UxmlObjectFactory<T> : UxmlObjectFactory<T, Column.UxmlObjectTraits<T>> // TypeDefIndex: 5179"
"527651","class","Column.UxmlObjectFactory","5180","internal class Column.UxmlObjectFactory : Column.UxmlObjectFactory<Column> // TypeDefIndex: 5180"
"527661","class","Column.UxmlObjectTraits.","5181","private sealed class Column.UxmlObjectTraits.<>c__DisplayClass14_0<T> // TypeDefIndex: 5181"
"527687","class","Column.UxmlObjectTraits.","5182","private sealed class Column.UxmlObjectTraits.<>c__DisplayClass14_1<T> // TypeDefIndex: 5182"
"527713","class","Column.UxmlObjectTraits","5183","internal class Column.UxmlObjectTraits<T> : UxmlObjectTraits<T> // TypeDefIndex: 5183"
"527759","class","Column","5184","public class Column : INotifyBindablePropertyChanged // TypeDefIndex: 5184"
"528051","class","ColumnLayout.","5185","private sealed class ColumnLayout.<>c__DisplayClass54_0 // TypeDefIndex: 5185"
"528068","class","ColumnLayout.","5186","private sealed class ColumnLayout.<>c__DisplayClass55_0 // TypeDefIndex: 5186"
"528084","class","ColumnLayout","5187","internal class ColumnLayout // TypeDefIndex: 5187"
"528260","enum","ColumnsDataType","5188","internal enum ColumnsDataType // TypeDefIndex: 5188"
"528272","enum","Columns.StretchMode","5189","public enum Columns.StretchMode // TypeDefIndex: 5189"
"528282","class","Columns.UxmlObjectFactory","5190","internal class Columns.UxmlObjectFactory<T> : UxmlObjectFactory<T, Columns.UxmlObjectTraits<T>> // TypeDefIndex: 5190"
"528297","class","Columns.UxmlObjectFactory","5191","internal class Columns.UxmlObjectFactory : Columns.UxmlObjectFactory<Columns> // TypeDefIndex: 5191"
"528307","class","Columns.UxmlObjectTraits","5192","internal class Columns.UxmlObjectTraits<T> : UxmlObjectTraits<T> // TypeDefIndex: 5192"
"528339","class","Columns.","5193","private sealed class Columns.<>c // TypeDefIndex: 5193"
"528360","class","Columns","5194","public class Columns : ICollection<Column>, IEnumerable<Column>, IEnumerable, INotifyBindablePropertyChanged // TypeDefIndex: 5194"
"528591","enum","ColumnSortingMode","5195","public enum ColumnSortingMode // TypeDefIndex: 5195"
"528601","class","MultiColumnController","5196","public class MultiColumnController : IDisposable // TypeDefIndex: 5196"
"528780","class","MultiColumnListView.UxmlFactory","5197","public class MultiColumnListView.UxmlFactory : UxmlFactory<MultiColumnListView, MultiColumnListView.UxmlTraits> // TypeDefIndex: 5197"
"528790","class","MultiColumnListView.UxmlTraits","5198","public class MultiColumnListView.UxmlTraits : BaseListView.UxmlTraits // TypeDefIndex: 5198"
"528807","class","MultiColumnListView","5199","public class MultiColumnListView : BaseListView // TypeDefIndex: 5199"
"528886","class","MultiColumnTreeView.UxmlFactory","5200","public class MultiColumnTreeView.UxmlFactory : UxmlFactory<MultiColumnTreeView, MultiColumnTreeView.UxmlTraits> // TypeDefIndex: 5200"
"528896","class","MultiColumnTreeView.UxmlTraits","5201","public class MultiColumnTreeView.UxmlTraits : BaseTreeView.UxmlTraits // TypeDefIndex: 5201"
"528913","class","MultiColumnTreeView","5202","public class MultiColumnTreeView : BaseTreeView // TypeDefIndex: 5202"
"528991","enum","SortDirection","5203","public enum SortDirection // TypeDefIndex: 5203"
"529001","class","SortColumnDescription.UxmlObjectFactory","5204","internal class SortColumnDescription.UxmlObjectFactory<T> : UxmlObjectFactory<T, SortColumnDescription.UxmlObjectTraits<T>> // TypeDefIndex: 5204"
"529016","class","SortColumnDescription.UxmlObjectFactory","5205","internal class SortColumnDescription.UxmlObjectFactory : SortColumnDescription.UxmlObjectFactory<SortColumnDescription> // TypeDefIndex: 5205"
"529026","class","SortColumnDescription.UxmlObjectTraits","5206","internal class SortColumnDescription.UxmlObjectTraits<T> : UxmlObjectTraits<T> // TypeDefIndex: 5206"
"529055","class","SortColumnDescription","5207","public class SortColumnDescription : INotifyBindablePropertyChanged // TypeDefIndex: 5207"
"529148","class","SortColumnDescriptions.UxmlObjectFactory","5208","internal class SortColumnDescriptions.UxmlObjectFactory<T> : UxmlObjectFactory<T, SortColumnDescriptions.UxmlObjectTraits<T>> // TypeDefIndex: 5208"
"529163","class","SortColumnDescriptions.UxmlObjectFactory","5209","internal class SortColumnDescriptions.UxmlObjectFactory : SortColumnDescriptions.UxmlObjectFactory<SortColumnDescriptions> // TypeDefIndex: 5209"
"529173","class","SortColumnDescriptions.UxmlObjectTraits","5210","internal class SortColumnDescriptions.UxmlObjectTraits<T> : UxmlObjectTraits<T> // TypeDefIndex: 5210"
"529200","class","SortColumnDescriptions","5211","public class SortColumnDescriptions : ICollection<SortColumnDescription>, IEnumerable<SortColumnDescription>, IEnumerable // TypeDefIndex: 5211"
"529262","class","PopupField.","5212","private sealed class PopupField.<>c__DisplayClass27_0<T> // TypeDefIndex: 5212"
"529295","class","PopupField","5213","public class PopupField<T> : BasePopupField<T, T> // TypeDefIndex: 5213"
"529435","class","PopupWindow.UxmlFactory","5214","public class PopupWindow.UxmlFactory : UxmlFactory<PopupWindow, PopupWindow.UxmlTraits> // TypeDefIndex: 5214"
"529445","class","PopupWindow.UxmlTraits","5215","public class PopupWindow.UxmlTraits : TextElement.UxmlTraits // TypeDefIndex: 5215"
"529454","class","PopupWindow","5216","public class PopupWindow : TextElement // TypeDefIndex: 5216"
"529478","class","AbstractProgressBar.UxmlTraits","5217","public class AbstractProgressBar.UxmlTraits : BindableElement.UxmlTraits // TypeDefIndex: 5217"
"529496","class","AbstractProgressBar","5218","public abstract class AbstractProgressBar : BindableElement, INotifyValueChanged<float> // TypeDefIndex: 5218"
"529573","class","ProgressBar.UxmlFactory","5219","public class ProgressBar.UxmlFactory : UxmlFactory<ProgressBar, AbstractProgressBar.UxmlTraits> // TypeDefIndex: 5219"
"529583","class","ProgressBar","5220","public class ProgressBar : AbstractProgressBar // TypeDefIndex: 5220"
"529593","class","RadioButton.UxmlFactory","5221","public class RadioButton.UxmlFactory : UxmlFactory<RadioButton, RadioButton.UxmlTraits> // TypeDefIndex: 5221"
"529603","class","RadioButton.UxmlTraits","5222","public class RadioButton.UxmlTraits : BaseFieldTraits<bool, UxmlBoolAttributeDescription> // TypeDefIndex: 5222"
"529618","class","RadioButton","5223","public class RadioButton : BaseBoolField, IGroupBoxOption // TypeDefIndex: 5223"
"529676","class","RadioButtonGroup.UxmlFactory","5224","public class RadioButtonGroup.UxmlFactory : UxmlFactory<RadioButtonGroup, RadioButtonGroup.UxmlTraits> // TypeDefIndex: 5224"
"529686","class","RadioButtonGroup.UxmlTraits","5225","public class RadioButtonGroup.UxmlTraits : BaseFieldTraits<int, UxmlIntAttributeDescription> // TypeDefIndex: 5225"
"529702","class","RadioButtonGroup.","5226","private sealed class RadioButtonGroup.<get_choices>d__17 : IEnumerable<string>, IEnumerable, IEnumerator<string>, IEnumerator, IDisposable // TypeDefIndex: 5226"
"529759","class","RadioButtonGroup","5227","public class RadioButtonGroup : BaseField<int>, IGroupBox // TypeDefIndex: 5227"
"529847","class","RepeatButton.UxmlFactory","5228","public class RepeatButton.UxmlFactory : UxmlFactory<RepeatButton, RepeatButton.UxmlTraits> // TypeDefIndex: 5228"
"529857","class","RepeatButton.UxmlTraits","5229","public class RepeatButton.UxmlTraits : TextElement.UxmlTraits // TypeDefIndex: 5229"
"529873","class","RepeatButton","5230","public class RepeatButton : TextElement // TypeDefIndex: 5230"
"529905","enum","ScrollViewMode","5231","public enum ScrollViewMode // TypeDefIndex: 5231"
"529915","enum","ScrollerVisibility","5232","public enum ScrollerVisibility // TypeDefIndex: 5232"
"529926","class","ScrollView.UxmlFactory","5233","public class ScrollView.UxmlFactory : UxmlFactory<ScrollView, ScrollView.UxmlTraits> // TypeDefIndex: 5233"
"529936","class","ScrollView.UxmlTraits","5234","public class ScrollView.UxmlTraits : VisualElement.UxmlTraits // TypeDefIndex: 5234"
"529962","enum","ScrollView.TouchScrollBehavior","5235","public enum ScrollView.TouchScrollBehavior // TypeDefIndex: 5235"
"529972","enum","ScrollView.NestedInteractionKind","5236","public enum ScrollView.NestedInteractionKind // TypeDefIndex: 5236"
"529982","enum","ScrollView.TouchScrollingResult","5237","internal enum ScrollView.TouchScrollingResult // TypeDefIndex: 5237"
"529994","class","ScrollView.","5238","private sealed class ScrollView.<>c // TypeDefIndex: 5238"
"530013","class","ScrollView","5239","public class ScrollView : VisualElement // TypeDefIndex: 5239"
"530413","class","Scroller.ScrollerSlider","5240","private class Scroller.ScrollerSlider : Slider // TypeDefIndex: 5240"
"530426","class","Scroller.UxmlFactory","5241","public class Scroller.UxmlFactory : UxmlFactory<Scroller, Scroller.UxmlTraits> // TypeDefIndex: 5241"
"530436","class","Scroller.UxmlTraits","5242","public class Scroller.UxmlTraits : VisualElement.UxmlTraits // TypeDefIndex: 5242"
"530454","class","Scroller","5243","public class Scroller : VisualElement // TypeDefIndex: 5243"
"530569","class","Slider.UxmlFactory","5244","public class Slider.UxmlFactory : UxmlFactory<Slider, Slider.UxmlTraits> // TypeDefIndex: 5244"
"530579","class","Slider.UxmlTraits","5245","public class Slider.UxmlTraits : BaseSlider.UxmlTraits<float, UxmlFloatAttributeDescription> // TypeDefIndex: 5245"
"530599","class","Slider","5246","public class Slider : BaseSlider<float> // TypeDefIndex: 5246"
"530641","class","SliderInt.UxmlFactory","5247","public class SliderInt.UxmlFactory : UxmlFactory<SliderInt, SliderInt.UxmlTraits> // TypeDefIndex: 5247"
"530651","class","SliderInt.UxmlTraits","5248","public class SliderInt.UxmlTraits : BaseSlider.UxmlTraits<int, UxmlIntAttributeDescription> // TypeDefIndex: 5248"
"530671","class","SliderInt","5249","public class SliderInt : BaseSlider<int> // TypeDefIndex: 5249"
"530722","class","Tab.UxmlFactory","5250","public class Tab.UxmlFactory : UxmlFactory<Tab, Tab.UxmlTraits> // TypeDefIndex: 5250"
"530732","class","Tab.UxmlTraits","5251","public class Tab.UxmlTraits : VisualElement.UxmlTraits // TypeDefIndex: 5251"
"530751","class","Tab.","5252","private sealed class Tab.<>c // TypeDefIndex: 5252"
"530770","class","Tab","5253","public class Tab : VisualElement // TypeDefIndex: 5253"
"530921","class","TabDragPreview","5254","internal class TabDragPreview : VisualElement // TypeDefIndex: 5254"
"530936","class","TabDragLocationPreview","5255","internal class TabDragLocationPreview : VisualElement // TypeDefIndex: 5255"
"530961","class","TabLayout","5256","internal class TabLayout // TypeDefIndex: 5256"
"530990","class","TabDragger","5257","internal class TabDragger : PointerManipulator // TypeDefIndex: 5257"
"531111","class","TabView.UxmlFactory","5258","public class TabView.UxmlFactory : UxmlFactory<TabView, TabView.UxmlTraits> // TypeDefIndex: 5258"
"531121","class","TabView.UxmlTraits","5259","public class TabView.UxmlTraits : VisualElement.UxmlTraits // TypeDefIndex: 5259"
"531137","class","TabView.ViewState","5260","private class TabView.ViewState : ISerializationCallbackReceiver // TypeDefIndex: 5260"
"531166","class","TabView.","5261","private sealed class TabView.<>c__DisplayClass56_0 // TypeDefIndex: 5261"
"531182","class","TabView","5262","public class TabView : VisualElement // TypeDefIndex: 5262"
"531281","enum","DeltaSpeed","5263","public enum DeltaSpeed // TypeDefIndex: 5263"
"531292","interface","IValueField","5264","public interface IValueField<T> // TypeDefIndex: 5264"
"531341","class","TextValueField.TextValueInput","5265","protected abstract class TextValueField.TextValueInput<TValueType> : TextInputBaseField.TextInputBase<TValueType> // TypeDefIndex: 5265"
"531592","class","TextValueField","5266","public abstract class TextValueField<TValueType> : TextInputBaseField<TValueType>, IValueField<TValueType> // TypeDefIndex: 5266"
"532087","class","TextValueFieldTraits","5267","public class TextValueFieldTraits<TValueType, TValueUxmlAttributeType> : BaseFieldTraits<TValueType, TValueUxmlAttributeType> // TypeDefIndex: 5267"
"532158","class","Toggle.UxmlFactory","5268","public class Toggle.UxmlFactory : UxmlFactory<Toggle, Toggle.UxmlTraits> // TypeDefIndex: 5268"
"532168","class","Toggle.UxmlTraits","5269","public class Toggle.UxmlTraits : BaseFieldTraits<bool, UxmlBoolAttributeDescription> // TypeDefIndex: 5269"
"532183","class","Toggle","5270","public class Toggle : BaseBoolField // TypeDefIndex: 5270"
"532215","class","ToggleButtonGroup.UxmlFactory","5271","public class ToggleButtonGroup.UxmlFactory : UxmlFactory<ToggleButtonGroup, ToggleButtonGroup.UxmlTraits> // TypeDefIndex: 5271"
"532225","class","ToggleButtonGroup.UxmlTraits","5272","public class ToggleButtonGroup.UxmlTraits : BaseField.UxmlTraits<ToggleButtonGroupState> // TypeDefIndex: 5272"
"532242","class","ToggleButtonGroup","5273","public class ToggleButtonGroup : BaseField<ToggleButtonGroupState> // TypeDefIndex: 5273"
"532327","struct","ToggleButtonGroupState","5274","public struct ToggleButtonGroupState : IEquatable<ToggleButtonGroupState>, IComparable<ToggleButtonGroupState> // TypeDefIndex: 5274"
"532394","class","TreeView.UxmlFactory","5275","public class TreeView.UxmlFactory : UxmlFactory<TreeView, TreeView.UxmlTraits> // TypeDefIndex: 5275"
"532404","class","TreeView.UxmlTraits","5276","public class TreeView.UxmlTraits : BaseTreeView.UxmlTraits // TypeDefIndex: 5276"
"532419","class","TreeView","5277","public class TreeView : BaseTreeView // TypeDefIndex: 5277"
"532499","struct","TreeViewItemData","5278","public struct TreeViewItemData<T> // TypeDefIndex: 5278"
"532553","class","TwoPaneSplitView.UxmlFactory","5279","public class TwoPaneSplitView.UxmlFactory : UxmlFactory<TwoPaneSplitView, TwoPaneSplitView.UxmlTraits> // TypeDefIndex: 5279"
"532563","class","TwoPaneSplitView.UxmlTraits","5280","public class TwoPaneSplitView.UxmlTraits : VisualElement.UxmlTraits // TypeDefIndex: 5280"
"532580","class","TwoPaneSplitView","5281","public class TwoPaneSplitView : VisualElement // TypeDefIndex: 5281"
"532711","enum","TwoPaneSplitViewOrientation","5282","public enum TwoPaneSplitViewOrientation // TypeDefIndex: 5282"
"532721","class","TwoPaneSplitViewResizer","5283","internal class TwoPaneSplitViewResizer : PointerManipulator // TypeDefIndex: 5283"
"532789","class","UnsignedIntegerField.UxmlFactory","5284","public class UnsignedIntegerField.UxmlFactory : UxmlFactory<UnsignedIntegerField, UnsignedIntegerField.UxmlTraits> // TypeDefIndex: 5284"
"532799","class","UnsignedIntegerField.UxmlTraits","5285","public class UnsignedIntegerField.UxmlTraits : TextValueFieldTraits<uint, UxmlUnsignedIntAttributeDescription> // TypeDefIndex: 5285"
"532808","class","UnsignedIntegerField.UnsignedIntegerInput","5286","private class UnsignedIntegerField.UnsignedIntegerInput : TextValueField.TextValueInput<uint> // TypeDefIndex: 5286"
"532836","class","UnsignedIntegerField","5287","public class UnsignedIntegerField : TextValueField<uint> // TypeDefIndex: 5287"
"532875","class","UnsignedLongField.UxmlFactory","5288","public class UnsignedLongField.UxmlFactory : UxmlFactory<UnsignedLongField, UnsignedLongField.UxmlTraits> // TypeDefIndex: 5288"
"532885","class","UnsignedLongField.UxmlTraits","5289","public class UnsignedLongField.UxmlTraits : TextValueFieldTraits<ulong, UxmlUnsignedLongAttributeDescription> // TypeDefIndex: 5289"
"532894","class","UnsignedLongField.UnsignedLongInput","5290","private class UnsignedLongField.UnsignedLongInput : TextValueField.TextValueInput<ulong> // TypeDefIndex: 5290"
"532925","class","UnsignedLongField","5291","public class UnsignedLongField : TextValueField<ulong> // TypeDefIndex: 5291"
"532965","class","SetValueVisitor.","5292","private sealed class SetValueVisitor.<>c<TSrcValue> // TypeDefIndex: 5292"
"533162","class","SetValueVisitor","5293","internal class SetValueVisitor<TSrcValue> : PathVisitor // TypeDefIndex: 5293"
"533425","struct","CountingBloomFilter.","5294","public struct CountingBloomFilter.<m_Counters>e__FixedBuffer // TypeDefIndex: 5294"
"533432","struct","CountingBloomFilter","5295","internal struct CountingBloomFilter // TypeDefIndex: 5295"
"533463","class","AncestorFilter","5296","internal class AncestorFilter // TypeDefIndex: 5296"
"533488","class","Cursor.PropertyBag.TextureProperty","5297","private class Cursor.PropertyBag.TextureProperty : Property<Cursor, Texture2D> // TypeDefIndex: 5297"
"533523","class","Cursor.PropertyBag.HotspotProperty","5298","private class Cursor.PropertyBag.HotspotProperty : Property<Cursor, Vector2> // TypeDefIndex: 5298"
"533558","class","Cursor.PropertyBag.DefaultCursorIdProperty","5299","private class Cursor.PropertyBag.DefaultCursorIdProperty : Property<Cursor, int> // TypeDefIndex: 5299"
"533593","class","Cursor.PropertyBag","5300","internal class Cursor.PropertyBag : ContainerPropertyBag<Cursor> // TypeDefIndex: 5300"
"533602","struct","Cursor","5301","public struct Cursor : IEquatable<Cursor> // TypeDefIndex: 5301"
"533666","interface","ICursorManager","5302","internal interface ICursorManager // TypeDefIndex: 5302"
"533678","class","CursorManager","5303","internal class CursorManager : ICursorManager // TypeDefIndex: 5303"
"533711","class","DefaultEventSystem.InputForUIProcessor.","5304","private sealed class DefaultEventSystem.InputForUIProcessor.<>c // TypeDefIndex: 5304"
"533787","class","DefaultEventSystem.InputForUIProcessor.","5305","private sealed class DefaultEventSystem.InputForUIProcessor.<>c__DisplayClass14_0 // TypeDefIndex: 5305"
"533802","class","DefaultEventSystem.InputForUIProcessor","5306","private class DefaultEventSystem.InputForUIProcessor // TypeDefIndex: 5306"
"533844","interface","DefaultEventSystem.LegacyInputProcessor.IInput","5307","internal interface DefaultEventSystem.LegacyInputProcessor.IInput // TypeDefIndex: 5307"
"533901","class","DefaultEventSystem.LegacyInputProcessor.Input","5308","private class DefaultEventSystem.LegacyInputProcessor.Input : DefaultEventSystem.LegacyInputProcessor.IInput // TypeDefIndex: 5308"
"533961","class","DefaultEventSystem.LegacyInputProcessor.NoInput","5309","private class DefaultEventSystem.LegacyInputProcessor.NoInput : DefaultEventSystem.LegacyInputProcessor.IInput // TypeDefIndex: 5309"
"534023","class","DefaultEventSystem.LegacyInputProcessor.","5310","private sealed class DefaultEventSystem.LegacyInputProcessor.<>c // TypeDefIndex: 5310"
"534092","class","DefaultEventSystem.LegacyInputProcessor","5311","internal class DefaultEventSystem.LegacyInputProcessor // TypeDefIndex: 5311"
"534158","enum","DefaultEventSystem.UpdateMode","5312","public enum DefaultEventSystem.UpdateMode // TypeDefIndex: 5312"
"534167","struct","DefaultEventSystem.FocusBasedEventSequenceContext","5313","internal struct DefaultEventSystem.FocusBasedEventSequenceContext : IDisposable // TypeDefIndex: 5313"
"534184","class","DefaultEventSystem.","5314","private sealed class DefaultEventSystem.<>c // TypeDefIndex: 5314"
"534202","class","DefaultEventSystem","5315","internal class DefaultEventSystem // TypeDefIndex: 5315"
"534348","class","DisposeHelper","5316","internal class DisposeHelper // TypeDefIndex: 5316"
"534357","class","BaseReorderableDragAndDropController","5317","internal abstract class BaseReorderableDragAndDropController : ICollectionDragAndDropController, IDragAndDropController<IListDragAndDropArgs>, IReorderable // TypeDefIndex: 5317"
"534411","class","DragAndDropUtility","5318","internal static class DragAndDropUtility // TypeDefIndex: 5318"
"534425","class","DefaultDragAndDropClient","5319","internal class DefaultDragAndDropClient : DragAndDropData, IDragAndDrop // TypeDefIndex: 5319"
"534468","enum","DragEventsProcessor.DragState","5320","internal enum DragEventsProcessor.DragState // TypeDefIndex: 5320"
"534478","class","DragEventsProcessor","5321","internal abstract class DragEventsProcessor // TypeDefIndex: 5321"
"534569","interface","ICollectionDragAndDropController","5322","internal interface ICollectionDragAndDropController : IDragAndDropController<IListDragAndDropArgs>, IReorderable // TypeDefIndex: 5322"
"534573","interface","IDragAndDrop","5323","internal interface IDragAndDrop // TypeDefIndex: 5323"
"534600","class","DragAndDropData","5324","public abstract class DragAndDropData // TypeDefIndex: 5324"
"534628","interface","IListDragAndDropArgs","5325","internal interface IListDragAndDropArgs // TypeDefIndex: 5325"
"534656","struct","DragAndDropArgs","5326","internal struct DragAndDropArgs : IListDragAndDropArgs // TypeDefIndex: 5326"
"534739","enum","DragAndDropPosition","5327","public enum DragAndDropPosition // TypeDefIndex: 5327"
"534749","interface","IDragAndDropController","5328","internal interface IDragAndDropController<TArgs> // TypeDefIndex: 5328"
"534820","enum","DragVisualMode","5329","public enum DragVisualMode // TypeDefIndex: 5329"
"534832","struct","CanStartDragArgs","5330","public struct CanStartDragArgs // TypeDefIndex: 5330"
"534847","struct","SetupDragAndDropArgs","5331","public struct SetupDragAndDropArgs // TypeDefIndex: 5331"
"534862","struct","HandleDragAndDropArgs","5332","public struct HandleDragAndDropArgs // TypeDefIndex: 5332"
"534877","struct","StartDragArgs","5333","public struct StartDragArgs // TypeDefIndex: 5333"
"534950","interface","IReorderable","5334","internal interface IReorderable // TypeDefIndex: 5334"
"534965","struct","ListViewDragger.DragPosition","5335","internal struct ListViewDragger.DragPosition : IEquatable<ListViewDragger.DragPosition> // TypeDefIndex: 5335"
"534987","class","ListViewDragger","5336","internal class ListViewDragger : DragEventsProcessor // TypeDefIndex: 5336"
"535096","class","ListViewDraggerExtension","5337","internal static class ListViewDraggerExtension // TypeDefIndex: 5337"
"535110","class","ListViewDraggerAnimated","5338","internal class ListViewDraggerAnimated : ListViewDragger // TypeDefIndex: 5338"
"535168","class","ListViewReorderableDragAndDropController","5339","internal class ListViewReorderableDragAndDropController : BaseReorderableDragAndDropController // TypeDefIndex: 5339"
"535186","class","TreeViewReorderableDragAndDropController.DropData","5340","protected class TreeViewReorderableDragAndDropController.DropData // TypeDefIndex: 5340"
"535202","class","TreeViewReorderableDragAndDropController","5341","internal class TreeViewReorderableDragAndDropController : BaseReorderableDragAndDropController // TypeDefIndex: 5341"
"535247","class","DropdownMenuEventInfo","5342","public class DropdownMenuEventInfo // TypeDefIndex: 5342"
"535273","class","DropdownMenuItem","5343","public abstract class DropdownMenuItem // TypeDefIndex: 5343"
"535282","class","DropdownMenuSeparator","5344","public class DropdownMenuSeparator : DropdownMenuItem // TypeDefIndex: 5344"
"535304","enum","DropdownMenuAction.Status","5345","public enum DropdownMenuAction.Status // TypeDefIndex: 5345"
"535316","class","DropdownMenuAction","5346","public class DropdownMenuAction : DropdownMenuItem // TypeDefIndex: 5346"
"535373","class","DropdownMenu.","5347","private sealed class DropdownMenu.<>c__DisplayClass10_0 // TypeDefIndex: 5347"
"535389","class","DropdownMenu.","5348","private sealed class DropdownMenu.<>c__DisplayClass13_0 // TypeDefIndex: 5348"
"535404","class","DropdownMenu","5349","public class DropdownMenu // TypeDefIndex: 5349"
"535441","class","DropdownUtility","5350","internal static class DropdownUtility // TypeDefIndex: 5350"
"535454","enum","DispatchMode","5351","internal enum DispatchMode // TypeDefIndex: 5351"
"535464","struct","EventDispatcherGate","5352","public struct EventDispatcherGate : IDisposable, IEquatable<EventDispatcherGate> // TypeDefIndex: 5352"
"535488","struct","EventDispatcher.EventRecord","5353","private struct EventDispatcher.EventRecord // TypeDefIndex: 5353"
"535496","struct","EventDispatcher.DispatchContext","5354","private struct EventDispatcher.DispatchContext // TypeDefIndex: 5354"
"535506","class","EventDispatcher.","5355","private sealed class EventDispatcher.<>c // TypeDefIndex: 5355"
"535524","class","EventDispatcher","5356","public sealed class EventDispatcher // TypeDefIndex: 5356"
"535595","class","PointerCaptureEventBase","5357","public abstract class PointerCaptureEventBase<T> : EventBase<T> // TypeDefIndex: 5357"
"535674","class","PointerCaptureOutEvent.","5358","private sealed class PointerCaptureOutEvent.<>c // TypeDefIndex: 5358"
"535692","class","PointerCaptureOutEvent","5359","public class PointerCaptureOutEvent : PointerCaptureEventBase<PointerCaptureOutEvent> // TypeDefIndex: 5359"
"535709","class","PointerCaptureEvent.","5360","private sealed class PointerCaptureEvent.<>c // TypeDefIndex: 5360"
"535727","class","PointerCaptureEvent","5361","public class PointerCaptureEvent : PointerCaptureEventBase<PointerCaptureEvent> // TypeDefIndex: 5361"
"535742","class","MouseCaptureEventBase","5362","public abstract class MouseCaptureEventBase<T> : PointerCaptureEventBase<T> // TypeDefIndex: 5362"
"535758","class","MouseCaptureOutEvent.","5363","private sealed class MouseCaptureOutEvent.<>c // TypeDefIndex: 5363"
"535776","class","MouseCaptureOutEvent","5364","public class MouseCaptureOutEvent : MouseCaptureEventBase<MouseCaptureOutEvent> // TypeDefIndex: 5364"
"535793","class","MouseCaptureEvent.","5365","private sealed class MouseCaptureEvent.<>c // TypeDefIndex: 5365"
"535811","class","MouseCaptureEvent","5366","public class MouseCaptureEvent : MouseCaptureEventBase<MouseCaptureEvent> // TypeDefIndex: 5366"
"535825","class","ChangeEvent.","5367","private sealed class ChangeEvent.<>c<T> // TypeDefIndex: 5367"
"536030","class","ChangeEvent","5368","public class ChangeEvent<T> : EventBase<ChangeEvent<T>> // TypeDefIndex: 5368"
"536638","class","CommandEventBase","5369","public abstract class CommandEventBase<T> : EventBase<T> // TypeDefIndex: 5369"
"536716","class","ValidateCommandEvent.","5370","private sealed class ValidateCommandEvent.<>c // TypeDefIndex: 5370"
"536734","class","ValidateCommandEvent","5371","public class ValidateCommandEvent : CommandEventBase<ValidateCommandEvent> // TypeDefIndex: 5371"
"536748","class","ExecuteCommandEvent.","5372","private sealed class ExecuteCommandEvent.<>c // TypeDefIndex: 5372"
"536766","class","ExecuteCommandEvent","5373","public class ExecuteCommandEvent : CommandEventBase<ExecuteCommandEvent> // TypeDefIndex: 5373"
"536778","class","ElementUnderPointer","5374","internal class ElementUnderPointer // TypeDefIndex: 5374"
"536819","enum","EventBase.EventPropagation","5375","internal enum EventBase.EventPropagation // TypeDefIndex: 5375"
"536832","enum","EventBase.LifeCycleStatus","5376","private enum EventBase.LifeCycleStatus // TypeDefIndex: 5376"
"536849","class","EventBase","5377","public abstract class EventBase : IDisposable // TypeDefIndex: 5377"
"537125","class","EventBase.","5378","private sealed class EventBase.<>c<T> // TypeDefIndex: 5378"
"537159","class","EventBase","5379","public abstract class EventBase<T> : EventBase // TypeDefIndex: 5379"
"537262","class","EventCallback","5380","public sealed class EventCallback<TEventType> : MulticastDelegate // TypeDefIndex: 5380"
"537290","class","EventCallback","5381","public sealed class EventCallback<TEventType, TCallbackArgs> : MulticastDelegate // TypeDefIndex: 5381"
"537318","class","EventCallbackFunctorBase","5382","internal abstract class EventCallbackFunctorBase : IDisposable // TypeDefIndex: 5382"
"537343","class","EventCallbackFunctor","5383","internal class EventCallbackFunctor<TEventType> : EventCallbackFunctorBase // TypeDefIndex: 5383"
"537400","class","EventCallbackFunctor","5384","internal class EventCallbackFunctor<TEventType, TCallbackArgs> : EventCallbackFunctorBase // TypeDefIndex: 5384"
"537505","enum","TrickleDown","5385","public enum TrickleDown // TypeDefIndex: 5385"
"537515","enum","InvokePolicy","5386","internal enum InvokePolicy // TypeDefIndex: 5386"
"537525","class","EventCallbackListPool","5387","internal class EventCallbackListPool // TypeDefIndex: 5387"
"537544","class","EventCallbackList","5388","internal class EventCallbackList // TypeDefIndex: 5388"
"537586","struct","EventCallbackRegistry.DynamicCallbackList","5389","internal struct EventCallbackRegistry.DynamicCallbackList // TypeDefIndex: 5389"
"537626","class","EventCallbackRegistry","5390","internal class EventCallbackRegistry // TypeDefIndex: 5390"
"537690","enum","PropagationPhase","5391","public enum PropagationPhase // TypeDefIndex: 5391"
"537706","class","EventDispatchUtilities","5392","internal static class EventDispatchUtilities // TypeDefIndex: 5392"
"537778","interface","IEventHandler","5393","public interface IEventHandler // TypeDefIndex: 5393"
"537787","class","CallbackEventHandler","5394","public abstract class CallbackEventHandler : IEventHandler // TypeDefIndex: 5394"
"537922","class","FocusEventBase","5395","public abstract class FocusEventBase<T> : EventBase<T> // TypeDefIndex: 5395"
"538054","class","FocusOutEvent.","5396","private sealed class FocusOutEvent.<>c // TypeDefIndex: 5396"
"538072","class","FocusOutEvent","5397","public class FocusOutEvent : FocusEventBase<FocusOutEvent> // TypeDefIndex: 5397"
"538095","class","BlurEvent.","5398","private sealed class BlurEvent.<>c // TypeDefIndex: 5398"
"538113","class","BlurEvent","5399","public class BlurEvent : FocusEventBase<BlurEvent> // TypeDefIndex: 5399"
"538127","class","FocusInEvent.","5400","private sealed class FocusInEvent.<>c // TypeDefIndex: 5400"
"538145","class","FocusInEvent","5401","public class FocusInEvent : FocusEventBase<FocusInEvent> // TypeDefIndex: 5401"
"538168","class","FocusEvent.","5402","private sealed class FocusEvent.<>c // TypeDefIndex: 5402"
"538186","class","FocusEvent","5403","public class FocusEvent : FocusEventBase<FocusEvent> // TypeDefIndex: 5403"
"538200","class","IMEEvent.","5404","private sealed class IMEEvent.<>c // TypeDefIndex: 5404"
"538219","class","IMEEvent","5405","internal class IMEEvent : EventBase<IMEEvent> // TypeDefIndex: 5405"
"538254","class","InputEvent.","5406","private sealed class InputEvent.<>c // TypeDefIndex: 5406"
"538272","class","InputEvent","5407","public class InputEvent : EventBase<InputEvent> // TypeDefIndex: 5407"
"538313","interface","IKeyboardEvent","5408","public interface IKeyboardEvent // TypeDefIndex: 5408"
"538334","class","KeyboardEventBase","5409","public abstract class KeyboardEventBase<T> : EventBase<T>, IKeyboardEvent // TypeDefIndex: 5409"
"538514","class","KeyDownEvent.","5410","private sealed class KeyDownEvent.<>c // TypeDefIndex: 5410"
"538532","class","KeyDownEvent","5411","public class KeyDownEvent : KeyboardEventBase<KeyDownEvent> // TypeDefIndex: 5411"
"538554","class","KeyboardEventExtensions","5412","internal static class KeyboardEventExtensions // TypeDefIndex: 5412"
"538570","class","KeyUpEvent.","5413","private sealed class KeyUpEvent.<>c // TypeDefIndex: 5413"
"538588","class","KeyUpEvent","5414","public class KeyUpEvent : KeyboardEventBase<KeyUpEvent> // TypeDefIndex: 5414"
"538602","class","GeometryChangedEvent.","5415","private sealed class GeometryChangedEvent.<>c // TypeDefIndex: 5415"
"538621","class","GeometryChangedEvent","5416","public class GeometryChangedEvent : EventBase<GeometryChangedEvent> // TypeDefIndex: 5416"
"538683","interface","IMouseEvent","5417","public interface IMouseEvent // TypeDefIndex: 5417"
"538719","interface","IMouseEventInternal","5418","internal interface IMouseEventInternal // TypeDefIndex: 5418"
"538742","class","MouseEventBase","5419","public abstract class MouseEventBase<T> : EventBase<T>, IMouseEvent, IMouseEventInternal, IPointerOrMouseEvent // TypeDefIndex: 5419"
"539085","class","MouseDownEvent.","5420","private sealed class MouseDownEvent.<>c // TypeDefIndex: 5420"
"539104","class","MouseDownEvent","5421","public class MouseDownEvent : MouseEventBase<MouseDownEvent> // TypeDefIndex: 5421"
"539133","class","MouseUpEvent.","5422","private sealed class MouseUpEvent.<>c // TypeDefIndex: 5422"
"539151","class","MouseUpEvent","5423","public class MouseUpEvent : MouseEventBase<MouseUpEvent> // TypeDefIndex: 5423"
"539183","class","MouseMoveEvent.","5424","private sealed class MouseMoveEvent.<>c // TypeDefIndex: 5424"
"539202","class","MouseMoveEvent","5425","public class MouseMoveEvent : MouseEventBase<MouseMoveEvent> // TypeDefIndex: 5425"
"539225","class","ContextClickEvent.","5426","private sealed class ContextClickEvent.<>c // TypeDefIndex: 5426"
"539243","class","ContextClickEvent","5427","public class ContextClickEvent : MouseEventBase<ContextClickEvent> // TypeDefIndex: 5427"
"539257","class","WheelEvent.","5428","private sealed class WheelEvent.<>c // TypeDefIndex: 5428"
"539275","class","WheelEvent","5429","public class WheelEvent : MouseEventBase<WheelEvent> // TypeDefIndex: 5429"
"539323","class","MouseEnterEvent.","5430","private sealed class MouseEnterEvent.<>c // TypeDefIndex: 5430"
"539342","class","MouseEnterEvent","5431","public class MouseEnterEvent : MouseEventBase<MouseEnterEvent> // TypeDefIndex: 5431"
"539365","class","MouseLeaveEvent.","5432","private sealed class MouseLeaveEvent.<>c // TypeDefIndex: 5432"
"539384","class","MouseLeaveEvent","5433","public class MouseLeaveEvent : MouseEventBase<MouseLeaveEvent> // TypeDefIndex: 5433"
"539407","class","MouseOverEvent.","5434","private sealed class MouseOverEvent.<>c // TypeDefIndex: 5434"
"539426","class","MouseOverEvent","5435","public class MouseOverEvent : MouseEventBase<MouseOverEvent> // TypeDefIndex: 5435"
"539446","class","MouseOutEvent.","5436","private sealed class MouseOutEvent.<>c // TypeDefIndex: 5436"
"539465","class","MouseOutEvent","5437","public class MouseOutEvent : MouseEventBase<MouseOutEvent> // TypeDefIndex: 5437"
"539485","class","MouseEnterWindowEvent.","5438","private sealed class MouseEnterWindowEvent.<>c // TypeDefIndex: 5438"
"539504","class","MouseEnterWindowEvent","5439","public class MouseEnterWindowEvent : MouseEventBase<MouseEnterWindowEvent> // TypeDefIndex: 5439"
"539530","class","MouseLeaveWindowEvent.","5440","private sealed class MouseLeaveWindowEvent.<>c // TypeDefIndex: 5440"
"539549","class","MouseLeaveWindowEvent","5441","public class MouseLeaveWindowEvent : MouseEventBase<MouseLeaveWindowEvent> // TypeDefIndex: 5441"
"539578","class","ContextualMenuPopulateEvent.","5442","private sealed class ContextualMenuPopulateEvent.<>c // TypeDefIndex: 5442"
"539596","class","ContextualMenuPopulateEvent","5443","public class ContextualMenuPopulateEvent : MouseEventBase<ContextualMenuPopulateEvent> // TypeDefIndex: 5443"
"539649","class","MouseEventsHelper","5444","internal static class MouseEventsHelper // TypeDefIndex: 5444"
"539666","class","PointerEventsHelper","5445","internal static class PointerEventsHelper // TypeDefIndex: 5445"
"539683","interface","INavigationEvent","5446","public interface INavigationEvent // TypeDefIndex: 5446"
"539699","enum","NavigationDeviceType","5447","internal enum NavigationDeviceType // TypeDefIndex: 5447"
"539710","class","NavigationEventBase","5448","public abstract class NavigationEventBase<T> : EventBase<T>, INavigationEvent // TypeDefIndex: 5448"
"539830","enum","NavigationMoveEvent.Direction","5449","public enum NavigationMoveEvent.Direction // TypeDefIndex: 5449"
"539846","class","NavigationMoveEvent.","5450","private sealed class NavigationMoveEvent.<>c // TypeDefIndex: 5450"
"539864","class","NavigationMoveEvent","5451","public class NavigationMoveEvent : NavigationEventBase<NavigationMoveEvent> // TypeDefIndex: 5451"
"539926","class","NavigationCancelEvent.","5452","private sealed class NavigationCancelEvent.<>c // TypeDefIndex: 5452"
"539944","class","NavigationCancelEvent","5453","public class NavigationCancelEvent : NavigationEventBase<NavigationCancelEvent> // TypeDefIndex: 5453"
"539958","class","NavigationSubmitEvent.","5454","private sealed class NavigationSubmitEvent.<>c // TypeDefIndex: 5454"
"539976","class","NavigationSubmitEvent","5455","public class NavigationSubmitEvent : NavigationEventBase<NavigationSubmitEvent> // TypeDefIndex: 5455"
"539989","class","PanelChangedEventBase","5456","public abstract class PanelChangedEventBase<T> : EventBase<T> // TypeDefIndex: 5456"
"540077","class","AttachToPanelEvent.","5457","private sealed class AttachToPanelEvent.<>c // TypeDefIndex: 5457"
"540095","class","AttachToPanelEvent","5458","public class AttachToPanelEvent : PanelChangedEventBase<AttachToPanelEvent> // TypeDefIndex: 5458"
"540109","class","DetachFromPanelEvent.","5459","private sealed class DetachFromPanelEvent.<>c // TypeDefIndex: 5459"
"540127","class","DetachFromPanelEvent","5460","public class DetachFromPanelEvent : PanelChangedEventBase<DetachFromPanelEvent> // TypeDefIndex: 5460"
"540140","enum","PointerDeviceState.LocationFlag","5461","internal enum PointerDeviceState.LocationFlag // TypeDefIndex: 5461"
"540149","struct","PointerDeviceState.PointerLocation","5462","private struct PointerDeviceState.PointerLocation // TypeDefIndex: 5462"
"540201","class","PointerDeviceState","5463","internal static class PointerDeviceState // TypeDefIndex: 5463"
"540254","class","PointerType","5464","public static class PointerType // TypeDefIndex: 5464"
"540275","class","PointerId","5465","public static class PointerId // TypeDefIndex: 5465"
"540294","interface","IPointerEvent","5466","public interface IPointerEvent // TypeDefIndex: 5466"
"540402","interface","IPointerEventInternal","5467","internal interface IPointerEventInternal // TypeDefIndex: 5467"
"540428","interface","IPointerOrMouseEvent","5468","internal interface IPointerOrMouseEvent // TypeDefIndex: 5468"
"540444","class","PointerEventHelper","5469","internal static class PointerEventHelper // TypeDefIndex: 5469"
"540454","class","PointerEventBase","5470","public abstract class PointerEventBase<T> : EventBase<T>, IPointerEvent, IPointerEventInternal, IPointerOrMouseEvent // TypeDefIndex: 5470"
"541161","class","PointerDownEvent.","5471","private sealed class PointerDownEvent.<>c // TypeDefIndex: 5471"
"541180","class","PointerDownEvent","5472","public sealed class PointerDownEvent : PointerEventBase<PointerDownEvent> // TypeDefIndex: 5472"
"541206","class","PointerMoveEvent.","5473","private sealed class PointerMoveEvent.<>c // TypeDefIndex: 5473"
"541225","class","PointerMoveEvent","5474","public sealed class PointerMoveEvent : PointerEventBase<PointerMoveEvent> // TypeDefIndex: 5474"
"541275","class","PointerUpEvent.","5475","private sealed class PointerUpEvent.<>c // TypeDefIndex: 5475"
"541293","class","PointerUpEvent","5476","public sealed class PointerUpEvent : PointerEventBase<PointerUpEvent> // TypeDefIndex: 5476"
"541319","class","PointerCancelEvent.","5477","private sealed class PointerCancelEvent.<>c // TypeDefIndex: 5477"
"541337","class","PointerCancelEvent","5478","public sealed class PointerCancelEvent : PointerEventBase<PointerCancelEvent> // TypeDefIndex: 5478"
"541363","class","ClickEvent.","5479","private sealed class ClickEvent.<>c // TypeDefIndex: 5479"
"541381","class","ClickEvent","5480","public sealed class ClickEvent : PointerEventBase<ClickEvent> // TypeDefIndex: 5480"
"541404","class","PointerEnterEvent.","5481","private sealed class PointerEnterEvent.<>c // TypeDefIndex: 5481"
"541423","class","PointerEnterEvent","5482","public sealed class PointerEnterEvent : PointerEventBase<PointerEnterEvent> // TypeDefIndex: 5482"
"541449","class","PointerLeaveEvent.","5483","private sealed class PointerLeaveEvent.<>c // TypeDefIndex: 5483"
"541468","class","PointerLeaveEvent","5484","public sealed class PointerLeaveEvent : PointerEventBase<PointerLeaveEvent> // TypeDefIndex: 5484"
"541494","class","PointerOverEvent.","5485","private sealed class PointerOverEvent.<>c // TypeDefIndex: 5485"
"541513","class","PointerOverEvent","5486","public sealed class PointerOverEvent : PointerEventBase<PointerOverEvent> // TypeDefIndex: 5486"
"541530","class","PointerOutEvent.","5487","private sealed class PointerOutEvent.<>c // TypeDefIndex: 5487"
"541549","class","PointerOutEvent","5488","public sealed class PointerOutEvent : PointerEventBase<PointerOutEvent> // TypeDefIndex: 5488"
"541566","class","PropagationPaths.","5489","private sealed class PropagationPaths.<>c // TypeDefIndex: 5489"
"541584","class","PropagationPaths","5490","internal class PropagationPaths : IDisposable // TypeDefIndex: 5490"
"541610","class","CustomStyleResolvedEvent.","5491","private sealed class CustomStyleResolvedEvent.<>c // TypeDefIndex: 5491"
"541629","class","CustomStyleResolvedEvent","5492","public class CustomStyleResolvedEvent : EventBase<CustomStyleResolvedEvent> // TypeDefIndex: 5492"
"541649","class","TooltipEvent.","5493","private sealed class TooltipEvent.<>c // TypeDefIndex: 5493"
"541668","class","TooltipEvent","5494","public class TooltipEvent : EventBase<TooltipEvent> // TypeDefIndex: 5494"
"541706","struct","StylePropertyNameCollection.Enumerator","5495","public struct StylePropertyNameCollection.Enumerator : IEnumerator<StylePropertyName>, IEnumerator, IDisposable // TypeDefIndex: 5495"
"541737","struct","StylePropertyNameCollection","5496","public struct StylePropertyNameCollection : IEnumerable<StylePropertyName>, IEnumerable // TypeDefIndex: 5496"
"541759","class","TransitionEventBase","5497","public abstract class TransitionEventBase<T> : EventBase<T> // TypeDefIndex: 5497"
"541829","class","TransitionRunEvent.","5498","private sealed class TransitionRunEvent.<>c // TypeDefIndex: 5498"
"541847","class","TransitionRunEvent","5499","public sealed class TransitionRunEvent : TransitionEventBase<TransitionRunEvent> // TypeDefIndex: 5499"
"541861","class","TransitionStartEvent.","5500","private sealed class TransitionStartEvent.<>c // TypeDefIndex: 5500"
"541879","class","TransitionStartEvent","5501","public sealed class TransitionStartEvent : TransitionEventBase<TransitionStartEvent> // TypeDefIndex: 5501"
"541893","class","TransitionEndEvent.","5502","private sealed class TransitionEndEvent.<>c // TypeDefIndex: 5502"
"541911","class","TransitionEndEvent","5503","public sealed class TransitionEndEvent : TransitionEventBase<TransitionEndEvent> // TypeDefIndex: 5503"
"541925","class","TransitionCancelEvent.","5504","private sealed class TransitionCancelEvent.<>c // TypeDefIndex: 5504"
"541943","class","TransitionCancelEvent","5505","public sealed class TransitionCancelEvent : TransitionEventBase<TransitionCancelEvent> // TypeDefIndex: 5505"
"541957","class","IMGUIEvent.","5506","private sealed class IMGUIEvent.<>c // TypeDefIndex: 5506"
"541976","class","IMGUIEvent","5507","public class IMGUIEvent : EventBase<IMGUIEvent> // TypeDefIndex: 5507"
"542001","class","BaseFieldMouseDragger","5508","public abstract class BaseFieldMouseDragger // TypeDefIndex: 5508"
"542017","class","FieldMouseDragger","5509","public class FieldMouseDragger<T> : BaseFieldMouseDragger // TypeDefIndex: 5509"
"542406","class","Focusable","5510","public abstract class Focusable : CallbackEventHandler // TypeDefIndex: 5510"
"542498","class","FocusChangeDirection","5511","public class FocusChangeDirection : IDisposable // TypeDefIndex: 5511"
"542551","interface","IFocusRing","5512","public interface IFocusRing // TypeDefIndex: 5512"
"542563","struct","FocusController.FocusedElement","5513","private struct FocusController.FocusedElement // TypeDefIndex: 5513"
"542571","class","FocusController","5514","public class FocusController // TypeDefIndex: 5514"
"542693","class","DynamicAtlasSettings","5515","public class DynamicAtlasSettings // TypeDefIndex: 5515"
"542762","class","NavigateFocusRing.ChangeDirection","5516","public class NavigateFocusRing.ChangeDirection : FocusChangeDirection // TypeDefIndex: 5516"
"542771","struct","NavigateFocusRing.FocusableHierarchyTraversal","5517","private struct NavigateFocusRing.FocusableHierarchyTraversal // TypeDefIndex: 5517"
"542804","class","NavigateFocusRing","5518","internal class NavigateFocusRing : IFocusRing // TypeDefIndex: 5518"
"542847","enum","PanelScaleMode","5519","public enum PanelScaleMode // TypeDefIndex: 5519"
"542857","enum","PanelScreenMatchMode","5520","public enum PanelScreenMatchMode // TypeDefIndex: 5520"
"542867","enum","PanelRenderMode","5521","public enum PanelRenderMode // TypeDefIndex: 5521"
"542876","class","PanelSettings.RuntimePanelAccess","5522","private class PanelSettings.RuntimePanelAccess // TypeDefIndex: 5522"
"542924","class","PanelSettings","5523","public class PanelSettings : ScriptableObject // TypeDefIndex: 5523"
"543246","class","RuntimeEventDispatcher","5524","internal static class RuntimeEventDispatcher // TypeDefIndex: 5524"
"543255","interface","IRuntimePanel","5525","public interface IRuntimePanel : IPanel, IDisposable // TypeDefIndex: 5525"
"543261","class","RuntimePanel.","5526","private sealed class RuntimePanel.<>c // TypeDefIndex: 5526"
"543280","class","RuntimePanel","5527","internal class RuntimePanel : BaseRuntimePanel, IRuntimePanel, IPanel, IDisposable // TypeDefIndex: 5527"
"543311","class","UIDocumentList","5528","internal class UIDocumentList // TypeDefIndex: 5528"
"543329","enum","UIDocument.WorldSpaceSizeMode","5529","internal enum UIDocument.WorldSpaceSizeMode // TypeDefIndex: 5529"
"543343","class","UIDocument","5530","public sealed class UIDocument : MonoBehaviour // TypeDefIndex: 5530"
"543512","class","GroupBoxUtility","5531","internal static class GroupBoxUtility // TypeDefIndex: 5531"
"543562","interface","IGroupBoxOption","5532","internal interface IGroupBoxOption // TypeDefIndex: 5532"
"543571","interface","IGroupBox","5533","internal interface IGroupBox // TypeDefIndex: 5533"
"543583","interface","IGroupBox","5534","internal interface IGroupBox<T> : IGroupBox // TypeDefIndex: 5534"
"543587","interface","IGroupManager","5535","internal interface IGroupManager // TypeDefIndex: 5535"
"543605","class","DefaultGroupManager","5536","internal class DefaultGroupManager : IGroupManager // TypeDefIndex: 5536"
"543632","class","IMGUIContainer.UxmlFactory","5537","public class IMGUIContainer.UxmlFactory : UxmlFactory<IMGUIContainer, IMGUIContainer.UxmlTraits> // TypeDefIndex: 5537"
"543642","class","IMGUIContainer.UxmlTraits","5538","public class IMGUIContainer.UxmlTraits : VisualElement.UxmlTraits // TypeDefIndex: 5538"
"543651","struct","IMGUIContainer.GUIGlobals","5539","private struct IMGUIContainer.GUIGlobals // TypeDefIndex: 5539"
"543665","class","IMGUIContainer","5540","public class IMGUIContainer : VisualElement, IDisposable // TypeDefIndex: 5540"
"543853","interface","ISerializableJsonDictionary","5541","internal interface ISerializableJsonDictionary // TypeDefIndex: 5541"
"543881","interface","ITransform","5542","public interface ITransform // TypeDefIndex: 5542"
"543900","class","ImmediateModeException","5543","internal class ImmediateModeException : Exception // TypeDefIndex: 5543"
"543909","enum","SelectionType","5544","public enum SelectionType // TypeDefIndex: 5544"
"543919","enum","KeyboardNavigationOperation","5545","public enum KeyboardNavigationOperation // TypeDefIndex: 5545"
"543939","struct","KeyboardNavigationManipulator.","5546","private struct KeyboardNavigationManipulator.<>c__DisplayClass4_0 // TypeDefIndex: 5546"
"543946","class","KeyboardNavigationManipulator","5547","public class KeyboardNavigationManipulator : Manipulator // TypeDefIndex: 5547"
"543984","class","ManagedJobExtension","5548","internal static class ManagedJobExtension // TypeDefIndex: 5548"
"544017","struct","ManipulatorActivationFilter","5549","public struct ManipulatorActivationFilter : IEquatable<ManipulatorActivationFilter> // TypeDefIndex: 5549"
"544080","interface","IManipulator","5550","public interface IManipulator // TypeDefIndex: 5550"
"544092","class","Manipulator","5551","public abstract class Manipulator : IManipulator // TypeDefIndex: 5551"
"544119","enum","MouseButton","5552","public enum MouseButton // TypeDefIndex: 5552"
"544130","class","MouseCaptureController","5553","public static class MouseCaptureController // TypeDefIndex: 5553"
"544144","class","MouseManipulator","5554","public abstract class MouseManipulator : Manipulator // TypeDefIndex: 5554"
"544169","struct","MeshWriteDataInterface","5555","internal struct MeshWriteDataInterface // TypeDefIndex: 5555"
"544180","class","UIPainter2D","5556","internal static class UIPainter2D // TypeDefIndex: 5556"
"544205","struct","MeshBuilderNative.NativeColorPage","5557","public struct MeshBuilderNative.NativeColorPage // TypeDefIndex: 5557"
"544213","struct","MeshBuilderNative.NativeBorderParams","5558","public struct MeshBuilderNative.NativeBorderParams // TypeDefIndex: 5558"
"544236","struct","MeshBuilderNative.NativeRectParams","5559","public struct MeshBuilderNative.NativeRectParams // TypeDefIndex: 5559"
"544275","class","MeshBuilderNative","5560","internal static class MeshBuilderNative // TypeDefIndex: 5560"
"544317","class","UIRenderer","5561","public sealed class UIRenderer : Renderer // TypeDefIndex: 5561"
"544342","class","UIElementsRuntimeUtilityNative","5562","internal static class UIElementsRuntimeUtilityNative // TypeDefIndex: 5562"
"544376","class","ObjectPool.","5563","private sealed class ObjectPool.<>c<T> // TypeDefIndex: 5563"
"544419","class","ObjectPool","5564","internal class ObjectPool<T> // TypeDefIndex: 5564"
"544499","enum","ContextType","5565","public enum ContextType // TypeDefIndex: 5565"
"544509","enum","VersionChangeType","5566","public enum VersionChangeType // TypeDefIndex: 5566"
"544538","enum","UsageHints","5567","public enum UsageHints // TypeDefIndex: 5567"
"544551","enum","RenderHints","5568","internal enum RenderHints // TypeDefIndex: 5568"
"544571","struct","PanelClearSettings","5569","internal struct PanelClearSettings // TypeDefIndex: 5569"
"544580","class","RepaintData","5570","internal class RepaintData // TypeDefIndex: 5570"
"544624","class","HierarchyEvent","5571","internal sealed class HierarchyEvent : MulticastDelegate // TypeDefIndex: 5571"
"544636","interface","IPanel","5572","public interface IPanel : IDisposable // TypeDefIndex: 5572"
"544660","interface","IDebugPanelChangeReceiver","5573","public interface IDebugPanelChangeReceiver // TypeDefIndex: 5573"
"544670","class","BaseVisualElementPanel","5574","internal abstract class BaseVisualElementPanel : IPanel, IDisposable, IGroupBox // TypeDefIndex: 5574"
"545019","class","LoadResourceFunction","5575","internal sealed class LoadResourceFunction : MulticastDelegate // TypeDefIndex: 5575"
"545031","class","TimeMsFunction","5576","internal sealed class TimeMsFunction : MulticastDelegate // TypeDefIndex: 5576"
"545043","class","GetViewDataDictionary","5577","internal sealed class GetViewDataDictionary : MulticastDelegate // TypeDefIndex: 5577"
"545055","class","SavePersistentViewData","5578","internal sealed class SavePersistentViewData : MulticastDelegate // TypeDefIndex: 5578"
"545068","class","Panel","5579","internal class Panel : BaseVisualElementPanel // TypeDefIndex: 5579"
"545339","class","BaseRuntimePanel.","5580","private sealed class BaseRuntimePanel.<>c // TypeDefIndex: 5580"
"545357","class","BaseRuntimePanel","5581","internal abstract class BaseRuntimePanel : Panel // TypeDefIndex: 5581"
"545494","interface","IRuntimePanelComponent","5582","internal interface IRuntimePanelComponent // TypeDefIndex: 5582"
"545506","class","PanelRootElement","5583","internal class PanelRootElement : VisualElement // TypeDefIndex: 5583"
"545515","class","EditorPanelRootElement","5584","internal class EditorPanelRootElement : PanelRootElement // TypeDefIndex: 5584"
"545528","class","PointerCaptureHelper","5585","public static class PointerCaptureHelper // TypeDefIndex: 5585"
"545573","class","PointerDispatchState","5586","internal class PointerDispatchState // TypeDefIndex: 5586"
"545617","class","PointerManipulator","5587","public abstract class PointerManipulator : MouseManipulator // TypeDefIndex: 5587"
"545635","class","ProjectionUtils","5588","internal static class ProjectionUtils // TypeDefIndex: 5588"
"545644","struct","SafeHandleAccess","5589","internal struct SafeHandleAccess // TypeDefIndex: 5589"
"545664","class","UIRAtlasAllocator.Row.","5590","private sealed class UIRAtlasAllocator.Row.<>c // TypeDefIndex: 5590"
"545682","class","UIRAtlasAllocator.Row","5591","private class UIRAtlasAllocator.Row // TypeDefIndex: 5591"
"545752","class","UIRAtlasAllocator.AreaNode.","5592","private sealed class UIRAtlasAllocator.AreaNode.<>c // TypeDefIndex: 5592"
"545770","class","UIRAtlasAllocator.AreaNode","5593","private class UIRAtlasAllocator.AreaNode // TypeDefIndex: 5593"
"545800","class","UIRAtlasAllocator","5594","internal class UIRAtlasAllocator : IDisposable // TypeDefIndex: 5594"
"545923","class","DynamicAtlasPage","5595","internal class DynamicAtlasPage : IDisposable // TypeDefIndex: 5595"
"546025","class","UIRLayoutUpdater","5596","internal class UIRLayoutUpdater : BaseVisualTreeUpdater // TypeDefIndex: 5596"
"546070","struct","Vertex","5597","public struct Vertex // TypeDefIndex: 5597"
"546087","enum","MeshGenerationCallbackType","5598","internal enum MeshGenerationCallbackType // TypeDefIndex: 5598"
"546097","class","MeshWriteData","5599","public class MeshWriteData // TypeDefIndex: 5599"
"546113","struct","ColorPage","5600","internal struct ColorPage // TypeDefIndex: 5600"
"546130","enum","MeshGenerationContext.MeshFlags","5601","internal enum MeshGenerationContext.MeshFlags // TypeDefIndex: 5601"
"546141","class","MeshGenerationContext","5602","public class MeshGenerationContext // TypeDefIndex: 5602"
"546260","struct","MeshGenerationNode","5603","public struct MeshGenerationNode // TypeDefIndex: 5603"
"546275","struct","UnsafeMeshGenerationNode","5604","internal struct UnsafeMeshGenerationNode // TypeDefIndex: 5604"
"546302","class","MeshGenerationNodeImpl","5605","internal class MeshGenerationNodeImpl : IDisposable // TypeDefIndex: 5605"
"546357","class","MeshGenerationNodeManager","5606","internal class MeshGenerationNodeManager : IDisposable // TypeDefIndex: 5606"
"546403","struct","Painter2D.Painter2DJobData","5607","private struct Painter2D.Painter2DJobData // TypeDefIndex: 5607"
"546411","struct","Painter2D.Painter2DJob","5608","private struct Painter2D.Painter2DJob : IJobParallelFor // TypeDefIndex: 5608"
"546428","class","Painter2D","5609","public class Painter2D : IDisposable // TypeDefIndex: 5609"
"546479","interface","IPanelRenderer","5610","internal interface IPanelRenderer // TypeDefIndex: 5610"
"546507","class","UIRRepaintUpdater","5611","internal class UIRRepaintUpdater : BaseVisualTreeUpdater, IPanelRenderer // TypeDefIndex: 5611"
"546628","struct","TempMeshAllocator","5612","public struct TempMeshAllocator // TypeDefIndex: 5612"
"546643","struct","TextureId","5613","internal struct TextureId // TypeDefIndex: 5613"
"546680","struct","TextureRegistry.TextureInfo","5614","private struct TextureRegistry.TextureInfo // TypeDefIndex: 5614"
"546689","class","TextureRegistry","5615","internal class TextureRegistry // TypeDefIndex: 5615"
"546736","class","UIRUtility","5616","internal static class UIRUtility // TypeDefIndex: 5616"
"546782","struct","TimerState","5617","public struct TimerState : IEquatable<TimerState> // TypeDefIndex: 5617"
"546831","interface","IScheduler","5618","internal interface IScheduler // TypeDefIndex: 5618"
"546848","class","ScheduledItem.","5619","private sealed class ScheduledItem.<>c // TypeDefIndex: 5619"
"546869","class","ScheduledItem","5620","internal abstract class ScheduledItem // TypeDefIndex: 5620"
"546944","class","TimerEventScheduler","5621","internal class TimerEventScheduler : IScheduler // TypeDefIndex: 5621"
"546986","struct","Spacing","5622","internal struct Spacing // TypeDefIndex: 5622"
"547014","class","Angle.PropertyBag.ValueProperty","5623","private class Angle.PropertyBag.ValueProperty : Property<Angle, float> // TypeDefIndex: 5623"
"547049","class","Angle.PropertyBag.UnitProperty","5624","private class Angle.PropertyBag.UnitProperty : Property<Angle, AngleUnit> // TypeDefIndex: 5624"
"547084","class","Angle.PropertyBag","5625","internal class Angle.PropertyBag : ContainerPropertyBag<Angle> // TypeDefIndex: 5625"
"547093","enum","Angle.Unit","5626","private enum Angle.Unit // TypeDefIndex: 5626"
"547105","struct","Angle","5627","public struct Angle : IEquatable<Angle> // TypeDefIndex: 5627"
"547164","enum","AngleUnit","5628","public enum AngleUnit // TypeDefIndex: 5628"
"547175","class","Background.PropertyBag.TextureProperty","5629","private class Background.PropertyBag.TextureProperty : Property<Background, Texture2D> // TypeDefIndex: 5629"
"547210","class","Background.PropertyBag.SpriteProperty","5630","private class Background.PropertyBag.SpriteProperty : Property<Background, Sprite> // TypeDefIndex: 5630"
"547245","class","Background.PropertyBag.RenderTextureProperty","5631","private class Background.PropertyBag.RenderTextureProperty : Property<Background, RenderTexture> // TypeDefIndex: 5631"
"547280","class","Background.PropertyBag.VectorImageProperty","5632","private class Background.PropertyBag.VectorImageProperty : Property<Background, VectorImage> // TypeDefIndex: 5632"
"547315","class","Background.PropertyBag","5633","internal class Background.PropertyBag : ContainerPropertyBag<Background> // TypeDefIndex: 5633"
"547324","struct","Background","5634","public struct Background : IEquatable<Background> // TypeDefIndex: 5634"
"547406","struct","ComputedStyle","5635","internal struct ComputedStyle // TypeDefIndex: 5635"
"547926","struct","ComputedTransitionProperty","5636","internal struct ComputedTransitionProperty // TypeDefIndex: 5636"
"547938","class","ComputedTransitionUtils.","5637","private sealed class ComputedTransitionUtils.<>c // TypeDefIndex: 5637"
"548046","class","ComputedTransitionUtils","5638","internal static class ComputedTransitionUtils // TypeDefIndex: 5638"
"548107","struct","CustomStyleProperty","5639","public struct CustomStyleProperty<T> : IEquatable<CustomStyleProperty<T>> // TypeDefIndex: 5639"
"548244","interface","ICustomStyle","5640","public interface ICustomStyle // TypeDefIndex: 5640"
"548271","class","EasingFunction.PropertyBag.ModeProperty","5641","private class EasingFunction.PropertyBag.ModeProperty : Property<EasingFunction, EasingMode> // TypeDefIndex: 5641"
"548306","class","EasingFunction.PropertyBag","5642","internal class EasingFunction.PropertyBag : ContainerPropertyBag<EasingFunction> // TypeDefIndex: 5642"
"548315","struct","EasingFunction","5643","public struct EasingFunction : IEquatable<EasingFunction> // TypeDefIndex: 5643"
"548354","enum","EasingMode","5644","public enum EasingMode // TypeDefIndex: 5644"
"548384","class","FontDefinition.PropertyBag.FontProperty","5645","private class FontDefinition.PropertyBag.FontProperty : Property<FontDefinition, Font> // TypeDefIndex: 5645"
"548419","class","FontDefinition.PropertyBag.FontAssetProperty","5646","private class FontDefinition.PropertyBag.FontAssetProperty : Property<FontDefinition, FontAsset> // TypeDefIndex: 5646"
"548454","class","FontDefinition.PropertyBag","5647","internal class FontDefinition.PropertyBag : ContainerPropertyBag<FontDefinition> // TypeDefIndex: 5647"
"548463","struct","FontDefinition","5648","public struct FontDefinition : IEquatable<FontDefinition> // TypeDefIndex: 5648"
"548519","interface","IResolvedStyle","5649","public interface IResolvedStyle // TypeDefIndex: 5649"
"548847","interface","IStyle","5650","public interface IStyle // TypeDefIndex: 5650"
"549443","struct","InlineStyleAccess.InlineRule","5651","internal struct InlineStyleAccess.InlineRule // TypeDefIndex: 5651"
"549452","class","InlineStyleAccess","5652","internal class InlineStyleAccess : StyleValueCollection, IStyle // TypeDefIndex: 5652"
"550250","class","InlineStyleAccessPropertyBag.AlignContentProperty","5653","private class InlineStyleAccessPropertyBag.AlignContentProperty : InlineStyleAccessPropertyBag.InlineStyleEnumProperty<Align> // TypeDefIndex: 5653"
"550279","class","InlineStyleAccessPropertyBag.AlignItemsProperty","5654","private class InlineStyleAccessPropertyBag.AlignItemsProperty : InlineStyleAccessPropertyBag.InlineStyleEnumProperty<Align> // TypeDefIndex: 5654"
"550308","class","InlineStyleAccessPropertyBag.AlignSelfProperty","5655","private class InlineStyleAccessPropertyBag.AlignSelfProperty : InlineStyleAccessPropertyBag.InlineStyleEnumProperty<Align> // TypeDefIndex: 5655"
"550337","class","InlineStyleAccessPropertyBag.BackgroundColorProperty","5656","private class InlineStyleAccessPropertyBag.BackgroundColorProperty : InlineStyleAccessPropertyBag.InlineStyleColorProperty // TypeDefIndex: 5656"
"550366","class","InlineStyleAccessPropertyBag.BackgroundImageProperty","5657","private class InlineStyleAccessPropertyBag.BackgroundImageProperty : InlineStyleAccessPropertyBag.InlineStyleBackgroundProperty // TypeDefIndex: 5657"
"550395","class","InlineStyleAccessPropertyBag.BackgroundPositionXProperty","5658","private class InlineStyleAccessPropertyBag.BackgroundPositionXProperty : InlineStyleAccessPropertyBag.InlineStyleBackgroundPositionProperty // TypeDefIndex: 5658"
"550424","class","InlineStyleAccessPropertyBag.BackgroundPositionYProperty","5659","private class InlineStyleAccessPropertyBag.BackgroundPositionYProperty : InlineStyleAccessPropertyBag.InlineStyleBackgroundPositionProperty // TypeDefIndex: 5659"
"550453","class","InlineStyleAccessPropertyBag.BackgroundRepeatProperty","5660","private class InlineStyleAccessPropertyBag.BackgroundRepeatProperty : InlineStyleAccessPropertyBag.InlineStyleBackgroundRepeatProperty // TypeDefIndex: 5660"
"550482","class","InlineStyleAccessPropertyBag.BackgroundSizeProperty","5661","private class InlineStyleAccessPropertyBag.BackgroundSizeProperty : InlineStyleAccessPropertyBag.InlineStyleBackgroundSizeProperty // TypeDefIndex: 5661"
"550511","class","InlineStyleAccessPropertyBag.BorderBottomColorProperty","5662","private class InlineStyleAccessPropertyBag.BorderBottomColorProperty : InlineStyleAccessPropertyBag.InlineStyleColorProperty // TypeDefIndex: 5662"
"550540","class","InlineStyleAccessPropertyBag.BorderBottomLeftRadiusProperty","5663","private class InlineStyleAccessPropertyBag.BorderBottomLeftRadiusProperty : InlineStyleAccessPropertyBag.InlineStyleLengthProperty // TypeDefIndex: 5663"
"550569","class","InlineStyleAccessPropertyBag.BorderBottomRightRadiusProperty","5664","private class InlineStyleAccessPropertyBag.BorderBottomRightRadiusProperty : InlineStyleAccessPropertyBag.InlineStyleLengthProperty // TypeDefIndex: 5664"
"550598","class","InlineStyleAccessPropertyBag.BorderBottomWidthProperty","5665","private class InlineStyleAccessPropertyBag.BorderBottomWidthProperty : InlineStyleAccessPropertyBag.InlineStyleFloatProperty // TypeDefIndex: 5665"
"550627","class","InlineStyleAccessPropertyBag.BorderLeftColorProperty","5666","private class InlineStyleAccessPropertyBag.BorderLeftColorProperty : InlineStyleAccessPropertyBag.InlineStyleColorProperty // TypeDefIndex: 5666"
"550656","class","InlineStyleAccessPropertyBag.BorderLeftWidthProperty","5667","private class InlineStyleAccessPropertyBag.BorderLeftWidthProperty : InlineStyleAccessPropertyBag.InlineStyleFloatProperty // TypeDefIndex: 5667"
"550685","class","InlineStyleAccessPropertyBag.BorderRightColorProperty","5668","private class InlineStyleAccessPropertyBag.BorderRightColorProperty : InlineStyleAccessPropertyBag.InlineStyleColorProperty // TypeDefIndex: 5668"
"550714","class","InlineStyleAccessPropertyBag.BorderRightWidthProperty","5669","private class InlineStyleAccessPropertyBag.BorderRightWidthProperty : InlineStyleAccessPropertyBag.InlineStyleFloatProperty // TypeDefIndex: 5669"
"550743","class","InlineStyleAccessPropertyBag.BorderTopColorProperty","5670","private class InlineStyleAccessPropertyBag.BorderTopColorProperty : InlineStyleAccessPropertyBag.InlineStyleColorProperty // TypeDefIndex: 5670"
"550772","class","InlineStyleAccessPropertyBag.BorderTopLeftRadiusProperty","5671","private class InlineStyleAccessPropertyBag.BorderTopLeftRadiusProperty : InlineStyleAccessPropertyBag.InlineStyleLengthProperty // TypeDefIndex: 5671"
"550801","class","InlineStyleAccessPropertyBag.BorderTopRightRadiusProperty","5672","private class InlineStyleAccessPropertyBag.BorderTopRightRadiusProperty : InlineStyleAccessPropertyBag.InlineStyleLengthProperty // TypeDefIndex: 5672"
"550830","class","InlineStyleAccessPropertyBag.BorderTopWidthProperty","5673","private class InlineStyleAccessPropertyBag.BorderTopWidthProperty : InlineStyleAccessPropertyBag.InlineStyleFloatProperty // TypeDefIndex: 5673"
"550859","class","InlineStyleAccessPropertyBag.BottomProperty","5674","private class InlineStyleAccessPropertyBag.BottomProperty : InlineStyleAccessPropertyBag.InlineStyleLengthProperty // TypeDefIndex: 5674"
"550888","class","InlineStyleAccessPropertyBag.ColorProperty","5675","private class InlineStyleAccessPropertyBag.ColorProperty : InlineStyleAccessPropertyBag.InlineStyleColorProperty // TypeDefIndex: 5675"
"550917","class","InlineStyleAccessPropertyBag.CursorProperty","5676","private class InlineStyleAccessPropertyBag.CursorProperty : InlineStyleAccessPropertyBag.InlineStyleCursorProperty // TypeDefIndex: 5676"
"550946","class","InlineStyleAccessPropertyBag.DisplayProperty","5677","private class InlineStyleAccessPropertyBag.DisplayProperty : InlineStyleAccessPropertyBag.InlineStyleEnumProperty<DisplayStyle> // TypeDefIndex: 5677"
"550975","class","InlineStyleAccessPropertyBag.FlexBasisProperty","5678","private class InlineStyleAccessPropertyBag.FlexBasisProperty : InlineStyleAccessPropertyBag.InlineStyleLengthProperty // TypeDefIndex: 5678"
"551004","class","InlineStyleAccessPropertyBag.FlexDirectionProperty","5679","private class InlineStyleAccessPropertyBag.FlexDirectionProperty : InlineStyleAccessPropertyBag.InlineStyleEnumProperty<FlexDirection> // TypeDefIndex: 5679"
"551033","class","InlineStyleAccessPropertyBag.FlexGrowProperty","5680","private class InlineStyleAccessPropertyBag.FlexGrowProperty : InlineStyleAccessPropertyBag.InlineStyleFloatProperty // TypeDefIndex: 5680"
"551062","class","InlineStyleAccessPropertyBag.FlexShrinkProperty","5681","private class InlineStyleAccessPropertyBag.FlexShrinkProperty : InlineStyleAccessPropertyBag.InlineStyleFloatProperty // TypeDefIndex: 5681"
"551091","class","InlineStyleAccessPropertyBag.FlexWrapProperty","5682","private class InlineStyleAccessPropertyBag.FlexWrapProperty : InlineStyleAccessPropertyBag.InlineStyleEnumProperty<Wrap> // TypeDefIndex: 5682"
"551120","class","InlineStyleAccessPropertyBag.FontSizeProperty","5683","private class InlineStyleAccessPropertyBag.FontSizeProperty : InlineStyleAccessPropertyBag.InlineStyleLengthProperty // TypeDefIndex: 5683"
"551149","class","InlineStyleAccessPropertyBag.HeightProperty","5684","private class InlineStyleAccessPropertyBag.HeightProperty : InlineStyleAccessPropertyBag.InlineStyleLengthProperty // TypeDefIndex: 5684"
"551178","class","InlineStyleAccessPropertyBag.JustifyContentProperty","5685","private class InlineStyleAccessPropertyBag.JustifyContentProperty : InlineStyleAccessPropertyBag.InlineStyleEnumProperty<Justify> // TypeDefIndex: 5685"
"551207","class","InlineStyleAccessPropertyBag.LeftProperty","5686","private class InlineStyleAccessPropertyBag.LeftProperty : InlineStyleAccessPropertyBag.InlineStyleLengthProperty // TypeDefIndex: 5686"
"551236","class","InlineStyleAccessPropertyBag.LetterSpacingProperty","5687","private class InlineStyleAccessPropertyBag.LetterSpacingProperty : InlineStyleAccessPropertyBag.InlineStyleLengthProperty // TypeDefIndex: 5687"
"551265","class","InlineStyleAccessPropertyBag.MarginBottomProperty","5688","private class InlineStyleAccessPropertyBag.MarginBottomProperty : InlineStyleAccessPropertyBag.InlineStyleLengthProperty // TypeDefIndex: 5688"
"551294","class","InlineStyleAccessPropertyBag.MarginLeftProperty","5689","private class InlineStyleAccessPropertyBag.MarginLeftProperty : InlineStyleAccessPropertyBag.InlineStyleLengthProperty // TypeDefIndex: 5689"
"551323","class","InlineStyleAccessPropertyBag.MarginRightProperty","5690","private class InlineStyleAccessPropertyBag.MarginRightProperty : InlineStyleAccessPropertyBag.InlineStyleLengthProperty // TypeDefIndex: 5690"
"551352","class","InlineStyleAccessPropertyBag.MarginTopProperty","5691","private class InlineStyleAccessPropertyBag.MarginTopProperty : InlineStyleAccessPropertyBag.InlineStyleLengthProperty // TypeDefIndex: 5691"
"551381","class","InlineStyleAccessPropertyBag.MaxHeightProperty","5692","private class InlineStyleAccessPropertyBag.MaxHeightProperty : InlineStyleAccessPropertyBag.InlineStyleLengthProperty // TypeDefIndex: 5692"
"551410","class","InlineStyleAccessPropertyBag.MaxWidthProperty","5693","private class InlineStyleAccessPropertyBag.MaxWidthProperty : InlineStyleAccessPropertyBag.InlineStyleLengthProperty // TypeDefIndex: 5693"
"551439","class","InlineStyleAccessPropertyBag.MinHeightProperty","5694","private class InlineStyleAccessPropertyBag.MinHeightProperty : InlineStyleAccessPropertyBag.InlineStyleLengthProperty // TypeDefIndex: 5694"
"551468","class","InlineStyleAccessPropertyBag.MinWidthProperty","5695","private class InlineStyleAccessPropertyBag.MinWidthProperty : InlineStyleAccessPropertyBag.InlineStyleLengthProperty // TypeDefIndex: 5695"
"551497","class","InlineStyleAccessPropertyBag.OpacityProperty","5696","private class InlineStyleAccessPropertyBag.OpacityProperty : InlineStyleAccessPropertyBag.InlineStyleFloatProperty // TypeDefIndex: 5696"
"551526","class","InlineStyleAccessPropertyBag.OverflowProperty","5697","private class InlineStyleAccessPropertyBag.OverflowProperty : InlineStyleAccessPropertyBag.InlineStyleEnumProperty<Overflow> // TypeDefIndex: 5697"
"551555","class","InlineStyleAccessPropertyBag.PaddingBottomProperty","5698","private class InlineStyleAccessPropertyBag.PaddingBottomProperty : InlineStyleAccessPropertyBag.InlineStyleLengthProperty // TypeDefIndex: 5698"
"551584","class","InlineStyleAccessPropertyBag.PaddingLeftProperty","5699","private class InlineStyleAccessPropertyBag.PaddingLeftProperty : InlineStyleAccessPropertyBag.InlineStyleLengthProperty // TypeDefIndex: 5699"
"551613","class","InlineStyleAccessPropertyBag.PaddingRightProperty","5700","private class InlineStyleAccessPropertyBag.PaddingRightProperty : InlineStyleAccessPropertyBag.InlineStyleLengthProperty // TypeDefIndex: 5700"
"551642","class","InlineStyleAccessPropertyBag.PaddingTopProperty","5701","private class InlineStyleAccessPropertyBag.PaddingTopProperty : InlineStyleAccessPropertyBag.InlineStyleLengthProperty // TypeDefIndex: 5701"
"551671","class","InlineStyleAccessPropertyBag.PositionProperty","5702","private class InlineStyleAccessPropertyBag.PositionProperty : InlineStyleAccessPropertyBag.InlineStyleEnumProperty<Position> // TypeDefIndex: 5702"
"551700","class","InlineStyleAccessPropertyBag.RightProperty","5703","private class InlineStyleAccessPropertyBag.RightProperty : InlineStyleAccessPropertyBag.InlineStyleLengthProperty // TypeDefIndex: 5703"
"551729","class","InlineStyleAccessPropertyBag.RotateProperty","5704","private class InlineStyleAccessPropertyBag.RotateProperty : InlineStyleAccessPropertyBag.InlineStyleRotateProperty // TypeDefIndex: 5704"
"551758","class","InlineStyleAccessPropertyBag.ScaleProperty","5705","private class InlineStyleAccessPropertyBag.ScaleProperty : InlineStyleAccessPropertyBag.InlineStyleScaleProperty // TypeDefIndex: 5705"
"551787","class","InlineStyleAccessPropertyBag.TextOverflowProperty","5706","private class InlineStyleAccessPropertyBag.TextOverflowProperty : InlineStyleAccessPropertyBag.InlineStyleEnumProperty<TextOverflow> // TypeDefIndex: 5706"
"551816","class","InlineStyleAccessPropertyBag.TextShadowProperty","5707","private class InlineStyleAccessPropertyBag.TextShadowProperty : InlineStyleAccessPropertyBag.InlineStyleTextShadowProperty // TypeDefIndex: 5707"
"551845","class","InlineStyleAccessPropertyBag.TopProperty","5708","private class InlineStyleAccessPropertyBag.TopProperty : InlineStyleAccessPropertyBag.InlineStyleLengthProperty // TypeDefIndex: 5708"
"551874","class","InlineStyleAccessPropertyBag.TransformOriginProperty","5709","private class InlineStyleAccessPropertyBag.TransformOriginProperty : InlineStyleAccessPropertyBag.InlineStyleTransformOriginProperty // TypeDefIndex: 5709"
"551903","class","InlineStyleAccessPropertyBag.TransitionDelayProperty","5710","private class InlineStyleAccessPropertyBag.TransitionDelayProperty : InlineStyleAccessPropertyBag.InlineStyleListProperty<TimeValue> // TypeDefIndex: 5710"
"551932","class","InlineStyleAccessPropertyBag.TransitionDurationProperty","5711","private class InlineStyleAccessPropertyBag.TransitionDurationProperty : InlineStyleAccessPropertyBag.InlineStyleListProperty<TimeValue> // TypeDefIndex: 5711"
"551961","class","InlineStyleAccessPropertyBag.TransitionPropertyProperty","5712","private class InlineStyleAccessPropertyBag.TransitionPropertyProperty : InlineStyleAccessPropertyBag.InlineStyleListProperty<StylePropertyName> // TypeDefIndex: 5712"
"551990","class","InlineStyleAccessPropertyBag.TransitionTimingFunctionProperty","5713","private class InlineStyleAccessPropertyBag.TransitionTimingFunctionProperty : InlineStyleAccessPropertyBag.InlineStyleListProperty<EasingFunction> // TypeDefIndex: 5713"
"552019","class","InlineStyleAccessPropertyBag.TranslateProperty","5714","private class InlineStyleAccessPropertyBag.TranslateProperty : InlineStyleAccessPropertyBag.InlineStyleTranslateProperty // TypeDefIndex: 5714"
"552048","class","InlineStyleAccessPropertyBag.UnityBackgroundImageTintColorProperty","5715","private class InlineStyleAccessPropertyBag.UnityBackgroundImageTintColorProperty : InlineStyleAccessPropertyBag.InlineStyleColorProperty // TypeDefIndex: 5715"
"552077","class","InlineStyleAccessPropertyBag.UnityEditorTextRenderingModeProperty","5716","private class InlineStyleAccessPropertyBag.UnityEditorTextRenderingModeProperty : InlineStyleAccessPropertyBag.InlineStyleEnumProperty<EditorTextRenderingMode> // TypeDefIndex: 5716"
"552106","class","InlineStyleAccessPropertyBag.UnityFontProperty","5717","private class InlineStyleAccessPropertyBag.UnityFontProperty : InlineStyleAccessPropertyBag.InlineStyleFontProperty // TypeDefIndex: 5717"
"552135","class","InlineStyleAccessPropertyBag.UnityFontDefinitionProperty","5718","private class InlineStyleAccessPropertyBag.UnityFontDefinitionProperty : InlineStyleAccessPropertyBag.InlineStyleFontDefinitionProperty // TypeDefIndex: 5718"
"552164","class","InlineStyleAccessPropertyBag.UnityFontStyleAndWeightProperty","5719","private class InlineStyleAccessPropertyBag.UnityFontStyleAndWeightProperty : InlineStyleAccessPropertyBag.InlineStyleEnumProperty<FontStyle> // TypeDefIndex: 5719"
"552193","class","InlineStyleAccessPropertyBag.UnityOverflowClipBoxProperty","5720","private class InlineStyleAccessPropertyBag.UnityOverflowClipBoxProperty : InlineStyleAccessPropertyBag.InlineStyleEnumProperty<OverflowClipBox> // TypeDefIndex: 5720"
"552222","class","InlineStyleAccessPropertyBag.UnityParagraphSpacingProperty","5721","private class InlineStyleAccessPropertyBag.UnityParagraphSpacingProperty : InlineStyleAccessPropertyBag.InlineStyleLengthProperty // TypeDefIndex: 5721"
"552251","class","InlineStyleAccessPropertyBag.UnitySliceBottomProperty","5722","private class InlineStyleAccessPropertyBag.UnitySliceBottomProperty : InlineStyleAccessPropertyBag.InlineStyleIntProperty // TypeDefIndex: 5722"
"552280","class","InlineStyleAccessPropertyBag.UnitySliceLeftProperty","5723","private class InlineStyleAccessPropertyBag.UnitySliceLeftProperty : InlineStyleAccessPropertyBag.InlineStyleIntProperty // TypeDefIndex: 5723"
"552309","class","InlineStyleAccessPropertyBag.UnitySliceRightProperty","5724","private class InlineStyleAccessPropertyBag.UnitySliceRightProperty : InlineStyleAccessPropertyBag.InlineStyleIntProperty // TypeDefIndex: 5724"
"552338","class","InlineStyleAccessPropertyBag.UnitySliceScaleProperty","5725","private class InlineStyleAccessPropertyBag.UnitySliceScaleProperty : InlineStyleAccessPropertyBag.InlineStyleFloatProperty // TypeDefIndex: 5725"
"552367","class","InlineStyleAccessPropertyBag.UnitySliceTopProperty","5726","private class InlineStyleAccessPropertyBag.UnitySliceTopProperty : InlineStyleAccessPropertyBag.InlineStyleIntProperty // TypeDefIndex: 5726"
"552396","class","InlineStyleAccessPropertyBag.UnitySliceTypeProperty","5727","private class InlineStyleAccessPropertyBag.UnitySliceTypeProperty : InlineStyleAccessPropertyBag.InlineStyleEnumProperty<SliceType> // TypeDefIndex: 5727"
"552425","class","InlineStyleAccessPropertyBag.UnityTextAlignProperty","5728","private class InlineStyleAccessPropertyBag.UnityTextAlignProperty : InlineStyleAccessPropertyBag.InlineStyleEnumProperty<TextAnchor> // TypeDefIndex: 5728"
"552454","class","InlineStyleAccessPropertyBag.UnityTextGeneratorProperty","5729","private class InlineStyleAccessPropertyBag.UnityTextGeneratorProperty : InlineStyleAccessPropertyBag.InlineStyleEnumProperty<TextGeneratorType> // TypeDefIndex: 5729"
"552483","class","InlineStyleAccessPropertyBag.UnityTextOutlineColorProperty","5730","private class InlineStyleAccessPropertyBag.UnityTextOutlineColorProperty : InlineStyleAccessPropertyBag.InlineStyleColorProperty // TypeDefIndex: 5730"
"552512","class","InlineStyleAccessPropertyBag.UnityTextOutlineWidthProperty","5731","private class InlineStyleAccessPropertyBag.UnityTextOutlineWidthProperty : InlineStyleAccessPropertyBag.InlineStyleFloatProperty // TypeDefIndex: 5731"
"552541","class","InlineStyleAccessPropertyBag.UnityTextOverflowPositionProperty","5732","private class InlineStyleAccessPropertyBag.UnityTextOverflowPositionProperty : InlineStyleAccessPropertyBag.InlineStyleEnumProperty<TextOverflowPosition> // TypeDefIndex: 5732"
"552570","class","InlineStyleAccessPropertyBag.VisibilityProperty","5733","private class InlineStyleAccessPropertyBag.VisibilityProperty : InlineStyleAccessPropertyBag.InlineStyleEnumProperty<Visibility> // TypeDefIndex: 5733"
"552599","class","InlineStyleAccessPropertyBag.WhiteSpaceProperty","5734","private class InlineStyleAccessPropertyBag.WhiteSpaceProperty : InlineStyleAccessPropertyBag.InlineStyleEnumProperty<WhiteSpace> // TypeDefIndex: 5734"
"552628","class","InlineStyleAccessPropertyBag.WidthProperty","5735","private class InlineStyleAccessPropertyBag.WidthProperty : InlineStyleAccessPropertyBag.InlineStyleLengthProperty // TypeDefIndex: 5735"
"552657","class","InlineStyleAccessPropertyBag.WordSpacingProperty","5736","private class InlineStyleAccessPropertyBag.WordSpacingProperty : InlineStyleAccessPropertyBag.InlineStyleLengthProperty // TypeDefIndex: 5736"
"552688","class","InlineStyleAccessPropertyBag.InlineStyleProperty.","5737","private sealed class InlineStyleAccessPropertyBag.InlineStyleProperty.<>c<TStyleValue, TValue> // TypeDefIndex: 5737"
"553109","class","InlineStyleAccessPropertyBag.InlineStyleProperty","5738","private abstract class InlineStyleAccessPropertyBag.InlineStyleProperty<TStyleValue, TValue> : Property<InlineStyleAccess, TStyleValue> // TypeDefIndex: 5738"
"553194","class","InlineStyleAccessPropertyBag.InlineStyleEnumProperty","5739","private abstract class InlineStyleAccessPropertyBag.InlineStyleEnumProperty<TValue> : InlineStyleAccessPropertyBag.InlineStyleProperty<StyleEnum<TValue>, TValue> // TypeDefIndex: 5739"
"553213","class","InlineStyleAccessPropertyBag.InlineStyleColorProperty.","5740","private sealed class InlineStyleAccessPropertyBag.InlineStyleColorProperty.<>c // TypeDefIndex: 5740"
"553236","class","InlineStyleAccessPropertyBag.InlineStyleColorProperty","5741","private abstract class InlineStyleAccessPropertyBag.InlineStyleColorProperty : InlineStyleAccessPropertyBag.InlineStyleProperty<StyleColor, Color> // TypeDefIndex: 5741"
"553247","class","InlineStyleAccessPropertyBag.InlineStyleBackgroundProperty.","5742","private sealed class InlineStyleAccessPropertyBag.InlineStyleBackgroundProperty.<>c // TypeDefIndex: 5742"
"553294","class","InlineStyleAccessPropertyBag.InlineStyleBackgroundProperty","5743","private abstract class InlineStyleAccessPropertyBag.InlineStyleBackgroundProperty : InlineStyleAccessPropertyBag.InlineStyleProperty<StyleBackground, Background> // TypeDefIndex: 5743"
"553305","class","InlineStyleAccessPropertyBag.InlineStyleLengthProperty.","5744","private sealed class InlineStyleAccessPropertyBag.InlineStyleLengthProperty.<>c // TypeDefIndex: 5744"
"553336","class","InlineStyleAccessPropertyBag.InlineStyleLengthProperty","5745","private abstract class InlineStyleAccessPropertyBag.InlineStyleLengthProperty : InlineStyleAccessPropertyBag.InlineStyleProperty<StyleLength, Length> // TypeDefIndex: 5745"
"553347","class","InlineStyleAccessPropertyBag.InlineStyleFloatProperty.","5746","private sealed class InlineStyleAccessPropertyBag.InlineStyleFloatProperty.<>c // TypeDefIndex: 5746"
"553370","class","InlineStyleAccessPropertyBag.InlineStyleFloatProperty","5747","private abstract class InlineStyleAccessPropertyBag.InlineStyleFloatProperty : InlineStyleAccessPropertyBag.InlineStyleProperty<StyleFloat, float> // TypeDefIndex: 5747"
"553379","class","InlineStyleAccessPropertyBag.InlineStyleListProperty","5748","private abstract class InlineStyleAccessPropertyBag.InlineStyleListProperty<T> : InlineStyleAccessPropertyBag.InlineStyleProperty<StyleList<T>, List<T>> // TypeDefIndex: 5748"
"553402","class","InlineStyleAccessPropertyBag.InlineStyleFontProperty","5749","private abstract class InlineStyleAccessPropertyBag.InlineStyleFontProperty : InlineStyleAccessPropertyBag.InlineStyleProperty<StyleFont, Font> // TypeDefIndex: 5749"
"553413","class","InlineStyleAccessPropertyBag.InlineStyleFontDefinitionProperty.","5750","private sealed class InlineStyleAccessPropertyBag.InlineStyleFontDefinitionProperty.<>c // TypeDefIndex: 5750"
"553444","class","InlineStyleAccessPropertyBag.InlineStyleFontDefinitionProperty","5751","private abstract class InlineStyleAccessPropertyBag.InlineStyleFontDefinitionProperty : InlineStyleAccessPropertyBag.InlineStyleProperty<StyleFontDefinition, FontDefinition> // TypeDefIndex: 5751"
"553453","class","InlineStyleAccessPropertyBag.InlineStyleIntProperty","5752","private abstract class InlineStyleAccessPropertyBag.InlineStyleIntProperty : InlineStyleAccessPropertyBag.InlineStyleProperty<StyleInt, int> // TypeDefIndex: 5752"
"553462","class","InlineStyleAccessPropertyBag.InlineStyleRotateProperty","5753","private abstract class InlineStyleAccessPropertyBag.InlineStyleRotateProperty : InlineStyleAccessPropertyBag.InlineStyleProperty<StyleRotate, Rotate> // TypeDefIndex: 5753"
"553471","class","InlineStyleAccessPropertyBag.InlineStyleScaleProperty","5754","private abstract class InlineStyleAccessPropertyBag.InlineStyleScaleProperty : InlineStyleAccessPropertyBag.InlineStyleProperty<StyleScale, Scale> // TypeDefIndex: 5754"
"553480","class","InlineStyleAccessPropertyBag.InlineStyleCursorProperty","5755","private abstract class InlineStyleAccessPropertyBag.InlineStyleCursorProperty : InlineStyleAccessPropertyBag.InlineStyleProperty<StyleCursor, Cursor> // TypeDefIndex: 5755"
"553489","class","InlineStyleAccessPropertyBag.InlineStyleTextShadowProperty","5756","private abstract class InlineStyleAccessPropertyBag.InlineStyleTextShadowProperty : InlineStyleAccessPropertyBag.InlineStyleProperty<StyleTextShadow, TextShadow> // TypeDefIndex: 5756"
"553498","class","InlineStyleAccessPropertyBag.InlineStyleTransformOriginProperty","5757","private abstract class InlineStyleAccessPropertyBag.InlineStyleTransformOriginProperty : InlineStyleAccessPropertyBag.InlineStyleProperty<StyleTransformOrigin, TransformOrigin> // TypeDefIndex: 5757"
"553507","class","InlineStyleAccessPropertyBag.InlineStyleTranslateProperty","5758","private abstract class InlineStyleAccessPropertyBag.InlineStyleTranslateProperty : InlineStyleAccessPropertyBag.InlineStyleProperty<StyleTranslate, Translate> // TypeDefIndex: 5758"
"553516","class","InlineStyleAccessPropertyBag.InlineStyleBackgroundPositionProperty","5759","private abstract class InlineStyleAccessPropertyBag.InlineStyleBackgroundPositionProperty : InlineStyleAccessPropertyBag.InlineStyleProperty<StyleBackgroundPosition, BackgroundPosition> // TypeDefIndex: 5759"
"553525","class","InlineStyleAccessPropertyBag.InlineStyleBackgroundRepeatProperty","5760","private abstract class InlineStyleAccessPropertyBag.InlineStyleBackgroundRepeatProperty : InlineStyleAccessPropertyBag.InlineStyleProperty<StyleBackgroundRepeat, BackgroundRepeat> // TypeDefIndex: 5760"
"553534","class","InlineStyleAccessPropertyBag.InlineStyleBackgroundSizeProperty","5761","private abstract class InlineStyleAccessPropertyBag.InlineStyleBackgroundSizeProperty : InlineStyleAccessPropertyBag.InlineStyleProperty<StyleBackgroundSize, BackgroundSize> // TypeDefIndex: 5761"
"553543","class","InlineStyleAccessPropertyBag","5762","internal class InlineStyleAccessPropertyBag : PropertyBag<InlineStyleAccess>, INamedProperties<InlineStyleAccess> // TypeDefIndex: 5762"
"553633","class","ResolvedStyleAccess","5763","internal class ResolvedStyleAccess : IResolvedStyle // TypeDefIndex: 5763"
"553975","class","VisualElement.UxmlFactory","5764","public class VisualElement.UxmlFactory : UxmlFactory<VisualElement, VisualElement.UxmlTraits> // TypeDefIndex: 5764"
"553985","class","VisualElement.UxmlTraits","5765","public class VisualElement.UxmlTraits : UxmlTraits // TypeDefIndex: 5765"
"554029","enum","VisualElement.MeasureMode","5766","public enum VisualElement.MeasureMode // TypeDefIndex: 5766"
"554039","enum","VisualElement.RenderTargetMode","5767","internal enum VisualElement.RenderTargetMode // TypeDefIndex: 5767"
"554051","struct","VisualElement.Hierarchy","5768","public struct VisualElement.Hierarchy // TypeDefIndex: 5768"
"554142","class","VisualElement.BaseVisualElementScheduledItem","5769","private abstract class VisualElement.BaseVisualElementScheduledItem : ScheduledItem, IVisualElementScheduledItem // TypeDefIndex: 5769"
"554243","class","VisualElement.VisualElementScheduledItem","5770","private abstract class VisualElement.VisualElementScheduledItem<ActionType> : VisualElement.BaseVisualElementScheduledItem // TypeDefIndex: 5770"
"554263","class","VisualElement.TimerStateScheduledItem","5771","private class VisualElement.TimerStateScheduledItem : VisualElement.VisualElementScheduledItem<Action<TimerState>> // TypeDefIndex: 5771"
"554275","class","VisualElement.SimpleScheduledItem","5772","private class VisualElement.SimpleScheduledItem : VisualElement.VisualElementScheduledItem<Action> // TypeDefIndex: 5772"
"554287","class","VisualElement.CustomStyleAccess","5773","internal class VisualElement.CustomStyleAccess : ICustomStyle // TypeDefIndex: 5773"
"554330","class","VisualElement.TypeData","5774","internal class VisualElement.TypeData // TypeDefIndex: 5774"
"554362","class","VisualElement.","5775","private sealed class VisualElement.<>c__DisplayClass524_0 // TypeDefIndex: 5775"
"554379","class","VisualElement","5776","public class VisualElement : Focusable, IResolvedStyle, IStylePropertyAnimations, ITransform, ITransitionAnimations, IExperimentalFeatures, IVisualElementScheduler // TypeDefIndex: 5776"
"555959","class","ResolvedStyleAccessPropertyBag.AlignContentProperty","5777","private class ResolvedStyleAccessPropertyBag.AlignContentProperty : ResolvedStyleAccessPropertyBag.ResolvedEnumProperty<Align> // TypeDefIndex: 5777"
"555988","class","ResolvedStyleAccessPropertyBag.AlignItemsProperty","5778","private class ResolvedStyleAccessPropertyBag.AlignItemsProperty : ResolvedStyleAccessPropertyBag.ResolvedEnumProperty<Align> // TypeDefIndex: 5778"
"556017","class","ResolvedStyleAccessPropertyBag.AlignSelfProperty","5779","private class ResolvedStyleAccessPropertyBag.AlignSelfProperty : ResolvedStyleAccessPropertyBag.ResolvedEnumProperty<Align> // TypeDefIndex: 5779"
"556046","class","ResolvedStyleAccessPropertyBag.BackgroundColorProperty","5780","private class ResolvedStyleAccessPropertyBag.BackgroundColorProperty : ResolvedStyleAccessPropertyBag.ResolvedColorProperty // TypeDefIndex: 5780"
"556075","class","ResolvedStyleAccessPropertyBag.BackgroundImageProperty","5781","private class ResolvedStyleAccessPropertyBag.BackgroundImageProperty : ResolvedStyleAccessPropertyBag.ResolvedBackgroundProperty // TypeDefIndex: 5781"
"556104","class","ResolvedStyleAccessPropertyBag.BackgroundPositionXProperty","5782","private class ResolvedStyleAccessPropertyBag.BackgroundPositionXProperty : ResolvedStyleAccessPropertyBag.ResolvedBackgroundPositionProperty // TypeDefIndex: 5782"
"556133","class","ResolvedStyleAccessPropertyBag.BackgroundPositionYProperty","5783","private class ResolvedStyleAccessPropertyBag.BackgroundPositionYProperty : ResolvedStyleAccessPropertyBag.ResolvedBackgroundPositionProperty // TypeDefIndex: 5783"
"556162","class","ResolvedStyleAccessPropertyBag.BackgroundRepeatProperty","5784","private class ResolvedStyleAccessPropertyBag.BackgroundRepeatProperty : ResolvedStyleAccessPropertyBag.ResolvedBackgroundRepeatProperty // TypeDefIndex: 5784"
"556191","class","ResolvedStyleAccessPropertyBag.BackgroundSizeProperty","5785","private class ResolvedStyleAccessPropertyBag.BackgroundSizeProperty : ResolvedStyleAccessPropertyBag.ResolvedBackgroundSizeProperty // TypeDefIndex: 5785"
"556220","class","ResolvedStyleAccessPropertyBag.BorderBottomColorProperty","5786","private class ResolvedStyleAccessPropertyBag.BorderBottomColorProperty : ResolvedStyleAccessPropertyBag.ResolvedColorProperty // TypeDefIndex: 5786"
"556249","class","ResolvedStyleAccessPropertyBag.BorderBottomLeftRadiusProperty","5787","private class ResolvedStyleAccessPropertyBag.BorderBottomLeftRadiusProperty : ResolvedStyleAccessPropertyBag.ResolvedFloatProperty // TypeDefIndex: 5787"
"556278","class","ResolvedStyleAccessPropertyBag.BorderBottomRightRadiusProperty","5788","private class ResolvedStyleAccessPropertyBag.BorderBottomRightRadiusProperty : ResolvedStyleAccessPropertyBag.ResolvedFloatProperty // TypeDefIndex: 5788"
"556307","class","ResolvedStyleAccessPropertyBag.BorderBottomWidthProperty","5789","private class ResolvedStyleAccessPropertyBag.BorderBottomWidthProperty : ResolvedStyleAccessPropertyBag.ResolvedFloatProperty // TypeDefIndex: 5789"
"556336","class","ResolvedStyleAccessPropertyBag.BorderLeftColorProperty","5790","private class ResolvedStyleAccessPropertyBag.BorderLeftColorProperty : ResolvedStyleAccessPropertyBag.ResolvedColorProperty // TypeDefIndex: 5790"
"556365","class","ResolvedStyleAccessPropertyBag.BorderLeftWidthProperty","5791","private class ResolvedStyleAccessPropertyBag.BorderLeftWidthProperty : ResolvedStyleAccessPropertyBag.ResolvedFloatProperty // TypeDefIndex: 5791"
"556394","class","ResolvedStyleAccessPropertyBag.BorderRightColorProperty","5792","private class ResolvedStyleAccessPropertyBag.BorderRightColorProperty : ResolvedStyleAccessPropertyBag.ResolvedColorProperty // TypeDefIndex: 5792"
"556423","class","ResolvedStyleAccessPropertyBag.BorderRightWidthProperty","5793","private class ResolvedStyleAccessPropertyBag.BorderRightWidthProperty : ResolvedStyleAccessPropertyBag.ResolvedFloatProperty // TypeDefIndex: 5793"
"556452","class","ResolvedStyleAccessPropertyBag.BorderTopColorProperty","5794","private class ResolvedStyleAccessPropertyBag.BorderTopColorProperty : ResolvedStyleAccessPropertyBag.ResolvedColorProperty // TypeDefIndex: 5794"
"556481","class","ResolvedStyleAccessPropertyBag.BorderTopLeftRadiusProperty","5795","private class ResolvedStyleAccessPropertyBag.BorderTopLeftRadiusProperty : ResolvedStyleAccessPropertyBag.ResolvedFloatProperty // TypeDefIndex: 5795"
"556510","class","ResolvedStyleAccessPropertyBag.BorderTopRightRadiusProperty","5796","private class ResolvedStyleAccessPropertyBag.BorderTopRightRadiusProperty : ResolvedStyleAccessPropertyBag.ResolvedFloatProperty // TypeDefIndex: 5796"
"556539","class","ResolvedStyleAccessPropertyBag.BorderTopWidthProperty","5797","private class ResolvedStyleAccessPropertyBag.BorderTopWidthProperty : ResolvedStyleAccessPropertyBag.ResolvedFloatProperty // TypeDefIndex: 5797"
"556568","class","ResolvedStyleAccessPropertyBag.BottomProperty","5798","private class ResolvedStyleAccessPropertyBag.BottomProperty : ResolvedStyleAccessPropertyBag.ResolvedFloatProperty // TypeDefIndex: 5798"
"556597","class","ResolvedStyleAccessPropertyBag.ColorProperty","5799","private class ResolvedStyleAccessPropertyBag.ColorProperty : ResolvedStyleAccessPropertyBag.ResolvedColorProperty // TypeDefIndex: 5799"
"556626","class","ResolvedStyleAccessPropertyBag.DisplayProperty","5800","private class ResolvedStyleAccessPropertyBag.DisplayProperty : ResolvedStyleAccessPropertyBag.ResolvedEnumProperty<DisplayStyle> // TypeDefIndex: 5800"
"556655","class","ResolvedStyleAccessPropertyBag.FlexBasisProperty","5801","private class ResolvedStyleAccessPropertyBag.FlexBasisProperty : ResolvedStyleAccessPropertyBag.ResolvedStyleFloatProperty // TypeDefIndex: 5801"
"556684","class","ResolvedStyleAccessPropertyBag.FlexDirectionProperty","5802","private class ResolvedStyleAccessPropertyBag.FlexDirectionProperty : ResolvedStyleAccessPropertyBag.ResolvedEnumProperty<FlexDirection> // TypeDefIndex: 5802"
"556713","class","ResolvedStyleAccessPropertyBag.FlexGrowProperty","5803","private class ResolvedStyleAccessPropertyBag.FlexGrowProperty : ResolvedStyleAccessPropertyBag.ResolvedFloatProperty // TypeDefIndex: 5803"
"556742","class","ResolvedStyleAccessPropertyBag.FlexShrinkProperty","5804","private class ResolvedStyleAccessPropertyBag.FlexShrinkProperty : ResolvedStyleAccessPropertyBag.ResolvedFloatProperty // TypeDefIndex: 5804"
"556771","class","ResolvedStyleAccessPropertyBag.FlexWrapProperty","5805","private class ResolvedStyleAccessPropertyBag.FlexWrapProperty : ResolvedStyleAccessPropertyBag.ResolvedEnumProperty<Wrap> // TypeDefIndex: 5805"
"556800","class","ResolvedStyleAccessPropertyBag.FontSizeProperty","5806","private class ResolvedStyleAccessPropertyBag.FontSizeProperty : ResolvedStyleAccessPropertyBag.ResolvedFloatProperty // TypeDefIndex: 5806"
"556829","class","ResolvedStyleAccessPropertyBag.HeightProperty","5807","private class ResolvedStyleAccessPropertyBag.HeightProperty : ResolvedStyleAccessPropertyBag.ResolvedFloatProperty // TypeDefIndex: 5807"
"556858","class","ResolvedStyleAccessPropertyBag.JustifyContentProperty","5808","private class ResolvedStyleAccessPropertyBag.JustifyContentProperty : ResolvedStyleAccessPropertyBag.ResolvedEnumProperty<Justify> // TypeDefIndex: 5808"
"556887","class","ResolvedStyleAccessPropertyBag.LeftProperty","5809","private class ResolvedStyleAccessPropertyBag.LeftProperty : ResolvedStyleAccessPropertyBag.ResolvedFloatProperty // TypeDefIndex: 5809"
"556916","class","ResolvedStyleAccessPropertyBag.LetterSpacingProperty","5810","private class ResolvedStyleAccessPropertyBag.LetterSpacingProperty : ResolvedStyleAccessPropertyBag.ResolvedFloatProperty // TypeDefIndex: 5810"
"556945","class","ResolvedStyleAccessPropertyBag.MarginBottomProperty","5811","private class ResolvedStyleAccessPropertyBag.MarginBottomProperty : ResolvedStyleAccessPropertyBag.ResolvedFloatProperty // TypeDefIndex: 5811"
"556974","class","ResolvedStyleAccessPropertyBag.MarginLeftProperty","5812","private class ResolvedStyleAccessPropertyBag.MarginLeftProperty : ResolvedStyleAccessPropertyBag.ResolvedFloatProperty // TypeDefIndex: 5812"
"557003","class","ResolvedStyleAccessPropertyBag.MarginRightProperty","5813","private class ResolvedStyleAccessPropertyBag.MarginRightProperty : ResolvedStyleAccessPropertyBag.ResolvedFloatProperty // TypeDefIndex: 5813"
"557032","class","ResolvedStyleAccessPropertyBag.MarginTopProperty","5814","private class ResolvedStyleAccessPropertyBag.MarginTopProperty : ResolvedStyleAccessPropertyBag.ResolvedFloatProperty // TypeDefIndex: 5814"
"557061","class","ResolvedStyleAccessPropertyBag.MaxHeightProperty","5815","private class ResolvedStyleAccessPropertyBag.MaxHeightProperty : ResolvedStyleAccessPropertyBag.ResolvedStyleFloatProperty // TypeDefIndex: 5815"
"557090","class","ResolvedStyleAccessPropertyBag.MaxWidthProperty","5816","private class ResolvedStyleAccessPropertyBag.MaxWidthProperty : ResolvedStyleAccessPropertyBag.ResolvedStyleFloatProperty // TypeDefIndex: 5816"
"557119","class","ResolvedStyleAccessPropertyBag.MinHeightProperty","5817","private class ResolvedStyleAccessPropertyBag.MinHeightProperty : ResolvedStyleAccessPropertyBag.ResolvedStyleFloatProperty // TypeDefIndex: 5817"
"557148","class","ResolvedStyleAccessPropertyBag.MinWidthProperty","5818","private class ResolvedStyleAccessPropertyBag.MinWidthProperty : ResolvedStyleAccessPropertyBag.ResolvedStyleFloatProperty // TypeDefIndex: 5818"
"557177","class","ResolvedStyleAccessPropertyBag.OpacityProperty","5819","private class ResolvedStyleAccessPropertyBag.OpacityProperty : ResolvedStyleAccessPropertyBag.ResolvedFloatProperty // TypeDefIndex: 5819"
"557206","class","ResolvedStyleAccessPropertyBag.PaddingBottomProperty","5820","private class ResolvedStyleAccessPropertyBag.PaddingBottomProperty : ResolvedStyleAccessPropertyBag.ResolvedFloatProperty // TypeDefIndex: 5820"
"557235","class","ResolvedStyleAccessPropertyBag.PaddingLeftProperty","5821","private class ResolvedStyleAccessPropertyBag.PaddingLeftProperty : ResolvedStyleAccessPropertyBag.ResolvedFloatProperty // TypeDefIndex: 5821"
"557264","class","ResolvedStyleAccessPropertyBag.PaddingRightProperty","5822","private class ResolvedStyleAccessPropertyBag.PaddingRightProperty : ResolvedStyleAccessPropertyBag.ResolvedFloatProperty // TypeDefIndex: 5822"
"557293","class","ResolvedStyleAccessPropertyBag.PaddingTopProperty","5823","private class ResolvedStyleAccessPropertyBag.PaddingTopProperty : ResolvedStyleAccessPropertyBag.ResolvedFloatProperty // TypeDefIndex: 5823"
"557322","class","ResolvedStyleAccessPropertyBag.PositionProperty","5824","private class ResolvedStyleAccessPropertyBag.PositionProperty : ResolvedStyleAccessPropertyBag.ResolvedEnumProperty<Position> // TypeDefIndex: 5824"
"557351","class","ResolvedStyleAccessPropertyBag.RightProperty","5825","private class ResolvedStyleAccessPropertyBag.RightProperty : ResolvedStyleAccessPropertyBag.ResolvedFloatProperty // TypeDefIndex: 5825"
"557380","class","ResolvedStyleAccessPropertyBag.RotateProperty","5826","private class ResolvedStyleAccessPropertyBag.RotateProperty : ResolvedStyleAccessPropertyBag.ResolvedRotateProperty // TypeDefIndex: 5826"
"557409","class","ResolvedStyleAccessPropertyBag.ScaleProperty","5827","private class ResolvedStyleAccessPropertyBag.ScaleProperty : ResolvedStyleAccessPropertyBag.ResolvedScaleProperty // TypeDefIndex: 5827"
"557438","class","ResolvedStyleAccessPropertyBag.TextOverflowProperty","5828","private class ResolvedStyleAccessPropertyBag.TextOverflowProperty : ResolvedStyleAccessPropertyBag.ResolvedEnumProperty<TextOverflow> // TypeDefIndex: 5828"
"557467","class","ResolvedStyleAccessPropertyBag.TopProperty","5829","private class ResolvedStyleAccessPropertyBag.TopProperty : ResolvedStyleAccessPropertyBag.ResolvedFloatProperty // TypeDefIndex: 5829"
"557496","class","ResolvedStyleAccessPropertyBag.TransformOriginProperty","5830","private class ResolvedStyleAccessPropertyBag.TransformOriginProperty : ResolvedStyleAccessPropertyBag.ResolvedVector3Property // TypeDefIndex: 5830"
"557525","class","ResolvedStyleAccessPropertyBag.TransitionDelayProperty","5831","private class ResolvedStyleAccessPropertyBag.TransitionDelayProperty : ResolvedStyleAccessPropertyBag.ResolvedListProperty<TimeValue> // TypeDefIndex: 5831"
"557554","class","ResolvedStyleAccessPropertyBag.TransitionDurationProperty","5832","private class ResolvedStyleAccessPropertyBag.TransitionDurationProperty : ResolvedStyleAccessPropertyBag.ResolvedListProperty<TimeValue> // TypeDefIndex: 5832"
"557583","class","ResolvedStyleAccessPropertyBag.TransitionPropertyProperty","5833","private class ResolvedStyleAccessPropertyBag.TransitionPropertyProperty : ResolvedStyleAccessPropertyBag.ResolvedListProperty<StylePropertyName> // TypeDefIndex: 5833"
"557612","class","ResolvedStyleAccessPropertyBag.TransitionTimingFunctionProperty","5834","private class ResolvedStyleAccessPropertyBag.TransitionTimingFunctionProperty : ResolvedStyleAccessPropertyBag.ResolvedListProperty<EasingFunction> // TypeDefIndex: 5834"
"557641","class","ResolvedStyleAccessPropertyBag.TranslateProperty","5835","private class ResolvedStyleAccessPropertyBag.TranslateProperty : ResolvedStyleAccessPropertyBag.ResolvedVector3Property // TypeDefIndex: 5835"
"557670","class","ResolvedStyleAccessPropertyBag.UnityBackgroundImageTintColorProperty","5836","private class ResolvedStyleAccessPropertyBag.UnityBackgroundImageTintColorProperty : ResolvedStyleAccessPropertyBag.ResolvedColorProperty // TypeDefIndex: 5836"
"557699","class","ResolvedStyleAccessPropertyBag.UnityEditorTextRenderingModeProperty","5837","private class ResolvedStyleAccessPropertyBag.UnityEditorTextRenderingModeProperty : ResolvedStyleAccessPropertyBag.ResolvedEnumProperty<EditorTextRenderingMode> // TypeDefIndex: 5837"
"557728","class","ResolvedStyleAccessPropertyBag.UnityFontProperty","5838","private class ResolvedStyleAccessPropertyBag.UnityFontProperty : ResolvedStyleAccessPropertyBag.ResolvedFontProperty // TypeDefIndex: 5838"
"557757","class","ResolvedStyleAccessPropertyBag.UnityFontDefinitionProperty","5839","private class ResolvedStyleAccessPropertyBag.UnityFontDefinitionProperty : ResolvedStyleAccessPropertyBag.ResolvedFontDefinitionProperty // TypeDefIndex: 5839"
"557786","class","ResolvedStyleAccessPropertyBag.UnityFontStyleAndWeightProperty","5840","private class ResolvedStyleAccessPropertyBag.UnityFontStyleAndWeightProperty : ResolvedStyleAccessPropertyBag.ResolvedEnumProperty<FontStyle> // TypeDefIndex: 5840"
"557815","class","ResolvedStyleAccessPropertyBag.UnityParagraphSpacingProperty","5841","private class ResolvedStyleAccessPropertyBag.UnityParagraphSpacingProperty : ResolvedStyleAccessPropertyBag.ResolvedFloatProperty // TypeDefIndex: 5841"
"557844","class","ResolvedStyleAccessPropertyBag.UnitySliceBottomProperty","5842","private class ResolvedStyleAccessPropertyBag.UnitySliceBottomProperty : ResolvedStyleAccessPropertyBag.ResolvedIntProperty // TypeDefIndex: 5842"
"557873","class","ResolvedStyleAccessPropertyBag.UnitySliceLeftProperty","5843","private class ResolvedStyleAccessPropertyBag.UnitySliceLeftProperty : ResolvedStyleAccessPropertyBag.ResolvedIntProperty // TypeDefIndex: 5843"
"557902","class","ResolvedStyleAccessPropertyBag.UnitySliceRightProperty","5844","private class ResolvedStyleAccessPropertyBag.UnitySliceRightProperty : ResolvedStyleAccessPropertyBag.ResolvedIntProperty // TypeDefIndex: 5844"
"557931","class","ResolvedStyleAccessPropertyBag.UnitySliceScaleProperty","5845","private class ResolvedStyleAccessPropertyBag.UnitySliceScaleProperty : ResolvedStyleAccessPropertyBag.ResolvedFloatProperty // TypeDefIndex: 5845"
"557960","class","ResolvedStyleAccessPropertyBag.UnitySliceTopProperty","5846","private class ResolvedStyleAccessPropertyBag.UnitySliceTopProperty : ResolvedStyleAccessPropertyBag.ResolvedIntProperty // TypeDefIndex: 5846"
"557989","class","ResolvedStyleAccessPropertyBag.UnitySliceTypeProperty","5847","private class ResolvedStyleAccessPropertyBag.UnitySliceTypeProperty : ResolvedStyleAccessPropertyBag.ResolvedEnumProperty<SliceType> // TypeDefIndex: 5847"
"558018","class","ResolvedStyleAccessPropertyBag.UnityTextAlignProperty","5848","private class ResolvedStyleAccessPropertyBag.UnityTextAlignProperty : ResolvedStyleAccessPropertyBag.ResolvedEnumProperty<TextAnchor> // TypeDefIndex: 5848"
"558047","class","ResolvedStyleAccessPropertyBag.UnityTextGeneratorProperty","5849","private class ResolvedStyleAccessPropertyBag.UnityTextGeneratorProperty : ResolvedStyleAccessPropertyBag.ResolvedEnumProperty<TextGeneratorType> // TypeDefIndex: 5849"
"558076","class","ResolvedStyleAccessPropertyBag.UnityTextOutlineColorProperty","5850","private class ResolvedStyleAccessPropertyBag.UnityTextOutlineColorProperty : ResolvedStyleAccessPropertyBag.ResolvedColorProperty // TypeDefIndex: 5850"
"558105","class","ResolvedStyleAccessPropertyBag.UnityTextOutlineWidthProperty","5851","private class ResolvedStyleAccessPropertyBag.UnityTextOutlineWidthProperty : ResolvedStyleAccessPropertyBag.ResolvedFloatProperty // TypeDefIndex: 5851"
"558134","class","ResolvedStyleAccessPropertyBag.UnityTextOverflowPositionProperty","5852","private class ResolvedStyleAccessPropertyBag.UnityTextOverflowPositionProperty : ResolvedStyleAccessPropertyBag.ResolvedEnumProperty<TextOverflowPosition> // TypeDefIndex: 5852"
"558163","class","ResolvedStyleAccessPropertyBag.VisibilityProperty","5853","private class ResolvedStyleAccessPropertyBag.VisibilityProperty : ResolvedStyleAccessPropertyBag.ResolvedEnumProperty<Visibility> // TypeDefIndex: 5853"
"558192","class","ResolvedStyleAccessPropertyBag.WhiteSpaceProperty","5854","private class ResolvedStyleAccessPropertyBag.WhiteSpaceProperty : ResolvedStyleAccessPropertyBag.ResolvedEnumProperty<WhiteSpace> // TypeDefIndex: 5854"
"558221","class","ResolvedStyleAccessPropertyBag.WidthProperty","5855","private class ResolvedStyleAccessPropertyBag.WidthProperty : ResolvedStyleAccessPropertyBag.ResolvedFloatProperty // TypeDefIndex: 5855"
"558250","class","ResolvedStyleAccessPropertyBag.WordSpacingProperty","5856","private class ResolvedStyleAccessPropertyBag.WordSpacingProperty : ResolvedStyleAccessPropertyBag.ResolvedFloatProperty // TypeDefIndex: 5856"
"558279","class","ResolvedStyleAccessPropertyBag.ResolvedStyleProperty","5857","private abstract class ResolvedStyleAccessPropertyBag.ResolvedStyleProperty<TValue> : Property<ResolvedStyleAccess, TValue> // TypeDefIndex: 5857"
"558346","class","ResolvedStyleAccessPropertyBag.ResolvedEnumProperty","5858","private abstract class ResolvedStyleAccessPropertyBag.ResolvedEnumProperty<TValue> : ResolvedStyleAccessPropertyBag.ResolvedStyleProperty<TValue> // TypeDefIndex: 5858"
"558363","class","ResolvedStyleAccessPropertyBag.ResolvedColorProperty","5859","private abstract class ResolvedStyleAccessPropertyBag.ResolvedColorProperty : ResolvedStyleAccessPropertyBag.ResolvedStyleProperty<Color> // TypeDefIndex: 5859"
"558372","class","ResolvedStyleAccessPropertyBag.ResolvedBackgroundProperty","5860","private abstract class ResolvedStyleAccessPropertyBag.ResolvedBackgroundProperty : ResolvedStyleAccessPropertyBag.ResolvedStyleProperty<Background> // TypeDefIndex: 5860"
"558381","class","ResolvedStyleAccessPropertyBag.ResolvedFloatProperty","5861","private abstract class ResolvedStyleAccessPropertyBag.ResolvedFloatProperty : ResolvedStyleAccessPropertyBag.ResolvedStyleProperty<float> // TypeDefIndex: 5861"
"558390","class","ResolvedStyleAccessPropertyBag.ResolvedStyleFloatProperty","5862","private abstract class ResolvedStyleAccessPropertyBag.ResolvedStyleFloatProperty : ResolvedStyleAccessPropertyBag.ResolvedStyleProperty<StyleFloat> // TypeDefIndex: 5862"
"558399","class","ResolvedStyleAccessPropertyBag.ResolvedListProperty","5863","private abstract class ResolvedStyleAccessPropertyBag.ResolvedListProperty<T> : ResolvedStyleAccessPropertyBag.ResolvedStyleProperty<IEnumerable<T>> // TypeDefIndex: 5863"
"558422","class","ResolvedStyleAccessPropertyBag.ResolvedFontProperty","5864","private abstract class ResolvedStyleAccessPropertyBag.ResolvedFontProperty : ResolvedStyleAccessPropertyBag.ResolvedStyleProperty<Font> // TypeDefIndex: 5864"
"558431","class","ResolvedStyleAccessPropertyBag.ResolvedFontDefinitionProperty","5865","private abstract class ResolvedStyleAccessPropertyBag.ResolvedFontDefinitionProperty : ResolvedStyleAccessPropertyBag.ResolvedStyleProperty<FontDefinition> // TypeDefIndex: 5865"
"558440","class","ResolvedStyleAccessPropertyBag.ResolvedIntProperty","5866","private abstract class ResolvedStyleAccessPropertyBag.ResolvedIntProperty : ResolvedStyleAccessPropertyBag.ResolvedStyleProperty<int> // TypeDefIndex: 5866"
"558449","class","ResolvedStyleAccessPropertyBag.ResolvedRotateProperty","5867","private abstract class ResolvedStyleAccessPropertyBag.ResolvedRotateProperty : ResolvedStyleAccessPropertyBag.ResolvedStyleProperty<Rotate> // TypeDefIndex: 5867"
"558458","class","ResolvedStyleAccessPropertyBag.ResolvedScaleProperty","5868","private abstract class ResolvedStyleAccessPropertyBag.ResolvedScaleProperty : ResolvedStyleAccessPropertyBag.ResolvedStyleProperty<Scale> // TypeDefIndex: 5868"
"558467","class","ResolvedStyleAccessPropertyBag.ResolvedVector3Property","5869","private abstract class ResolvedStyleAccessPropertyBag.ResolvedVector3Property : ResolvedStyleAccessPropertyBag.ResolvedStyleProperty<Vector3> // TypeDefIndex: 5869"
"558476","class","ResolvedStyleAccessPropertyBag.ResolvedBackgroundPositionProperty","5870","private abstract class ResolvedStyleAccessPropertyBag.ResolvedBackgroundPositionProperty : ResolvedStyleAccessPropertyBag.ResolvedStyleProperty<BackgroundPosition> // TypeDefIndex: 5870"
"558485","class","ResolvedStyleAccessPropertyBag.ResolvedBackgroundRepeatProperty","5871","private abstract class ResolvedStyleAccessPropertyBag.ResolvedBackgroundRepeatProperty : ResolvedStyleAccessPropertyBag.ResolvedStyleProperty<BackgroundRepeat> // TypeDefIndex: 5871"
"558494","class","ResolvedStyleAccessPropertyBag.ResolvedBackgroundSizeProperty","5872","private abstract class ResolvedStyleAccessPropertyBag.ResolvedBackgroundSizeProperty : ResolvedStyleAccessPropertyBag.ResolvedStyleProperty<BackgroundSize> // TypeDefIndex: 5872"
"558503","class","ResolvedStyleAccessPropertyBag","5873","internal class ResolvedStyleAccessPropertyBag : PropertyBag<ResolvedStyleAccess>, INamedProperties<ResolvedStyleAccess> // TypeDefIndex: 5873"
"558575","interface","IStyleDataGroup","5874","internal interface IStyleDataGroup<T> // TypeDefIndex: 5874"
"558597","struct","InheritedData","5875","internal struct InheritedData : IStyleDataGroup<InheritedData>, IEquatable<InheritedData> // TypeDefIndex: 5875"
"558639","struct","LayoutData","5876","internal struct LayoutData : IStyleDataGroup<LayoutData>, IEquatable<LayoutData> // TypeDefIndex: 5876"
"558698","struct","RareData","5877","internal struct RareData : IStyleDataGroup<RareData>, IEquatable<RareData> // TypeDefIndex: 5877"
"558735","struct","TransformData","5878","internal struct TransformData : IStyleDataGroup<TransformData>, IEquatable<TransformData> // TypeDefIndex: 5878"
"558766","struct","TransitionData","5879","internal struct TransitionData : IStyleDataGroup<TransitionData>, IEquatable<TransitionData> // TypeDefIndex: 5879"
"558796","struct","VisualData","5880","internal struct VisualData : IStyleDataGroup<VisualData>, IEquatable<VisualData> // TypeDefIndex: 5880"
"558838","class","StyleValueCollection","5881","internal class StyleValueCollection // TypeDefIndex: 5881"
"558883","class","Length.PropertyBag.ValueProperty","5882","private class Length.PropertyBag.ValueProperty : Property<Length, float> // TypeDefIndex: 5882"
"558918","class","Length.PropertyBag.UnitProperty","5883","private class Length.PropertyBag.UnitProperty : Property<Length, LengthUnit> // TypeDefIndex: 5883"
"558953","class","Length.PropertyBag","5884","internal class Length.PropertyBag : ContainerPropertyBag<Length> // TypeDefIndex: 5884"
"558962","enum","Length.Unit","5885","private enum Length.Unit // TypeDefIndex: 5885"
"558974","struct","Length","5886","public struct Length : IEquatable<Length> // TypeDefIndex: 5886"
"559048","enum","LengthUnit","5887","public enum LengthUnit // TypeDefIndex: 5887"
"559057","class","Rotate.PropertyBag.AngleProperty","5888","private class Rotate.PropertyBag.AngleProperty : Property<Rotate, Angle> // TypeDefIndex: 5888"
"559092","class","Rotate.PropertyBag.AxisProperty","5889","private class Rotate.PropertyBag.AxisProperty : Property<Rotate, Vector3> // TypeDefIndex: 5889"
"559127","class","Rotate.PropertyBag","5890","internal class Rotate.PropertyBag : ContainerPropertyBag<Rotate> // TypeDefIndex: 5890"
"559136","struct","Rotate","5891","public struct Rotate : IEquatable<Rotate> // TypeDefIndex: 5891"
"559196","class","Scale.PropertyBag.ValueProperty","5892","private class Scale.PropertyBag.ValueProperty : Property<Scale, Vector3> // TypeDefIndex: 5892"
"559231","class","Scale.PropertyBag","5893","internal class Scale.PropertyBag : ContainerPropertyBag<Scale> // TypeDefIndex: 5893"
"559240","struct","Scale","5894","public struct Scale : IEquatable<Scale> // TypeDefIndex: 5894"
"559287","struct","StyleBackground","5895","public struct StyleBackground : IStyleValue<Background>, IEquatable<StyleBackground> // TypeDefIndex: 5895"
"559358","struct","StyleBackgroundPosition","5896","public struct StyleBackgroundPosition : IStyleValue<BackgroundPosition>, IEquatable<StyleBackgroundPosition> // TypeDefIndex: 5896"
"559411","struct","StyleBackgroundRepeat","5897","public struct StyleBackgroundRepeat : IStyleValue<BackgroundRepeat>, IEquatable<StyleBackgroundRepeat> // TypeDefIndex: 5897"
"559464","struct","StyleBackgroundSize","5898","public struct StyleBackgroundSize : IStyleValue<BackgroundSize>, IEquatable<StyleBackgroundSize> // TypeDefIndex: 5898"
"559514","struct","StyleColor","5899","public struct StyleColor : IStyleValue<Color>, IEquatable<StyleColor> // TypeDefIndex: 5899"
"559570","struct","StyleCursor","5900","public struct StyleCursor : IStyleValue<Cursor>, IEquatable<StyleCursor> // TypeDefIndex: 5900"
"559620","class","StyleDataRef.RefCounted","5901","private class StyleDataRef.RefCounted<T> // TypeDefIndex: 5901"
"559792","struct","StyleDataRef","5902","internal struct StyleDataRef<T> : IEquatable<StyleDataRef<T>> // TypeDefIndex: 5902"
"560087","struct","StyleEnum","5903","public struct StyleEnum<T> : IStyleValue<T>, IEquatable<StyleEnum<T>> // TypeDefIndex: 5903"
"560266","struct","StyleFloat","5904","public struct StyleFloat : IStyleValue<float>, IEquatable<StyleFloat> // TypeDefIndex: 5904"
"560322","struct","StyleFont","5905","public struct StyleFont : IStyleValue<Font>, IEquatable<StyleFont> // TypeDefIndex: 5905"
"560378","struct","StyleFontDefinition","5906","public struct StyleFontDefinition : IStyleValue<FontDefinition>, IEquatable<StyleFontDefinition> // TypeDefIndex: 5906"
"560443","struct","StyleInt","5907","public struct StyleInt : IStyleValue<int>, IEquatable<StyleInt> // TypeDefIndex: 5907"
"560493","struct","StyleLength","5908","public struct StyleLength : IStyleValue<Length>, IEquatable<StyleLength> // TypeDefIndex: 5908"
"560555","struct","StyleList","5909","public struct StyleList<T> : IStyleValue<List<T>>, IEquatable<StyleList<T>> // TypeDefIndex: 5909"
"560773","struct","StyleRotate","5910","public struct StyleRotate : IStyleValue<Rotate>, IEquatable<StyleRotate> // TypeDefIndex: 5910"
"560829","struct","StyleScale","5911","public struct StyleScale : IStyleValue<Scale>, IEquatable<StyleScale> // TypeDefIndex: 5911"
"560885","struct","StyleTranslate","5912","public struct StyleTranslate : IStyleValue<Translate>, IEquatable<StyleTranslate> // TypeDefIndex: 5912"
"560941","struct","StyleTextShadow","5913","public struct StyleTextShadow : IStyleValue<TextShadow>, IEquatable<StyleTextShadow> // TypeDefIndex: 5913"
"560991","struct","StyleTransformOrigin","5914","public struct StyleTransformOrigin : IStyleValue<TransformOrigin>, IEquatable<StyleTransformOrigin> // TypeDefIndex: 5914"
"561047","interface","IStyleValue","5915","public interface IStyleValue<T> // TypeDefIndex: 5915"
"561089","enum","StyleKeyword","5916","public enum StyleKeyword // TypeDefIndex: 5916"
"561102","class","StyleValueExtensions","5917","internal static class StyleValueExtensions // TypeDefIndex: 5917"
"561210","class","StyleValuePropertyBag.ValueProperty","5918","private class StyleValuePropertyBag.ValueProperty<TContainer, TValue> : Property<TContainer, TValue> // TypeDefIndex: 5918"
"561570","class","StyleValuePropertyBag.KeywordProperty","5919","private class StyleValuePropertyBag.KeywordProperty<TContainer, TValue> : Property<TContainer, StyleKeyword> // TypeDefIndex: 5919"
"561930","class","StyleValuePropertyBag","5920","internal class StyleValuePropertyBag<TContainer, TValue> : ContainerPropertyBag<TContainer> // TypeDefIndex: 5920"
"562004","class","TimeValue.PropertyBag.ValueProperty","5921","private class TimeValue.PropertyBag.ValueProperty : Property<TimeValue, float> // TypeDefIndex: 5921"
"562039","class","TimeValue.PropertyBag.UnitProperty","5922","private class TimeValue.PropertyBag.UnitProperty : Property<TimeValue, TimeUnit> // TypeDefIndex: 5922"
"562074","class","TimeValue.PropertyBag","5923","internal class TimeValue.PropertyBag : ContainerPropertyBag<TimeValue> // TypeDefIndex: 5923"
"562083","struct","TimeValue","5924","public struct TimeValue : IEquatable<TimeValue> // TypeDefIndex: 5924"
"562136","enum","TimeUnit","5925","public enum TimeUnit // TypeDefIndex: 5925"
"562145","class","TransformOrigin.PropertyBag.XProperty","5926","private class TransformOrigin.PropertyBag.XProperty : Property<TransformOrigin, Length> // TypeDefIndex: 5926"
"562180","class","TransformOrigin.PropertyBag.YProperty","5927","private class TransformOrigin.PropertyBag.YProperty : Property<TransformOrigin, Length> // TypeDefIndex: 5927"
"562215","class","TransformOrigin.PropertyBag.ZProperty","5928","private class TransformOrigin.PropertyBag.ZProperty : Property<TransformOrigin, float> // TypeDefIndex: 5928"
"562250","class","TransformOrigin.PropertyBag","5929","internal class TransformOrigin.PropertyBag : ContainerPropertyBag<TransformOrigin> // TypeDefIndex: 5929"
"562259","struct","TransformOrigin","5930","public struct TransformOrigin : IEquatable<TransformOrigin> // TypeDefIndex: 5930"
"562320","class","Translate.PropertyBag.XProperty","5931","private class Translate.PropertyBag.XProperty : Property<Translate, Length> // TypeDefIndex: 5931"
"562355","class","Translate.PropertyBag.YProperty","5932","private class Translate.PropertyBag.YProperty : Property<Translate, Length> // TypeDefIndex: 5932"
"562390","class","Translate.PropertyBag.ZProperty","5933","private class Translate.PropertyBag.ZProperty : Property<Translate, float> // TypeDefIndex: 5933"
"562425","class","Translate.PropertyBag","5934","internal class Translate.PropertyBag : ContainerPropertyBag<Translate> // TypeDefIndex: 5934"
"562434","struct","Translate","5935","public struct Translate : IEquatable<Translate> // TypeDefIndex: 5935"
"562496","enum","Position","5936","public enum Position // TypeDefIndex: 5936"
"562505","enum","Overflow","5937","public enum Overflow // TypeDefIndex: 5937"
"562515","enum","OverflowInternal","5938","internal enum OverflowInternal // TypeDefIndex: 5938"
"562525","enum","OverflowClipBox","5939","public enum OverflowClipBox // TypeDefIndex: 5939"
"562534","enum","FlexDirection","5940","public enum FlexDirection // TypeDefIndex: 5940"
"562545","enum","Wrap","5941","public enum Wrap // TypeDefIndex: 5941"
"562555","enum","Align","5942","public enum Align // TypeDefIndex: 5942"
"562567","enum","Justify","5943","public enum Justify // TypeDefIndex: 5943"
"562580","enum","TextOverflowPosition","5944","public enum TextOverflowPosition // TypeDefIndex: 5944"
"562590","enum","TextOverflow","5945","public enum TextOverflow // TypeDefIndex: 5945"
"562599","enum","TransformOriginOffset","5946","public enum TransformOriginOffset // TypeDefIndex: 5946"
"562611","enum","Visibility","5947","public enum Visibility // TypeDefIndex: 5947"
"562620","enum","WhiteSpace","5948","public enum WhiteSpace // TypeDefIndex: 5948"
"562631","enum","DisplayStyle","5949","public enum DisplayStyle // TypeDefIndex: 5949"
"562640","enum","BackgroundPositionKeyword","5950","public enum BackgroundPositionKeyword // TypeDefIndex: 5950"
"562652","enum","Repeat","5951","public enum Repeat // TypeDefIndex: 5951"
"562663","enum","BackgroundSizeType","5952","public enum BackgroundSizeType // TypeDefIndex: 5952"
"562673","enum","Axis","5953","internal enum Axis // TypeDefIndex: 5953"
"562683","enum","EditorTextRenderingMode","5954","public enum EditorTextRenderingMode // TypeDefIndex: 5954"
"562692","enum","SliceType","5955","public enum SliceType // TypeDefIndex: 5955"
"562701","interface","IStylePropertyAnimations","5956","internal interface IStylePropertyAnimations // TypeDefIndex: 5956"
"562784","interface","IStylePropertyAnimationSystem","5957","internal interface IStylePropertyAnimationSystem // TypeDefIndex: 5957"
"562857","enum","StylePropertyAnimationSystem.TransitionState","5958","private enum StylePropertyAnimationSystem.TransitionState // TypeDefIndex: 5958"
"562869","struct","StylePropertyAnimationSystem.AnimationDataSet","5959","private struct StylePropertyAnimationSystem.AnimationDataSet<TTimingData, TStyleData> // TypeDefIndex: 5959"
"563964","class","StylePropertyAnimationSystem.ElementPropertyPair.EqualityComparer","5960","private class StylePropertyAnimationSystem.ElementPropertyPair.EqualityComparer : IEqualityComparer<StylePropertyAnimationSystem.ElementPropertyPair> // TypeDefIndex: 5960"
"563979","struct","StylePropertyAnimationSystem.ElementPropertyPair","5961","private struct StylePropertyAnimationSystem.ElementPropertyPair // TypeDefIndex: 5961"
"563996","class","StylePropertyAnimationSystem.Values","5962","private abstract class StylePropertyAnimationSystem.Values // TypeDefIndex: 5962"
"564034","class","StylePropertyAnimationSystem.Values.TransitionEventsFrameState.","5963","private sealed class StylePropertyAnimationSystem.Values.TransitionEventsFrameState.<>c<T> // TypeDefIndex: 5963"
"564202","class","StylePropertyAnimationSystem.Values.TransitionEventsFrameState","5964","private class StylePropertyAnimationSystem.Values.TransitionEventsFrameState<T> // TypeDefIndex: 5964"
"564586","struct","StylePropertyAnimationSystem.Values.TimingData","5965","public struct StylePropertyAnimationSystem.Values.TimingData<T> // TypeDefIndex: 5965"
"564599","struct","StylePropertyAnimationSystem.Values.StyleData","5966","public struct StylePropertyAnimationSystem.Values.StyleData<T> // TypeDefIndex: 5966"
"564609","struct","StylePropertyAnimationSystem.Values.EmptyData","5967","public struct StylePropertyAnimationSystem.Values.EmptyData<T> // TypeDefIndex: 5967"
"564671","class","StylePropertyAnimationSystem.Values","5968","private abstract class StylePropertyAnimationSystem.Values<T> : StylePropertyAnimationSystem.Values // TypeDefIndex: 5968"
"565968","class","StylePropertyAnimationSystem.ValuesFloat","5969","private class StylePropertyAnimationSystem.ValuesFloat : StylePropertyAnimationSystem.Values<float> // TypeDefIndex: 5969"
"566004","class","StylePropertyAnimationSystem.ValuesInt","5970","private class StylePropertyAnimationSystem.ValuesInt : StylePropertyAnimationSystem.Values<int> // TypeDefIndex: 5970"
"566040","class","StylePropertyAnimationSystem.ValuesLength","5971","private class StylePropertyAnimationSystem.ValuesLength : StylePropertyAnimationSystem.Values<Length> // TypeDefIndex: 5971"
"566079","class","StylePropertyAnimationSystem.ValuesColor","5972","private class StylePropertyAnimationSystem.ValuesColor : StylePropertyAnimationSystem.Values<Color> // TypeDefIndex: 5972"
"566115","class","StylePropertyAnimationSystem.ValuesDiscrete","5973","private abstract class StylePropertyAnimationSystem.ValuesDiscrete<T> : StylePropertyAnimationSystem.Values<T> // TypeDefIndex: 5973"
"566260","class","StylePropertyAnimationSystem.ValuesEnum","5974","private class StylePropertyAnimationSystem.ValuesEnum : StylePropertyAnimationSystem.ValuesDiscrete<int> // TypeDefIndex: 5974"
"566275","class","StylePropertyAnimationSystem.ValuesBackground","5975","private class StylePropertyAnimationSystem.ValuesBackground : StylePropertyAnimationSystem.ValuesDiscrete<Background> // TypeDefIndex: 5975"
"566290","class","StylePropertyAnimationSystem.ValuesFontDefinition","5976","private class StylePropertyAnimationSystem.ValuesFontDefinition : StylePropertyAnimationSystem.ValuesDiscrete<FontDefinition> // TypeDefIndex: 5976"
"566305","class","StylePropertyAnimationSystem.ValuesFont","5977","private class StylePropertyAnimationSystem.ValuesFont : StylePropertyAnimationSystem.ValuesDiscrete<Font> // TypeDefIndex: 5977"
"566320","class","StylePropertyAnimationSystem.ValuesTextShadow","5978","private class StylePropertyAnimationSystem.ValuesTextShadow : StylePropertyAnimationSystem.Values<TextShadow> // TypeDefIndex: 5978"
"566356","class","StylePropertyAnimationSystem.ValuesScale","5979","private class StylePropertyAnimationSystem.ValuesScale : StylePropertyAnimationSystem.Values<Scale> // TypeDefIndex: 5979"
"566392","class","StylePropertyAnimationSystem.ValuesRotate","5980","private class StylePropertyAnimationSystem.ValuesRotate : StylePropertyAnimationSystem.Values<Rotate> // TypeDefIndex: 5980"
"566428","class","StylePropertyAnimationSystem.ValuesTranslate","5981","private class StylePropertyAnimationSystem.ValuesTranslate : StylePropertyAnimationSystem.Values<Translate> // TypeDefIndex: 5981"
"566467","class","StylePropertyAnimationSystem.ValuesTransformOrigin","5982","private class StylePropertyAnimationSystem.ValuesTransformOrigin : StylePropertyAnimationSystem.Values<TransformOrigin> // TypeDefIndex: 5982"
"566506","class","StylePropertyAnimationSystem.ValuesBackgroundPosition","5983","private class StylePropertyAnimationSystem.ValuesBackgroundPosition : StylePropertyAnimationSystem.ValuesDiscrete<BackgroundPosition> // TypeDefIndex: 5983"
"566521","class","StylePropertyAnimationSystem.ValuesBackgroundRepeat","5984","private class StylePropertyAnimationSystem.ValuesBackgroundRepeat : StylePropertyAnimationSystem.ValuesDiscrete<BackgroundRepeat> // TypeDefIndex: 5984"
"566536","class","StylePropertyAnimationSystem.ValuesBackgroundSize","5985","private class StylePropertyAnimationSystem.ValuesBackgroundSize : StylePropertyAnimationSystem.Values<BackgroundSize> // TypeDefIndex: 5985"
"566576","class","StylePropertyAnimationSystem","5986","internal class StylePropertyAnimationSystem : IStylePropertyAnimationSystem // TypeDefIndex: 5986"
"566792","class","StylePropertyName.PropertyBag.IdProperty","5987","private class StylePropertyName.PropertyBag.IdProperty : Property<StylePropertyName, StylePropertyId> // TypeDefIndex: 5987"
"566827","class","StylePropertyName.PropertyBag.NameProperty","5988","private class StylePropertyName.PropertyBag.NameProperty : Property<StylePropertyName, string> // TypeDefIndex: 5988"
"566862","class","StylePropertyName.PropertyBag","5989","internal class StylePropertyName.PropertyBag : ContainerPropertyBag<StylePropertyName> // TypeDefIndex: 5989"
"566871","struct","StylePropertyName","5990","public struct StylePropertyName : IEquatable<StylePropertyName> // TypeDefIndex: 5990"
"566930","enum","Salt","5991","internal enum Salt // TypeDefIndex: 5991"
"566942","struct","Hashes.","5992","public struct Hashes.<hashes>e__FixedBuffer // TypeDefIndex: 5992"
"566949","struct","Hashes","5993","internal struct Hashes // TypeDefIndex: 5993"
"566958","struct","StyleComplexSelector.PseudoStateData","5994","private struct StyleComplexSelector.PseudoStateData // TypeDefIndex: 5994"
"566973","class","StyleComplexSelector.","5995","private sealed class StyleComplexSelector.<>c // TypeDefIndex: 5995"
"566998","class","StyleComplexSelector","5996","internal class StyleComplexSelector : ISerializationCallbackReceiver // TypeDefIndex: 5996"
"567077","class","StyleProperty","5997","internal class StyleProperty // TypeDefIndex: 5997"
"567108","class","StyleRule","5998","internal class StyleRule // TypeDefIndex: 5998"
"567134","class","StyleSelector.","5999","private sealed class StyleSelector.<>c // TypeDefIndex: 5999"
"567155","class","StyleSelector","6000","internal class StyleSelector // TypeDefIndex: 6000"
"567195","struct","StyleSelectorPart","6001","internal struct StyleSelectorPart // TypeDefIndex: 6001"
"567235","enum","StyleSelectorRelationship","6002","internal enum StyleSelectorRelationship // TypeDefIndex: 6002"
"567246","enum","StyleSelectorType","6003","internal enum StyleSelectorType // TypeDefIndex: 6003"
"567263","struct","StyleSheet.ImportStruct","6004","internal struct StyleSheet.ImportStruct // TypeDefIndex: 6004"
"567271","enum","StyleSheet.OrderedSelectorType","6005","internal enum StyleSheet.OrderedSelectorType // TypeDefIndex: 6005"
"567285","class","StyleSheet","6006","public class StyleSheet : ScriptableObject // TypeDefIndex: 6006"
"567524","enum","StyleValueFunction","6007","internal enum StyleValueFunction // TypeDefIndex: 6007"
"567536","class","StyleValueFunctionExtension","6008","internal static class StyleValueFunctionExtension // TypeDefIndex: 6008"
"567548","struct","StyleValueHandle","6009","internal struct StyleValueHandle // TypeDefIndex: 6009"
"567571","enum","StyleValueKeyword","6010","internal enum StyleValueKeyword // TypeDefIndex: 6010"
"567589","class","StyleValueKeywordExtension","6011","internal static class StyleValueKeywordExtension // TypeDefIndex: 6011"
"567600","enum","StyleValueType","6012","internal enum StyleValueType // TypeDefIndex: 6012"
"567622","struct","StyleVariable","6013","internal struct StyleVariable // TypeDefIndex: 6013"
"567640","struct","StyleVariableContext.","6014","private struct StyleVariableContext.<>c__DisplayClass7_0 // TypeDefIndex: 6014"
"567648","class","StyleVariableContext","6015","internal class StyleVariableContext // TypeDefIndex: 6015"
"567689","enum","StyleVariableResolver.Result","6016","private enum StyleVariableResolver.Result // TypeDefIndex: 6016"
"567699","struct","StyleVariableResolver.ResolveContext","6017","private struct StyleVariableResolver.ResolveContext // TypeDefIndex: 6017"
"567707","class","StyleVariableResolver","6018","internal class StyleVariableResolver // TypeDefIndex: 6018"
"567787","class","ThemeStyleSheet","6019","public class ThemeStyleSheet : StyleSheet // TypeDefIndex: 6019"
"567800","class","TemplateContainer.UxmlFactory","6020","public class TemplateContainer.UxmlFactory : UxmlFactory<TemplateContainer, TemplateContainer.UxmlTraits> // TypeDefIndex: 6020"
"567820","class","TemplateContainer.UxmlTraits","6021","public class TemplateContainer.UxmlTraits : BindableElement.UxmlTraits // TypeDefIndex: 6021"
"567837","class","TemplateContainer","6022","public class TemplateContainer : BindableElement // TypeDefIndex: 6022"
"567892","class","ATGTextEventHandler","6023","internal class ATGTextEventHandler // TypeDefIndex: 6023"
"567965","class","UITKTextHandle","6024","internal class UITKTextHandle : TextHandle // TypeDefIndex: 6024"
"568121","class","ATGTextJobSystem.ManagedJobData","6025","private class ATGTextJobSystem.ManagedJobData // TypeDefIndex: 6025"
"568139","struct","ATGTextJobSystem.GenerateTextJobData","6026","private struct ATGTextJobSystem.GenerateTextJobData : IJobParallelFor // TypeDefIndex: 6026"
"568153","class","ATGTextJobSystem.","6027","private sealed class ATGTextJobSystem.<>c // TypeDefIndex: 6027"
"568174","class","ATGTextJobSystem","6028","internal class ATGTextJobSystem // TypeDefIndex: 6028"
"568214","class","PanelTextSettings","6029","public class PanelTextSettings : TextSettings // TypeDefIndex: 6029"
"568235","class","TextEditingManipulator","6030","internal class TextEditingManipulator // TypeDefIndex: 6030"
"568298","class","TextEventHandler","6031","internal class TextEventHandler // TypeDefIndex: 6031"
"568376","class","TextJobSystem","6032","internal class TextJobSystem // TypeDefIndex: 6032"
"568393","class","TextSelectingManipulator","6033","internal class TextSelectingManipulator // TypeDefIndex: 6033"
"568487","class","TextUtilities","6034","internal static class TextUtilities // TypeDefIndex: 6034"
"568523","class","UITKTextJobSystem.ManagedJobData","6035","private class UITKTextJobSystem.ManagedJobData // TypeDefIndex: 6035"
"568544","struct","UITKTextJobSystem.PrepareTextJobData","6036","private struct UITKTextJobSystem.PrepareTextJobData : IJobParallelFor // TypeDefIndex: 6036"
"568556","struct","UITKTextJobSystem.GenerateTextJobData","6037","private struct UITKTextJobSystem.GenerateTextJobData : IJobParallelFor // TypeDefIndex: 6037"
"568572","class","UITKTextJobSystem.","6038","private sealed class UITKTextJobSystem.<>c // TypeDefIndex: 6038"
"568617","class","UITKTextJobSystem","6039","internal class UITKTextJobSystem // TypeDefIndex: 6039"
"568665","class","TextElement.UxmlFactory","6040","public class TextElement.UxmlFactory : UxmlFactory<TextElement, TextElement.UxmlTraits> // TypeDefIndex: 6040"
"568675","class","TextElement.UxmlTraits","6041","public class TextElement.UxmlTraits : BindableElement.UxmlTraits // TypeDefIndex: 6041"
"568697","class","TextElement","6042","public class TextElement : BindableElement, INotifyValueChanged<string>, ITextEdition, IExperimentalFeatures, ITextSelection // TypeDefIndex: 6042"
"569386","interface","ITextEdition","6043","public interface ITextEdition // TypeDefIndex: 6043"
"569538","interface","ITextSelection","6044","public interface ITextSelection // TypeDefIndex: 6044"
"569616","class","TextShadow.PropertyBag.OffsetProperty","6045","private class TextShadow.PropertyBag.OffsetProperty : Property<TextShadow, Vector2> // TypeDefIndex: 6045"
"569651","class","TextShadow.PropertyBag.BlurRadiusProperty","6046","private class TextShadow.PropertyBag.BlurRadiusProperty : Property<TextShadow, float> // TypeDefIndex: 6046"
"569686","class","TextShadow.PropertyBag.ColorProperty","6047","private class TextShadow.PropertyBag.ColorProperty : Property<TextShadow, Color> // TypeDefIndex: 6047"
"569721","class","TextShadow.PropertyBag","6048","internal class TextShadow.PropertyBag : ContainerPropertyBag<TextShadow> // TypeDefIndex: 6048"
"569730","struct","TextShadow","6049","public struct TextShadow : IEquatable<TextShadow> // TypeDefIndex: 6049"
"569762","class","UIElementsBridge","6050","internal abstract class UIElementsBridge // TypeDefIndex: 6050"
"569774","class","RuntimeUIElementsBridge","6051","internal class RuntimeUIElementsBridge : UIElementsBridge // TypeDefIndex: 6051"
"569786","class","UIElementsInitialization","6052","internal static class UIElementsInitialization // TypeDefIndex: 6052"
"569799","class","UIElementsRuntimeUtility.CreateRuntimePanelDelegate","6053","public sealed class UIElementsRuntimeUtility.CreateRuntimePanelDelegate : MulticastDelegate // TypeDefIndex: 6053"
"569813","class","UIElementsRuntimeUtility.","6054","private sealed class UIElementsRuntimeUtility.<>c // TypeDefIndex: 6054"
"569835","class","UIElementsRuntimeUtility","6055","internal static class UIElementsRuntimeUtility // TypeDefIndex: 6055"
"569975","interface","IUIElementsUtility","6056","internal interface IUIElementsUtility // TypeDefIndex: 6056"
"570001","class","UIEventRegistration.","6057","private sealed class UIEventRegistration.<>c // TypeDefIndex: 6057"
"570035","class","UIEventRegistration","6058","internal static class UIEventRegistration // TypeDefIndex: 6058"
"570069","class","UIElementsUtility","6059","internal class UIElementsUtility : IUIElementsUtility // TypeDefIndex: 6059"
"570156","struct","RuleMatcher","6060","internal struct RuleMatcher // TypeDefIndex: 6060"
"570169","interface","UQuery.IVisualPredicateWrapper","6061","internal interface UQuery.IVisualPredicateWrapper // TypeDefIndex: 6061"
"570178","class","UQuery.IsOfType","6062","internal class UQuery.IsOfType<T> : UQuery.IVisualPredicateWrapper // TypeDefIndex: 6062"
"570213","class","UQuery.UQueryMatcher.","6063","private sealed class UQuery.UQueryMatcher.<>c // TypeDefIndex: 6063"
"570232","class","UQuery.UQueryMatcher","6064","internal abstract class UQuery.UQueryMatcher : HierarchyTraversal // TypeDefIndex: 6064"
"570259","class","UQuery.SingleQueryMatcher","6065","internal abstract class UQuery.SingleQueryMatcher : UQuery.UQueryMatcher // TypeDefIndex: 6065"
"570293","class","UQuery.FirstQueryMatcher","6066","internal class UQuery.FirstQueryMatcher : UQuery.SingleQueryMatcher // TypeDefIndex: 6066"
"570314","class","UQuery","6067","public static class UQuery // TypeDefIndex: 6067"
"570318","class","UQueryState.ListQueryMatcher","6068","private class UQueryState.ListQueryMatcher<T, TElement> : UQuery.UQueryMatcher // TypeDefIndex: 6068"
"570374","class","UQueryState.ActionQueryMatcher","6069","private class UQueryState.ActionQueryMatcher<T> : UQuery.UQueryMatcher // TypeDefIndex: 6069"
"570422","struct","UQueryState.Enumerator","6070","public struct UQueryState.Enumerator<T> : IEnumerator<T>, IEnumerator, IDisposable // TypeDefIndex: 6070"
"570484","struct","UQueryState","6071","public struct UQueryState<T> : IEnumerable<T>, IEnumerable, IEquatable<UQueryState<T>> // TypeDefIndex: 6071"
"570609","struct","UQueryBuilder","6072","public struct UQueryBuilder<T> : IEquatable<UQueryBuilder<T>> // TypeDefIndex: 6072"
"570813","class","UQueryExtensions","6073","public static class UQueryExtensions // TypeDefIndex: 6073"
"570867","interface","IUxmlAttributes","6074","public interface IUxmlAttributes // TypeDefIndex: 6074"
"570877","class","UxmlRootElementFactory","6075","public class UxmlRootElementFactory : UxmlFactory<VisualElement, UxmlRootElementTraits> // TypeDefIndex: 6075"
"570900","class","UxmlRootElementTraits","6076","public class UxmlRootElementTraits : UxmlTraits // TypeDefIndex: 6076"
"570914","class","UxmlStyleFactory","6077","public class UxmlStyleFactory : UxmlFactory<VisualElement, UxmlStyleTraits> // TypeDefIndex: 6077"
"570937","class","UxmlStyleTraits","6078","public class UxmlStyleTraits : UxmlTraits // TypeDefIndex: 6078"
"570952","class","UxmlTemplateFactory","6079","public class UxmlTemplateFactory : UxmlFactory<VisualElement, UxmlTemplateTraits> // TypeDefIndex: 6079"
"570975","class","UxmlTemplateTraits","6080","public class UxmlTemplateTraits : UxmlTraits // TypeDefIndex: 6080"
"570990","class","UxmlAttributeOverridesFactory","6081","public class UxmlAttributeOverridesFactory : UxmlFactory<VisualElement, UxmlAttributeOverridesTraits> // TypeDefIndex: 6081"
"571013","class","UxmlAttributeOverridesTraits","6082","public class UxmlAttributeOverridesTraits : UxmlTraits // TypeDefIndex: 6082"
"571026","struct","TemplateAsset.AttributeOverride","6083","public struct TemplateAsset.AttributeOverride // TypeDefIndex: 6083"
"571042","struct","TemplateAsset.UxmlSerializedDataOverride","6084","public struct TemplateAsset.UxmlSerializedDataOverride // TypeDefIndex: 6084"
"571054","class","TemplateAsset","6085","internal class TemplateAsset : VisualElementAsset // TypeDefIndex: 6085"
"571089","class","UxmlAssetAttributeDescription","6086","public class UxmlAssetAttributeDescription<T> : TypedUxmlAttributeDescription<T> // TypeDefIndex: 6086"
"571119","enum","UxmlAttributeDescription.Use","6087","public enum UxmlAttributeDescription.Use // TypeDefIndex: 6087"
"571130","class","UxmlAttributeDescription","6088","public abstract class UxmlAttributeDescription // TypeDefIndex: 6088"
"571263","class","TypedUxmlAttributeDescription","6089","public abstract class TypedUxmlAttributeDescription<T> : UxmlAttributeDescription // TypeDefIndex: 6089"
"571403","class","UxmlStringAttributeDescription.","6090","private sealed class UxmlStringAttributeDescription.<>c // TypeDefIndex: 6090"
"571426","class","UxmlStringAttributeDescription","6091","public class UxmlStringAttributeDescription : TypedUxmlAttributeDescription<string> // TypeDefIndex: 6091"
"571443","class","UxmlFloatAttributeDescription.","6092","private sealed class UxmlFloatAttributeDescription.<>c // TypeDefIndex: 6092"
"571462","class","UxmlFloatAttributeDescription","6093","public class UxmlFloatAttributeDescription : TypedUxmlAttributeDescription<float> // TypeDefIndex: 6093"
"571479","class","UxmlDoubleAttributeDescription.","6094","private sealed class UxmlDoubleAttributeDescription.<>c // TypeDefIndex: 6094"
"571498","class","UxmlDoubleAttributeDescription","6095","public class UxmlDoubleAttributeDescription : TypedUxmlAttributeDescription<double> // TypeDefIndex: 6095"
"571515","class","UxmlIntAttributeDescription.","6096","private sealed class UxmlIntAttributeDescription.<>c // TypeDefIndex: 6096"
"571538","class","UxmlIntAttributeDescription","6097","public class UxmlIntAttributeDescription : TypedUxmlAttributeDescription<int> // TypeDefIndex: 6097"
"571558","class","UxmlUnsignedIntAttributeDescription.","6098","private sealed class UxmlUnsignedIntAttributeDescription.<>c // TypeDefIndex: 6098"
"571577","class","UxmlUnsignedIntAttributeDescription","6099","public class UxmlUnsignedIntAttributeDescription : TypedUxmlAttributeDescription<uint> // TypeDefIndex: 6099"
"571594","class","UxmlUnsignedLongAttributeDescription.","6100","private sealed class UxmlUnsignedLongAttributeDescription.<>c // TypeDefIndex: 6100"
"571613","class","UxmlUnsignedLongAttributeDescription","6101","public class UxmlUnsignedLongAttributeDescription : TypedUxmlAttributeDescription<ulong> // TypeDefIndex: 6101"
"571630","class","UxmlLongAttributeDescription.","6102","private sealed class UxmlLongAttributeDescription.<>c // TypeDefIndex: 6102"
"571649","class","UxmlLongAttributeDescription","6103","public class UxmlLongAttributeDescription : TypedUxmlAttributeDescription<long> // TypeDefIndex: 6103"
"571666","class","UxmlBoolAttributeDescription.","6104","private sealed class UxmlBoolAttributeDescription.<>c // TypeDefIndex: 6104"
"571685","class","UxmlBoolAttributeDescription","6105","public class UxmlBoolAttributeDescription : TypedUxmlAttributeDescription<bool> // TypeDefIndex: 6105"
"571700","class","UxmlTypeAttributeDescription","6106","public class UxmlTypeAttributeDescription<TBase> : TypedUxmlAttributeDescription<Type> // TypeDefIndex: 6106"
"571753","class","UxmlEnumAttributeDescription.","6107","private sealed class UxmlEnumAttributeDescription.<>c<T> // TypeDefIndex: 6107"
"571808","class","UxmlEnumAttributeDescription","6108","public class UxmlEnumAttributeDescription<T> : TypedUxmlAttributeDescription<T> // TypeDefIndex: 6108"
"571882","class","UxmlHash128AttributeDescription.","6109","private sealed class UxmlHash128AttributeDescription.<>c // TypeDefIndex: 6109"
"571901","class","UxmlHash128AttributeDescription","6110","public class UxmlHash128AttributeDescription : TypedUxmlAttributeDescription<Hash128> // TypeDefIndex: 6110"
"571913","class","UxmlObjectAttributeDescription","6111","internal class UxmlObjectAttributeDescription<T> // TypeDefIndex: 6111"
"571961","class","UxmlObjectListAttributeDescription","6112","internal class UxmlObjectListAttributeDescription<T> : UxmlObjectAttributeDescription<List<T>> // TypeDefIndex: 6112"
"571989","enum","LibraryVisibility","6113","public enum LibraryVisibility // TypeDefIndex: 6113"
"572000","class","UxmlElementAttribute","6114","public class UxmlElementAttribute : Attribute // TypeDefIndex: 6114"
"572018","class","UxmlAttributeAttribute","6115","public class UxmlAttributeAttribute : Attribute // TypeDefIndex: 6115"
"572038","class","UxmlIgnoreAttribute","6116","public class UxmlIgnoreAttribute : Attribute // TypeDefIndex: 6116"
"572048","class","UxmlObjectAttribute","6117","public class UxmlObjectAttribute : Attribute // TypeDefIndex: 6117"
"572058","class","UxmlObjectReferenceAttribute","6118","public class UxmlObjectReferenceAttribute : Attribute // TypeDefIndex: 6118"
"572078","struct","UxmlAttributeNames","6119","public struct UxmlAttributeNames // TypeDefIndex: 6119"
"572094","class","RegisterUxmlCacheAttribute","6120","public class RegisterUxmlCacheAttribute : Attribute // TypeDefIndex: 6120"
"572103","class","UxmlDescriptionCache","6121","public static class UxmlDescriptionCache // TypeDefIndex: 6121"
"572119","class","BaseUxmlTraits","6122","public abstract class BaseUxmlTraits // TypeDefIndex: 6122"
"572141","class","UxmlTraits","6123","public abstract class UxmlTraits : BaseUxmlTraits // TypeDefIndex: 6123"
"572154","class","UxmlObjectTraits","6124","internal abstract class UxmlObjectTraits<T> : BaseUxmlTraits // TypeDefIndex: 6124"
"572183","interface","IBaseUxmlFactory","6125","public interface IBaseUxmlFactory // TypeDefIndex: 6125"
"572203","interface","IUxmlFactory","6126","public interface IUxmlFactory : IBaseUxmlFactory // TypeDefIndex: 6126"
"572214","interface","IBaseUxmlObjectFactory","6127","internal interface IBaseUxmlObjectFactory : IBaseUxmlFactory // TypeDefIndex: 6127"
"572219","interface","IUxmlObjectFactory","6128","internal interface IUxmlObjectFactory<T> : IBaseUxmlObjectFactory, IBaseUxmlFactory // TypeDefIndex: 6128"
"572234","class","BaseUxmlFactory","6129","public abstract class BaseUxmlFactory<TCreatedType, TTraits> // TypeDefIndex: 6129"
"572316","class","UxmlFactory","6130","public class UxmlFactory<TCreatedType, TTraits> : BaseUxmlFactory<TCreatedType, TTraits>, IUxmlFactory, IBaseUxmlFactory // TypeDefIndex: 6130"
"572339","class","UxmlObjectFactory","6131","internal class UxmlObjectFactory<TCreatedType, TTraits> : BaseUxmlFactory<TCreatedType, TTraits>, IUxmlObjectFactory<TCreatedType>, IBaseUxmlObjectFactory, IBaseUxmlFactory // TypeDefIndex: 6131"
"572368","class","UxmlFactory","6132","public class UxmlFactory<TCreatedType> : UxmlFactory<TCreatedType, VisualElement.UxmlTraits> // TypeDefIndex: 6132"
"572383","class","UxmlImageAttributeDescription","6133","internal class UxmlImageAttributeDescription : UxmlAttributeDescription // TypeDefIndex: 6133"
"572410","struct","UxmlNamespaceDefinition","6134","internal struct UxmlNamespaceDefinition : IEquatable<UxmlNamespaceDefinition> // TypeDefIndex: 6134"
"572440","class","UxmlAsset","6135","internal class UxmlAsset : IUxmlAttributes // TypeDefIndex: 6135"
"572507","class","UxmlObjectAsset","6136","internal class UxmlObjectAsset : UxmlAsset // TypeDefIndex: 6136"
"572531","class","UxmlObjectFactoryRegistry","6137","internal class UxmlObjectFactoryRegistry // TypeDefIndex: 6137"
"572557","enum","UxmlSerializedData.UxmlAttributeFlags","6138","public enum UxmlSerializedData.UxmlAttributeFlags // TypeDefIndex: 6138"
"572568","class","UxmlSerializedData","6139","public abstract class UxmlSerializedData // TypeDefIndex: 6139"
"572599","class","UxmlTypeRestriction","6140","public abstract class UxmlTypeRestriction : IEquatable<UxmlTypeRestriction> // TypeDefIndex: 6140"
"572611","class","UxmlEnumeration","6141","public class UxmlEnumeration : UxmlTypeRestriction // TypeDefIndex: 6141"
"572636","class","UxmlUtility","6142","internal static class UxmlUtility // TypeDefIndex: 6142"
"572647","class","VisualElementAsset","6143","internal class VisualElementAsset : UxmlAsset, ISerializationCallbackReceiver // TypeDefIndex: 6143"
"572725","class","VisualElementFactoryRegistry","6144","internal class VisualElementFactoryRegistry // TypeDefIndex: 6144"
"572760","struct","VisualTreeAsset.UsingEntry","6145","internal struct VisualTreeAsset.UsingEntry // TypeDefIndex: 6145"
"572782","class","VisualTreeAsset.UsingEntryComparer","6146","private class VisualTreeAsset.UsingEntryComparer : IComparer<VisualTreeAsset.UsingEntry> // TypeDefIndex: 6146"
"572795","struct","VisualTreeAsset.SlotDefinition","6147","internal struct VisualTreeAsset.SlotDefinition // TypeDefIndex: 6147"
"572807","struct","VisualTreeAsset.SlotUsageEntry","6148","internal struct VisualTreeAsset.SlotUsageEntry // TypeDefIndex: 6148"
"572819","struct","VisualTreeAsset.UxmlObjectEntry","6149","internal struct VisualTreeAsset.UxmlObjectEntry // TypeDefIndex: 6149"
"572841","struct","VisualTreeAsset.AssetEntry","6150","private struct VisualTreeAsset.AssetEntry // TypeDefIndex: 6150"
"572876","class","VisualTreeAsset.","6151","private sealed class VisualTreeAsset.<>c__DisplayClass76_0 // TypeDefIndex: 6151"
"572892","struct","VisualTreeAsset.","6152","private struct VisualTreeAsset.<>c__DisplayClass82_0 // TypeDefIndex: 6152"
"572900","class","VisualTreeAsset.","6153","private sealed class VisualTreeAsset.<get_stylesheets>d__31 : IEnumerable<StyleSheet>, IEnumerable, IEnumerator<StyleSheet>, IEnumerator, IDisposable // TypeDefIndex: 6153"
"572965","class","VisualTreeAsset.","6154","private sealed class VisualTreeAsset.<get_templateDependencies>d__27 : IEnumerable<VisualTreeAsset>, IEnumerable, IEnumerator<VisualTreeAsset>, IEnumerator, IDisposable // TypeDefIndex: 6154"
"573021","class","VisualTreeAsset","6155","public class VisualTreeAsset : ScriptableObject // TypeDefIndex: 6155"
"573280","struct","CreationContext.AttributeOverrideRange","6156","internal struct CreationContext.AttributeOverrideRange // TypeDefIndex: 6156"
"573294","struct","CreationContext.SerializedDataOverrideRange","6157","internal struct CreationContext.SerializedDataOverrideRange // TypeDefIndex: 6157"
"573308","struct","CreationContext","6158","public struct CreationContext : IEquatable<CreationContext> // TypeDefIndex: 6158"
"573446","enum","GradientType","6159","internal enum GradientType // TypeDefIndex: 6159"
"573455","enum","AddressMode","6160","internal enum AddressMode // TypeDefIndex: 6160"
"573466","struct","VectorImageVertex","6161","internal struct VectorImageVertex // TypeDefIndex: 6161"
"573479","struct","GradientSettings","6162","internal struct GradientSettings // TypeDefIndex: 6162"
"573490","class","VectorImage","6163","public sealed class VectorImage : ScriptableObject // TypeDefIndex: 6163"
"573525","enum","PseudoStates","6164","internal enum PseudoStates // TypeDefIndex: 6164"
"573539","enum","VisualElementFlags","6165","internal enum VisualElementFlags // TypeDefIndex: 6165"
"573567","enum","PickingMode","6166","public enum PickingMode // TypeDefIndex: 6166"
"573576","enum","LanguageDirection","6167","public enum LanguageDirection // TypeDefIndex: 6167"
"573587","class","LanguageDirectionExtensions","6168","internal static class LanguageDirectionExtensions // TypeDefIndex: 6168"
"573599","class","VisualElementListPool.","6169","private sealed class VisualElementListPool.<>c // TypeDefIndex: 6169"
"573617","class","VisualElementListPool","6170","internal static class VisualElementListPool // TypeDefIndex: 6170"
"573640","class","ObjectListPool.","6171","private sealed class ObjectListPool.<>c<T> // TypeDefIndex: 6171"
"573683","class","ObjectListPool","6172","internal class ObjectListPool<T> // TypeDefIndex: 6172"
"573726","class","VisualElementExtensions","6173","public static class VisualElementExtensions // TypeDefIndex: 6173"
"573761","struct","BindingId","6174","public struct BindingId : IEquatable<BindingId> // TypeDefIndex: 6174"
"573813","class","PropertyChangedEvent.","6175","private sealed class PropertyChangedEvent.<>c // TypeDefIndex: 6175"
"573832","class","PropertyChangedEvent","6176","internal class PropertyChangedEvent : EventBase<PropertyChangedEvent> // TypeDefIndex: 6176"
"573863","struct","EventInterestReflectionUtils.DefaultEventInterests","6177","private struct EventInterestReflectionUtils.DefaultEventInterests // TypeDefIndex: 6177"
"573873","class","EventInterestReflectionUtils","6178","internal static class EventInterestReflectionUtils // TypeDefIndex: 6178"
"573895","enum","EventCategory","6179","internal enum EventCategory // TypeDefIndex: 6179"
"573922","enum","EventCategoryFlags","6180","internal enum EventCategoryFlags // TypeDefIndex: 6180"
"573933","enum","EventInterestOptions","6181","public enum EventInterestOptions // TypeDefIndex: 6181"
"573942","enum","EventInterestOptionsInternal","6182","internal enum EventInterestOptionsInternal // TypeDefIndex: 6182"
"573951","class","EventInterestAttribute","6183","public class EventInterestAttribute : Attribute // TypeDefIndex: 6183"
"573971","class","EventCategoryAttribute","6184","internal class EventCategoryAttribute : Attribute // TypeDefIndex: 6184"
"573983","interface","IExperimentalFeatures","6185","public interface IExperimentalFeatures // TypeDefIndex: 6185"
"573995","class","VisualElementFocusChangeDirection","6186","public class VisualElementFocusChangeDirection : FocusChangeDirection // TypeDefIndex: 6186"
"574023","class","VisualElementFocusChangeTarget.","6187","private sealed class VisualElementFocusChangeTarget.<>c // TypeDefIndex: 6187"
"574041","class","VisualElementFocusChangeTarget","6188","internal class VisualElementFocusChangeTarget : FocusChangeDirection // TypeDefIndex: 6188"
"574079","enum","VisualElementFocusRing.DefaultFocusOrder","6189","public enum VisualElementFocusRing.DefaultFocusOrder // TypeDefIndex: 6189"
"574089","class","VisualElementFocusRing.FocusRingRecord","6190","private class VisualElementFocusRing.FocusRingRecord // TypeDefIndex: 6190"
"574104","class","VisualElementFocusRing","6191","public class VisualElementFocusRing : IFocusRing // TypeDefIndex: 6191"
"574165","interface","IVisualElementScheduledItem","6192","public interface IVisualElementScheduledItem // TypeDefIndex: 6192"
"574195","interface","IVisualElementScheduler","6193","public interface IVisualElementScheduler // TypeDefIndex: 6193"
"574208","struct","VisualElementStyleSheetSet","6194","public struct VisualElementStyleSheetSet : IEquatable<VisualElementStyleSheetSet> // TypeDefIndex: 6194"
"574246","class","VisualElementUtils.","6195","private sealed class VisualElementUtils.<>c // TypeDefIndex: 6195"
"574266","class","VisualElementUtils","6196","internal static class VisualElementUtils // TypeDefIndex: 6196"
"574291","class","VisualElementAnimationSystem","6197","internal class VisualElementAnimationSystem : BaseVisualTreeUpdater // TypeDefIndex: 6197"
"574342","class","VisualTreeHierarchyFlagsUpdater","6198","internal class VisualTreeHierarchyFlagsUpdater : BaseVisualTreeUpdater // TypeDefIndex: 6198"
"574384","class","VisualTreeWorldSpaceHierarchyFlagsUpdater","6199","internal class VisualTreeWorldSpaceHierarchyFlagsUpdater : VisualTreeHierarchyFlagsUpdater // TypeDefIndex: 6199"
"574402","enum","HierarchyChangeType","6200","internal enum HierarchyChangeType // TypeDefIndex: 6200"
"574414","enum","BaseVisualTreeHierarchyTrackerUpdater.State","6201","private enum BaseVisualTreeHierarchyTrackerUpdater.State // TypeDefIndex: 6201"
"574424","class","BaseVisualTreeHierarchyTrackerUpdater","6202","internal abstract class BaseVisualTreeHierarchyTrackerUpdater : BaseVisualTreeUpdater // TypeDefIndex: 6202"
"574457","class","StyleCache","6203","internal static class StyleCache // TypeDefIndex: 6203"
"574490","class","VisualTreeStyleUpdater","6204","internal class VisualTreeStyleUpdater : BaseVisualTreeUpdater // TypeDefIndex: 6204"
"574543","class","StyleMatchingContext","6205","internal class StyleMatchingContext // TypeDefIndex: 6205"
"574576","class","VisualTreeStyleUpdaterTraversal.","6206","private sealed class VisualTreeStyleUpdaterTraversal.<>c // TypeDefIndex: 6206"
"574596","class","VisualTreeStyleUpdaterTraversal","6207","internal class VisualTreeStyleUpdaterTraversal : HierarchyTraversal // TypeDefIndex: 6207"
"574680","enum","VisualTreeUpdatePhase","6208","internal enum VisualTreeUpdatePhase // TypeDefIndex: 6208"
"574696","class","VisualTreeUpdater.UpdaterArray","6209","private class VisualTreeUpdater.UpdaterArray // TypeDefIndex: 6209"
"574721","class","VisualTreeUpdater","6210","internal sealed class VisualTreeUpdater : IDisposable // TypeDefIndex: 6210"
"574764","interface","IVisualTreeUpdater","6211","internal interface IVisualTreeUpdater : IDisposable // TypeDefIndex: 6211"
"574793","class","BaseVisualTreeUpdater","6212","internal abstract class BaseVisualTreeUpdater : IVisualTreeUpdater, IDisposable // TypeDefIndex: 6212"
"574853","struct","WorldSpaceData","6213","internal struct WorldSpaceData // TypeDefIndex: 6213"
"574866","class","WorldSpaceDataStore","6214","internal static class WorldSpaceDataStore // TypeDefIndex: 6214"
"574884","struct","GfxUpdateBufferRange","6215","internal struct GfxUpdateBufferRange // TypeDefIndex: 6215"
"574893","struct","DrawBufferRange","6216","internal struct DrawBufferRange // TypeDefIndex: 6216"
"574903","enum","Utility.GPUBufferType","6217","internal enum Utility.GPUBufferType // TypeDefIndex: 6217"
"574912","class","Utility.GPUBuffer","6218","public class Utility.GPUBuffer<T> : IDisposable // TypeDefIndex: 6218"
"574999","class","Utility","6219","internal class Utility // TypeDefIndex: 6219"
"575154","class","JobProcessor","6220","internal static class JobProcessor // TypeDefIndex: 6220"
"575178","class","GCHandlePool","6221","internal class GCHandlePool : IDisposable // TypeDefIndex: 6221"
"575221","class","Allocator2D.Area","6222","public class Allocator2D.Area // TypeDefIndex: 6222"
"575234","class","Allocator2D.Row","6223","public class Allocator2D.Row : LinkedPoolItem<Allocator2D.Row> // TypeDefIndex: 6223"
"575260","struct","Allocator2D.Alloc2D","6224","public struct Allocator2D.Alloc2D // TypeDefIndex: 6224"
"575274","class","Allocator2D","6225","internal class Allocator2D // TypeDefIndex: 6225"
"575306","enum","SerializedCommandType","6226","internal enum SerializedCommandType // TypeDefIndex: 6226"
"575316","struct","SerializedCommand","6227","internal struct SerializedCommand // TypeDefIndex: 6227"
"575332","class","CommandList","6228","internal class CommandList : IDisposable // TypeDefIndex: 6228"
"575388","class","CommandManipulator","6229","internal static class CommandManipulator // TypeDefIndex: 6229"
"575422","class","DetachedAllocator","6230","internal class DetachedAllocator : IDisposable // TypeDefIndex: 6230"
"575444","class","BaseElementBuilder","6231","internal abstract class BaseElementBuilder // TypeDefIndex: 6231"
"575480","class","DefaultElementBuilder","6232","internal class DefaultElementBuilder : BaseElementBuilder // TypeDefIndex: 6232"
"575512","class","EntryPool.","6233","private sealed class EntryPool.<>c // TypeDefIndex: 6233"
"575533","class","EntryPool","6234","internal class EntryPool // TypeDefIndex: 6234"
"575558","struct","EntryPreProcessor.AllocSize","6235","public struct EntryPreProcessor.AllocSize // TypeDefIndex: 6235"
"575566","class","EntryPreProcessor","6236","internal class EntryPreProcessor // TypeDefIndex: 6236"
"575618","struct","EntryProcessor.MaskMesh","6237","private struct EntryProcessor.MaskMesh // TypeDefIndex: 6237"
"575627","class","EntryProcessor","6238","internal class EntryProcessor // TypeDefIndex: 6238"
"575768","enum","EntryType","6239","internal enum EntryType // TypeDefIndex: 6239"
"575799","enum","EntryFlags","6240","internal enum EntryFlags // TypeDefIndex: 6240"
"575807","class","Entry","6241","internal class Entry // TypeDefIndex: 6241"
"575834","class","EntryRecorder","6242","internal class EntryRecorder // TypeDefIndex: 6242"
"575915","struct","GradientSettingsAtlas.RawTexture","6243","private struct GradientSettingsAtlas.RawTexture // TypeDefIndex: 6243"
"575932","class","GradientSettingsAtlas","6244","internal class GradientSettingsAtlas : IDisposable // TypeDefIndex: 6244"
"576009","class","ImplicitPool","6245","internal class ImplicitPool<T> // TypeDefIndex: 6245"
"576047","class","JobManager","6246","internal class JobManager : IDisposable // TypeDefIndex: 6246"
"576100","struct","NudgeJobData","6247","internal struct NudgeJobData // TypeDefIndex: 6247"
"576114","struct","ConvertMeshJobData","6248","internal struct ConvertMeshJobData // TypeDefIndex: 6248"
"576141","struct","CopyMeshJobData","6249","internal struct CopyMeshJobData // TypeDefIndex: 6249"
"576154","class","JobMerger","6250","internal class JobMerger : IDisposable // TypeDefIndex: 6250"
"576193","class","LinkedPoolItem","6251","internal class LinkedPoolItem<T> // TypeDefIndex: 6251"
"576213","class","LinkedPool","6252","internal class LinkedPool<T> // TypeDefIndex: 6252"
"576281","class","BasicNode","6253","internal class BasicNode<T> : LinkedPoolItem<BasicNode<T>> // TypeDefIndex: 6253"
"576319","class","BasicNodePool","6254","internal class BasicNodePool<T> : LinkedPool<BasicNode<T>> // TypeDefIndex: 6254"
"576367","class","MeshGenerationCallback","6255","internal sealed class MeshGenerationCallback : MulticastDelegate // TypeDefIndex: 6255"
"576379","struct","MeshGenerationDeferrer.CallbackInfo","6256","private struct MeshGenerationDeferrer.CallbackInfo // TypeDefIndex: 6256"
"576387","class","MeshGenerationDeferrer","6257","internal class MeshGenerationDeferrer : IDisposable // TypeDefIndex: 6257"
"576438","interface","IMeshGenerator","6258","internal interface IMeshGenerator // TypeDefIndex: 6258"
"576472","struct","MeshGenerator.RepeatRectUV","6259","private struct MeshGenerator.RepeatRectUV // TypeDefIndex: 6259"
"576480","struct","MeshGenerator.BackgroundRepeatInstance","6260","public struct MeshGenerator.BackgroundRepeatInstance // TypeDefIndex: 6260"
"576489","struct","MeshGenerator.BorderParams","6261","public struct MeshGenerator.BorderParams // TypeDefIndex: 6261"
"576518","struct","MeshGenerator.RectangleParams","6262","public struct MeshGenerator.RectangleParams // TypeDefIndex: 6262"
"576594","struct","MeshGenerator.TessellationJobParameters","6263","private struct MeshGenerator.TessellationJobParameters // TypeDefIndex: 6263"
"576604","struct","MeshGenerator.TessellationJob","6264","private struct MeshGenerator.TessellationJob : IJobParallelFor // TypeDefIndex: 6264"
"576639","class","MeshGenerator","6265","internal class MeshGenerator : IMeshGenerator, IDisposable // TypeDefIndex: 6265"
"576756","class","NativeList","6266","internal class NativeList<T> : IDisposable // TypeDefIndex: 6266"
"576885","struct","NativePagedList.Enumerator","6267","public struct NativePagedList.Enumerator<T> // TypeDefIndex: 6267"
"576931","class","NativePagedList","6268","internal class NativePagedList<T> : IDisposable // TypeDefIndex: 6268"
"577154","struct","OpacityIdAccelerator.OpacityIdUpdateJob","6269","private struct OpacityIdAccelerator.OpacityIdUpdateJob : IJobParallelFor // TypeDefIndex: 6269"
"577170","class","OpacityIdAccelerator","6270","internal class OpacityIdAccelerator : IDisposable // TypeDefIndex: 6270"
"577209","struct","ChainBuilderStats","6271","internal struct ChainBuilderStats // TypeDefIndex: 6271"
"577240","class","MeshWriteDataPool.","6272","private sealed class MeshWriteDataPool.<>c // TypeDefIndex: 6272"
"577258","class","MeshWriteDataPool","6273","internal class MeshWriteDataPool : ImplicitPool<MeshWriteData> // TypeDefIndex: 6273"
"577273","struct","RenderChain.DepthOrderedDirtyTracking","6274","private struct RenderChain.DepthOrderedDirtyTracking // TypeDefIndex: 6274"
"577298","enum","RenderChain.VisualChangesProcessor.VisualsProcessingType","6275","private enum RenderChain.VisualChangesProcessor.VisualsProcessingType // TypeDefIndex: 6275"
"577307","struct","RenderChain.VisualChangesProcessor.EntryProcessingInfo","6276","private struct RenderChain.VisualChangesProcessor.EntryProcessingInfo // TypeDefIndex: 6276"
"577316","class","RenderChain.VisualChangesProcessor","6277","private class RenderChain.VisualChangesProcessor : IDisposable // TypeDefIndex: 6277"
"577389","class","RenderChain.","6278","private sealed class RenderChain.<>c // TypeDefIndex: 6278"
"577420","class","RenderChain","6279","internal class RenderChain : IDisposable // TypeDefIndex: 6279"
"577726","enum","RenderDataDirtyTypes","6280","internal enum RenderDataDirtyTypes // TypeDefIndex: 6280"
"577745","enum","RenderDataDirtyTypeClasses","6281","internal enum RenderDataDirtyTypeClasses // TypeDefIndex: 6281"
"577759","enum","RenderDataFlags","6282","internal enum RenderDataFlags // TypeDefIndex: 6282"
"577771","struct","RenderChainVEData","6283","internal struct RenderChainVEData // TypeDefIndex: 6283"
"577851","class","ExtraRenderChainVEData","6284","internal class ExtraRenderChainVEData : LinkedPoolItem<ExtraRenderChainVEData> // TypeDefIndex: 6284"
"577866","struct","TextureEntry","6285","internal struct TextureEntry // TypeDefIndex: 6285"
"577875","enum","ClipMethod","6286","internal enum ClipMethod // TypeDefIndex: 6286"
"577887","class","RenderEvents","6287","internal static class RenderEvents // TypeDefIndex: 6287"
"577972","class","BaseShaderInfoStorage","6288","internal abstract class BaseShaderInfoStorage : IDisposable // TypeDefIndex: 6288"
"578023","class","ShaderInfoStorage","6289","internal class ShaderInfoStorage<T> : BaseShaderInfoStorage // TypeDefIndex: 6289"
"578131","class","ShaderInfoStorageRGBAFloat.","6290","private sealed class ShaderInfoStorageRGBAFloat.<>c // TypeDefIndex: 6290"
"578149","class","ShaderInfoStorageRGBAFloat","6291","internal class ShaderInfoStorageRGBAFloat : ShaderInfoStorage<Color> // TypeDefIndex: 6291"
"578164","class","Shaders","6292","internal static class Shaders // TypeDefIndex: 6292"
"578208","struct","TempAllocator.Page","6293","private struct TempAllocator.Page<T> // TypeDefIndex: 6293"
"578216","class","TempAllocator","6294","internal class TempAllocator<T> : IDisposable // TypeDefIndex: 6294"
"578363","struct","TempMeshAllocatorImpl.ThreadData","6295","private struct TempMeshAllocatorImpl.ThreadData // TypeDefIndex: 6295"
"578370","class","TempMeshAllocatorImpl","6296","internal class TempMeshAllocatorImpl : IDisposable // TypeDefIndex: 6296"
"578428","struct","TextCoreSettings","6297","internal struct TextCoreSettings : IEquatable<TextCoreSettings> // TypeDefIndex: 6297"
"578451","struct","TextureBlitter.BlitInfo","6298","private struct TextureBlitter.BlitInfo // TypeDefIndex: 6298"
"578462","class","TextureBlitter","6299","internal class TextureBlitter : IDisposable // TypeDefIndex: 6299"
"578522","class","TextureSlotManager","6300","internal class TextureSlotManager // TypeDefIndex: 6300"
"578581","enum","OwnedState","6301","internal enum OwnedState // TypeDefIndex: 6301"
"578590","struct","BMPAlloc","6302","internal struct BMPAlloc // TypeDefIndex: 6302"
"578615","struct","BitmapAllocator32.Page","6303","private struct BitmapAllocator32.Page // TypeDefIndex: 6303"
"578624","struct","BitmapAllocator32","6304","internal struct BitmapAllocator32 // TypeDefIndex: 6304"
"578665","class","UIRVEShaderInfoAllocator","6305","internal class UIRVEShaderInfoAllocator // TypeDefIndex: 6305"
"578804","class","VectorImageRenderInfoPool.","6306","private sealed class VectorImageRenderInfoPool.<>c // TypeDefIndex: 6306"
"578827","class","VectorImageRenderInfoPool","6307","internal class VectorImageRenderInfoPool : LinkedPool<VectorImageRenderInfo> // TypeDefIndex: 6307"
"578836","class","VectorImageRenderInfo","6308","internal class VectorImageRenderInfo : LinkedPoolItem<VectorImageRenderInfo> // TypeDefIndex: 6308"
"578855","class","GradientRemapPool.","6309","private sealed class GradientRemapPool.<>c // TypeDefIndex: 6309"
"578878","class","GradientRemapPool","6310","internal class GradientRemapPool : LinkedPool<GradientRemap> // TypeDefIndex: 6310"
"578887","class","GradientRemap","6311","internal class GradientRemap : LinkedPoolItem<GradientRemap> // TypeDefIndex: 6311"
"578906","class","VectorImageManager","6312","internal class VectorImageManager : IDisposable // TypeDefIndex: 6312"
"578962","class","MeshHandle","6313","internal class MeshHandle : LinkedPoolItem<MeshHandle> // TypeDefIndex: 6313"
"578979","struct","UIRenderDevice.AllocToUpdate","6314","internal struct UIRenderDevice.AllocToUpdate // TypeDefIndex: 6314"
"578992","struct","UIRenderDevice.AllocToFree","6315","private struct UIRenderDevice.AllocToFree // TypeDefIndex: 6315"
"579001","struct","UIRenderDevice.DeviceToFree","6316","private struct UIRenderDevice.DeviceToFree // TypeDefIndex: 6316"
"579015","struct","UIRenderDevice.EvaluationState","6317","private struct UIRenderDevice.EvaluationState // TypeDefIndex: 6317"
"579030","struct","UIRenderDevice.DrawStatistics","6318","internal struct UIRenderDevice.DrawStatistics // TypeDefIndex: 6318"
"579049","class","UIRenderDevice.","6319","private sealed class UIRenderDevice.<>c // TypeDefIndex: 6319"
"579072","class","UIRenderDevice","6320","internal class UIRenderDevice : IDisposable // TypeDefIndex: 6320"
"579297","struct","Alloc","6321","internal struct Alloc // TypeDefIndex: 6321"
"579307","class","BestFitAllocator.BlockPool","6322","private class BestFitAllocator.BlockPool : LinkedPool<BestFitAllocator.Block> // TypeDefIndex: 6322"
"579322","class","BestFitAllocator.Block","6323","private class BestFitAllocator.Block : LinkedPoolItem<BestFitAllocator.Block> // TypeDefIndex: 6323"
"579346","class","BestFitAllocator","6324","internal class BestFitAllocator // TypeDefIndex: 6324"
"579390","class","GPUBufferAllocator","6325","internal class GPUBufferAllocator // TypeDefIndex: 6325"
"579418","class","Page.DataSet","6326","public class Page.DataSet<T> : IDisposable // TypeDefIndex: 6326"
"579599","class","Page","6327","internal class Page : IDisposable // TypeDefIndex: 6327"
"579638","enum","VertexFlags","6328","internal enum VertexFlags // TypeDefIndex: 6328"
"579650","struct","State","6329","internal struct State // TypeDefIndex: 6329"
"579661","enum","CommandType","6330","internal enum CommandType // TypeDefIndex: 6330"
"579683","class","DrawParams","6331","internal class DrawParams // TypeDefIndex: 6331"
"579706","class","RenderChainCommand","6332","internal class RenderChainCommand : LinkedPoolItem<RenderChainCommand> // TypeDefIndex: 6332"
"579754","struct","LayoutConfig","6333","internal struct LayoutConfig // TypeDefIndex: 6333"
"579782","struct","LayoutHandle","6334","internal struct LayoutHandle // TypeDefIndex: 6334"
"579811","enum","LayoutNodeDataType","6335","internal enum LayoutNodeDataType // TypeDefIndex: 6335"
"579823","enum","LayoutConfigDataType","6336","internal enum LayoutConfigDataType // TypeDefIndex: 6336"
"579831","class","LayoutMeasureFunction","6337","internal sealed class LayoutMeasureFunction : MulticastDelegate // TypeDefIndex: 6337"
"579843","class","LayoutBaselineFunction","6338","internal sealed class LayoutBaselineFunction : MulticastDelegate // TypeDefIndex: 6338"
"579855","class","ManagedObjectStore","6339","internal class ManagedObjectStore<T> // TypeDefIndex: 6339"
"579892","class","LayoutManager.","6340","private sealed class LayoutManager.<>c // TypeDefIndex: 6340"
"579911","class","LayoutManager","6341","internal class LayoutManager : IDisposable // TypeDefIndex: 6341"
"580007","struct","LayoutNode","6342","internal struct LayoutNode : IEquatable<LayoutNode> // TypeDefIndex: 6342"
"580381","interface","ILayoutProcessor","6343","internal interface ILayoutProcessor // TypeDefIndex: 6343"
"580390","class","LayoutProcessor","6344","internal static class LayoutProcessor // TypeDefIndex: 6344"
"580406","class","InvokeMeasureFunctionDelegate","6345","internal sealed class InvokeMeasureFunctionDelegate : MulticastDelegate // TypeDefIndex: 6345"
"580419","class","InvokeBaselineFunctionDelegate","6346","internal sealed class InvokeBaselineFunctionDelegate : MulticastDelegate // TypeDefIndex: 6346"
"580431","class","LayoutDelegates","6347","internal static class LayoutDelegates // TypeDefIndex: 6347"
"580456","struct","LayoutCacheData","6348","internal struct LayoutCacheData // TypeDefIndex: 6348"
"580471","struct","LayoutCachedMeasurement","6349","internal struct LayoutCachedMeasurement // TypeDefIndex: 6349"
"580493","struct","LayoutComputedData.","6350","public struct LayoutComputedData.<Border>e__FixedBuffer // TypeDefIndex: 6350"
"580502","struct","LayoutComputedData.","6351","public struct LayoutComputedData.<Dimensions>e__FixedBuffer // TypeDefIndex: 6351"
"580511","struct","LayoutComputedData.","6352","public struct LayoutComputedData.<Margin>e__FixedBuffer // TypeDefIndex: 6352"
"580520","struct","LayoutComputedData.","6353","public struct LayoutComputedData.<MeasuredDimensions>e__FixedBuffer // TypeDefIndex: 6353"
"580529","struct","LayoutComputedData.","6354","public struct LayoutComputedData.<Padding>e__FixedBuffer // TypeDefIndex: 6354"
"580538","struct","LayoutComputedData.","6355","public struct LayoutComputedData.<Position>e__FixedBuffer // TypeDefIndex: 6355"
"580545","struct","LayoutComputedData","6356","internal struct LayoutComputedData // TypeDefIndex: 6356"
"580590","struct","LayoutConfigData","6357","internal struct LayoutConfigData // TypeDefIndex: 6357"
"580608","struct","LayoutDataAccess","6358","internal struct LayoutDataAccess // TypeDefIndex: 6358"
"580683","struct","ComponentType","6359","internal struct ComponentType // TypeDefIndex: 6359"
"580715","struct","LayoutDataStore.Chunk","6360","private struct LayoutDataStore.Chunk // TypeDefIndex: 6360"
"580723","struct","LayoutDataStore.ComponentDataStore","6361","private struct LayoutDataStore.ComponentDataStore : IDisposable // TypeDefIndex: 6361"
"580749","struct","LayoutDataStore.Data","6362","private struct LayoutDataStore.Data // TypeDefIndex: 6362"
"580762","struct","LayoutDataStore","6363","internal struct LayoutDataStore : IDisposable // TypeDefIndex: 6363"
"580837","enum","LayoutNodeData.FlexStatus","6364","internal enum LayoutNodeData.FlexStatus // TypeDefIndex: 6364"
"580850","struct","LayoutNodeData","6365","internal struct LayoutNodeData // TypeDefIndex: 6365"
"580886","struct","FixedBuffer2","6366","internal struct FixedBuffer2<T> // TypeDefIndex: 6366"
"580911","struct","FixedBuffer9","6367","internal struct FixedBuffer9<T> // TypeDefIndex: 6367"
"580943","struct","FixedBuffer16","6368","internal struct FixedBuffer16<T> // TypeDefIndex: 6368"
"580965","enum","LayoutAlign","6369","internal enum LayoutAlign // TypeDefIndex: 6369"
"580980","struct","LayoutDefaults","6370","internal struct LayoutDefaults // TypeDefIndex: 6370"
"580995","enum","LayoutDirection","6371","internal enum LayoutDirection // TypeDefIndex: 6371"
"581005","enum","LayoutDisplay","6372","internal enum LayoutDisplay // TypeDefIndex: 6372"
"581014","enum","LayoutEdge","6373","internal enum LayoutEdge // TypeDefIndex: 6373"
"581030","enum","LayoutFlexDirection","6374","internal enum LayoutFlexDirection // TypeDefIndex: 6374"
"581041","enum","LayoutJustify","6375","internal enum LayoutJustify // TypeDefIndex: 6375"
"581054","struct","LayoutList.Data","6376","private struct LayoutList.Data<T> // TypeDefIndex: 6376"
"581064","struct","LayoutList","6377","internal struct LayoutList<T> : IDisposable // TypeDefIndex: 6377"
"581211","enum","LayoutMeasureMode","6378","internal enum LayoutMeasureMode // TypeDefIndex: 6378"
"581222","enum","LayoutOverflow","6379","internal enum LayoutOverflow // TypeDefIndex: 6379"
"581232","enum","LayoutPositionType","6380","internal enum LayoutPositionType // TypeDefIndex: 6380"
"581241","struct","LayoutSize","6381","internal struct LayoutSize // TypeDefIndex: 6381"
"581254","enum","LayoutUnit","6382","internal enum LayoutUnit // TypeDefIndex: 6382"
"581265","struct","LayoutValue","6383","internal struct LayoutValue // TypeDefIndex: 6383"
"581309","enum","LayoutWrap","6384","internal enum LayoutWrap // TypeDefIndex: 6384"
"581319","enum","LayoutNative.LayoutLogEventType","6385","internal enum LayoutNative.LayoutLogEventType // TypeDefIndex: 6385"
"581333","class","LayoutNative.LayoutLogData","6386","internal class LayoutNative.LayoutLogData // TypeDefIndex: 6386"
"581348","class","LayoutNative","6387","internal static class LayoutNative // TypeDefIndex: 6387"
"581369","struct","LayoutStyleData","6388","internal struct LayoutStyleData // TypeDefIndex: 6388"
"581402","struct","LayoutState","6389","internal struct LayoutState // TypeDefIndex: 6389"
"581422","class","LayoutProcessorNative","6390","internal class LayoutProcessorNative : ILayoutProcessor // TypeDefIndex: 6390"
"581437","class","HierarchyTraversal","6391","internal abstract class HierarchyTraversal // TypeDefIndex: 6391"
"581455","class","InitialStyle","6392","internal static class InitialStyle // TypeDefIndex: 6392"
"581812","class","ShorthandApplicator","6393","internal static class ShorthandApplicator // TypeDefIndex: 6393"
"581889","class","StylePropertyCache","6394","internal static class StylePropertyCache // TypeDefIndex: 6394"
"581909","enum","StyleEnumType","6395","internal enum StyleEnumType // TypeDefIndex: 6395"
"581943","enum","StylePropertyId","6396","internal enum StylePropertyId // TypeDefIndex: 6396"
"582048","class","StylePropertyUtil","6397","internal static class StylePropertyUtil // TypeDefIndex: 6397"
"582074","enum","Dimension.Unit","6398","public enum Dimension.Unit // TypeDefIndex: 6398"
"582092","struct","Dimension","6399","internal struct Dimension : IEquatable<Dimension> // TypeDefIndex: 6399"
"582131","struct","ScalableImage","6400","internal struct ScalableImage // TypeDefIndex: 6400"
"582145","struct","StylePropertyValue","6401","internal struct StylePropertyValue // TypeDefIndex: 6401"
"582154","struct","ImageSource","6402","internal struct ImageSource // TypeDefIndex: 6402"
"582169","class","StylePropertyReader.GetCursorIdFunction","6403","internal sealed class StylePropertyReader.GetCursorIdFunction : MulticastDelegate // TypeDefIndex: 6403"
"582182","class","StylePropertyReader","6404","internal class StylePropertyReader // TypeDefIndex: 6404"
"582388","struct","MatchResultInfo","6405","internal struct MatchResultInfo // TypeDefIndex: 6405"
"582403","struct","SelectorMatchRecord","6406","internal struct SelectorMatchRecord // TypeDefIndex: 6406"
"582420","struct","StyleSelectorHelper.SelectorWorkItem","6407","private struct StyleSelectorHelper.SelectorWorkItem // TypeDefIndex: 6407"
"582433","class","StyleSelectorHelper","6408","internal static class StyleSelectorHelper // TypeDefIndex: 6408"
"582454","struct","StyleSheetCache.SheetHandleKey","6409","private struct StyleSheetCache.SheetHandleKey // TypeDefIndex: 6409"
"582467","class","StyleSheetCache.SheetHandleKeyComparer","6410","private class StyleSheetCache.SheetHandleKeyComparer : IEqualityComparer<StyleSheetCache.SheetHandleKey> // TypeDefIndex: 6410"
"582483","class","StyleSheetCache","6411","internal static class StyleSheetCache // TypeDefIndex: 6411"
"582506","class","StyleSheetColor","6412","internal static class StyleSheetColor // TypeDefIndex: 6412"
"582526","class","StyleSheetExtensions","6413","internal static class StyleSheetExtensions // TypeDefIndex: 6413"
"582541","struct","StyleValue","6414","internal struct StyleValue // TypeDefIndex: 6414"
"582555","struct","StyleValueManaged","6415","internal struct StyleValueManaged // TypeDefIndex: 6415"
"582564","enum","MatchResultErrorCode","6416","internal enum MatchResultErrorCode // TypeDefIndex: 6416"
"582575","struct","MatchResult","6417","internal struct MatchResult // TypeDefIndex: 6417"
"582591","struct","BaseStyleMatcher.MatchContext","6418","private struct BaseStyleMatcher.MatchContext // TypeDefIndex: 6418"
"582599","class","BaseStyleMatcher","6419","internal abstract class BaseStyleMatcher // TypeDefIndex: 6419"
"582732","class","StylePropertyValueMatcher","6420","internal class StylePropertyValueMatcher : BaseStyleMatcher // TypeDefIndex: 6420"
"582799","class","Expression","6421","internal class Expression // TypeDefIndex: 6421"
"582817","enum","ExpressionType","6422","internal enum ExpressionType // TypeDefIndex: 6422"
"582829","enum","DataType","6423","internal enum DataType // TypeDefIndex: 6423"
"582847","enum","ExpressionCombinator","6424","internal enum ExpressionCombinator // TypeDefIndex: 6424"
"582860","enum","ExpressionMultiplierType","6425","internal enum ExpressionMultiplierType // TypeDefIndex: 6425"
"582874","struct","ExpressionMultiplier","6426","internal struct ExpressionMultiplier // TypeDefIndex: 6426"
"582902","class","StyleSyntaxParser","6427","internal class StyleSyntaxParser // TypeDefIndex: 6427"
"582962","enum","StyleSyntaxTokenType","6428","internal enum StyleSyntaxTokenType // TypeDefIndex: 6428"
"582990","struct","StyleSyntaxToken","6429","internal struct StyleSyntaxToken // TypeDefIndex: 6429"
"583010","class","StyleSyntaxTokenizer","6430","internal class StyleSyntaxTokenizer // TypeDefIndex: 6430"
"583050","class","Easing","6431","public static class Easing // TypeDefIndex: 6431"
"583131","struct","EventDebuggerLogCall","6432","internal struct EventDebuggerLogCall : IDisposable // TypeDefIndex: 6432"
"583143","struct","EventDebuggerLogIMGUICall","6433","internal struct EventDebuggerLogIMGUICall : IDisposable // TypeDefIndex: 6433"
"583155","struct","EventDebuggerLogExecuteDefaultAction","6434","internal struct EventDebuggerLogExecuteDefaultAction : IDisposable // TypeDefIndex: 6434"
"583169","class","PointerOverLinkTagEvent.","6435","private sealed class PointerOverLinkTagEvent.<>c // TypeDefIndex: 6435"
"583188","class","PointerOverLinkTagEvent","6436","public class PointerOverLinkTagEvent : PointerEventBase<PointerOverLinkTagEvent> // TypeDefIndex: 6436"
"583231","class","PointerMoveLinkTagEvent.","6437","private sealed class PointerMoveLinkTagEvent.<>c // TypeDefIndex: 6437"
"583250","class","PointerMoveLinkTagEvent","6438","public class PointerMoveLinkTagEvent : PointerEventBase<PointerMoveLinkTagEvent> // TypeDefIndex: 6438"
"583293","class","PointerOutLinkTagEvent.","6439","private sealed class PointerOutLinkTagEvent.<>c // TypeDefIndex: 6439"
"583312","class","PointerOutLinkTagEvent","6440","public class PointerOutLinkTagEvent : PointerEventBase<PointerOutLinkTagEvent> // TypeDefIndex: 6440"
"583335","class","PointerDownLinkTagEvent.","6441","private sealed class PointerDownLinkTagEvent.<>c // TypeDefIndex: 6441"
"583353","class","PointerDownLinkTagEvent","6442","public sealed class PointerDownLinkTagEvent : PointerEventBase<PointerDownLinkTagEvent> // TypeDefIndex: 6442"
"583396","class","PointerUpLinkTagEvent.","6443","private sealed class PointerUpLinkTagEvent.<>c // TypeDefIndex: 6443"
"583414","class","PointerUpLinkTagEvent","6444","public class PointerUpLinkTagEvent : PointerEventBase<PointerUpLinkTagEvent> // TypeDefIndex: 6444"
"583455","struct","StyleValues","6445","public struct StyleValues // TypeDefIndex: 6445"
"583594","interface","ITransitionAnimations","6446","public interface ITransitionAnimations // TypeDefIndex: 6446"
"583603","class","Lerp","6447","internal static class Lerp // TypeDefIndex: 6447"
"583618","interface","IValueAnimationUpdate","6448","internal interface IValueAnimationUpdate // TypeDefIndex: 6448"
"583629","class","ValueAnimation.","6449","private sealed class ValueAnimation.<>c<T> // TypeDefIndex: 6449"
"583671","class","ValueAnimation","6450","public sealed class ValueAnimation<T> : IValueAnimationUpdate // TypeDefIndex: 6450"
"584155","class","AutoCompletePathVisitor.VisitContext","6451","private class AutoCompletePathVisitor.VisitContext // TypeDefIndex: 6451"
"584212","struct","AutoCompletePathVisitor.InspectedTypeScope","6452","private struct AutoCompletePathVisitor.InspectedTypeScope<TContainer> : IDisposable // TypeDefIndex: 6452"
"584519","struct","AutoCompletePathVisitor.VisitedPropertyScope","6453","private struct AutoCompletePathVisitor.VisitedPropertyScope : IDisposable // TypeDefIndex: 6453"
"584537","class","AutoCompletePathVisitor","6454","internal class AutoCompletePathVisitor : ITypeVisitor, IPropertyVisitor, IPropertyBagVisitor, IListPropertyVisitor // TypeDefIndex: 6454"
"585224","class","TypePathVisitor","6455","internal class TypePathVisitor : ITypeVisitor, IPropertyBagVisitor, IPropertyVisitor // TypeDefIndex: 6455"
"585928","class","MultiColumnHeaderColumnMovePreview","6456","internal class MultiColumnHeaderColumnMovePreview : VisualElement // TypeDefIndex: 6456"
"585943","class","MultiColumnHeaderColumnMoveLocationPreview","6457","internal class MultiColumnHeaderColumnMoveLocationPreview : VisualElement // TypeDefIndex: 6457"
"585959","class","ColumnMover","6458","internal class ColumnMover : PointerManipulator // TypeDefIndex: 6458"
"586084","class","MultiColumnHeaderColumnResizePreview","6459","internal class MultiColumnHeaderColumnResizePreview : VisualElement // TypeDefIndex: 6459"
"586100","class","ColumnResizer","6460","internal class ColumnResizer : PointerManipulator // TypeDefIndex: 6460"
"586174","struct","MultiColumnCollectionHeader.ViewState.ColumnState","6461","private struct MultiColumnCollectionHeader.ViewState.ColumnState // TypeDefIndex: 6461"
"586186","class","MultiColumnCollectionHeader.ViewState","6462","private class MultiColumnCollectionHeader.ViewState // TypeDefIndex: 6462"
"586209","class","MultiColumnCollectionHeader.ColumnData","6463","internal class MultiColumnCollectionHeader.ColumnData // TypeDefIndex: 6463"
"586246","struct","MultiColumnCollectionHeader.SortedColumnState","6464","private struct MultiColumnCollectionHeader.SortedColumnState // TypeDefIndex: 6464"
"586260","class","MultiColumnCollectionHeader.","6465","private sealed class MultiColumnCollectionHeader.<>c__DisplayClass67_0 // TypeDefIndex: 6465"
"586280","class","MultiColumnCollectionHeader.","6466","private sealed class MultiColumnCollectionHeader.<>c__DisplayClass73_0 // TypeDefIndex: 6466"
"586295","class","MultiColumnCollectionHeader","6467","internal class MultiColumnCollectionHeader : VisualElement, IDisposable // TypeDefIndex: 6467"
"586515","class","MultiColumnHeaderColumnSortIndicator","6468","internal class MultiColumnHeaderColumnSortIndicator : VisualElement // TypeDefIndex: 6468"
"586539","class","MultiColumnHeaderColumnIcon","6469","internal class MultiColumnHeaderColumnIcon : Image // TypeDefIndex: 6469"
"586575","class","MultiColumnHeaderColumn","6470","internal class MultiColumnHeaderColumn : VisualElement // TypeDefIndex: 6470"
"586705","class","MultiColumnHeaderColumnResizeHandle","6471","internal class MultiColumnHeaderColumnResizeHandle : VisualElement // TypeDefIndex: 6471"
"586747","class","SR","6475","internal static class SR // TypeDefIndex: 6475"
"586759","class","CodeDomProvider","6476","internal class CodeDomProvider // TypeDefIndex: 6476"
"586768","class","CSharpCodeProvider","6477","internal class CSharpCodeProvider : CodeDomProvider // TypeDefIndex: 6477"
"586778","class","MonoTODOAttribute","6478","internal class MonoTODOAttribute : Attribute // TypeDefIndex: 6478"
"586787","class","LocalAppContextSwitches","6479","internal static class LocalAppContextSwitches // TypeDefIndex: 6479"
"586796","class","AsyncHelper","6480","internal static class AsyncHelper // TypeDefIndex: 6480"
"586811","class","Base64Encoder","6481","internal abstract class Base64Encoder // TypeDefIndex: 6481"
"586834","class","XmlRawWriterBase64Encoder","6482","internal class XmlRawWriterBase64Encoder : Base64Encoder // TypeDefIndex: 6482"
"586849","class","XmlTextWriterBase64Encoder","6483","internal class XmlTextWriterBase64Encoder : Base64Encoder // TypeDefIndex: 6483"
"586864","class","BinHexDecoder","6484","internal class BinHexDecoder : IncrementalReadDecoder // TypeDefIndex: 6484"
"586892","class","BinHexEncoder","6485","internal static class BinHexEncoder // TypeDefIndex: 6485"
"586907","enum","BinXmlToken","6486","internal enum BinXmlToken // TypeDefIndex: 6486"
"586980","struct","BinXmlSqlDecimal","6487","internal struct BinXmlSqlDecimal // TypeDefIndex: 6487"
"587042","struct","BinXmlSqlMoney","6488","internal struct BinXmlSqlMoney // TypeDefIndex: 6488"
"587063","class","BinXmlDateTime","6489","internal abstract class BinXmlDateTime // TypeDefIndex: 6489"
"587185","enum","XmlSqlBinaryReader.ScanState","6490","private enum XmlSqlBinaryReader.ScanState // TypeDefIndex: 6490"
"587201","struct","XmlSqlBinaryReader.QName","6491","internal struct XmlSqlBinaryReader.QName // TypeDefIndex: 6491"
"587245","struct","XmlSqlBinaryReader.ElemInfo","6492","private struct XmlSqlBinaryReader.ElemInfo // TypeDefIndex: 6492"
"587264","struct","XmlSqlBinaryReader.AttrInfo","6493","private struct XmlSqlBinaryReader.AttrInfo // TypeDefIndex: 6493"
"587298","class","XmlSqlBinaryReader.NamespaceDecl","6494","private class XmlSqlBinaryReader.NamespaceDecl // TypeDefIndex: 6494"
"587315","struct","XmlSqlBinaryReader.SymbolTables","6495","private struct XmlSqlBinaryReader.SymbolTables // TypeDefIndex: 6495"
"587330","class","XmlSqlBinaryReader.NestedBinXml","6496","private class XmlSqlBinaryReader.NestedBinXml // TypeDefIndex: 6496"
"587344","class","XmlSqlBinaryReader","6497","internal sealed class XmlSqlBinaryReader : XmlReader, IXmlNamespaceResolver // TypeDefIndex: 6497"
"587787","class","BitStack","6498","internal class BitStack // TypeDefIndex: 6498"
"587816","class","Bits","6499","internal static class Bits // TypeDefIndex: 6499"
"587838","class","ByteStack","6500","internal class ByteStack // TypeDefIndex: 6500"
"587859","class","CharEntityEncoderFallback","6501","internal class CharEntityEncoderFallback : EncoderFallback // TypeDefIndex: 6501"
"587894","class","CharEntityEncoderFallbackBuffer","6502","internal class CharEntityEncoderFallbackBuffer : EncoderFallbackBuffer // TypeDefIndex: 6502"
"587932","enum","ConformanceLevel","6503","public enum ConformanceLevel // TypeDefIndex: 6503"
"587942","enum","DtdProcessing","6504","public enum DtdProcessing // TypeDefIndex: 6504"
"587952","enum","EntityHandling","6505","public enum EntityHandling // TypeDefIndex: 6505"
"587961","class","HtmlEncodedRawTextWriter","6506","internal class HtmlEncodedRawTextWriter : XmlEncodedRawTextWriter // TypeDefIndex: 6506"
"588050","class","HtmlEncodedRawTextWriterIndent","6507","internal class HtmlEncodedRawTextWriterIndent : HtmlEncodedRawTextWriter // TypeDefIndex: 6507"
"588092","class","HtmlTernaryTree","6508","internal abstract class HtmlTernaryTree // TypeDefIndex: 6508"
"588105","class","HtmlUtf8RawTextWriter","6509","internal class HtmlUtf8RawTextWriter : XmlUtf8RawTextWriter // TypeDefIndex: 6509"
"588191","class","HtmlUtf8RawTextWriterIndent","6510","internal class HtmlUtf8RawTextWriterIndent : HtmlUtf8RawTextWriter // TypeDefIndex: 6510"
"588230","interface","IDtdInfo","6511","internal interface IDtdInfo // TypeDefIndex: 6511"
"588260","interface","IDtdAttributeListInfo","6512","internal interface IDtdAttributeListInfo // TypeDefIndex: 6512"
"588278","interface","IDtdAttributeInfo","6513","internal interface IDtdAttributeInfo // TypeDefIndex: 6513"
"588314","interface","IDtdDefaultAttributeInfo","6514","internal interface IDtdDefaultAttributeInfo : IDtdAttributeInfo // TypeDefIndex: 6514"
"588338","interface","IDtdEntityInfo","6515","internal interface IDtdEntityInfo // TypeDefIndex: 6515"
"588394","interface","IDtdParser","6516","internal interface IDtdParser // TypeDefIndex: 6516"
"588406","interface","IDtdParserAdapter","6517","internal interface IDtdParserAdapter // TypeDefIndex: 6517"
"588500","interface","IDtdParserAdapterWithValidation","6518","internal interface IDtdParserAdapterWithValidation : IDtdParserAdapter // TypeDefIndex: 6518"
"588516","interface","IDtdParserAdapterV1","6519","internal interface IDtdParserAdapterV1 : IDtdParserAdapterWithValidation, IDtdParserAdapter // TypeDefIndex: 6519"
"588536","class","OnRemoveWriter","6520","internal sealed class OnRemoveWriter : MulticastDelegate // TypeDefIndex: 6520"
"588548","interface","IValidationEventHandling","6521","internal interface IValidationEventHandling // TypeDefIndex: 6521"
"588563","class","IncrementalReadDecoder","6522","internal abstract class IncrementalReadDecoder // TypeDefIndex: 6522"
"588581","class","IncrementalReadDummyDecoder","6523","internal class IncrementalReadDummyDecoder : IncrementalReadDecoder // TypeDefIndex: 6523"
"588600","enum","NamespaceHandling","6524","public enum NamespaceHandling // TypeDefIndex: 6524"
"588609","enum","NewLineHandling","6525","public enum NewLineHandling // TypeDefIndex: 6525"
"588619","class","QueryOutputWriter","6526","internal class QueryOutputWriter : XmlRawWriter // TypeDefIndex: 6526"
"588733","enum","ReadContentAsBinaryHelper.State","6527","private enum ReadContentAsBinaryHelper.State // TypeDefIndex: 6527"
"588743","class","ReadContentAsBinaryHelper","6528","internal class ReadContentAsBinaryHelper // TypeDefIndex: 6528"
"588764","enum","ElementProperties","6529","internal enum ElementProperties // TypeDefIndex: 6529"
"588780","enum","AttributeProperties","6530","internal enum AttributeProperties // TypeDefIndex: 6530"
"588791","class","TernaryTreeReadOnly","6531","internal class TernaryTreeReadOnly // TypeDefIndex: 6531"
"588806","enum","ReadState","6532","public enum ReadState // TypeDefIndex: 6532"
"588818","class","SecureStringHasher.HashCodeOfStringDelegate","6533","private sealed class SecureStringHasher.HashCodeOfStringDelegate : MulticastDelegate // TypeDefIndex: 6533"
"588830","class","SecureStringHasher","6534","internal class SecureStringHasher : IEqualityComparer<string> // TypeDefIndex: 6534"
"588855","class","TextEncodedRawTextWriter","6535","internal class TextEncodedRawTextWriter : XmlEncodedRawTextWriter // TypeDefIndex: 6535"
"588936","class","TextUtf8RawTextWriter","6536","internal class TextUtf8RawTextWriter : XmlUtf8RawTextWriter // TypeDefIndex: 6536"
"589014","class","ValidatingReaderNodeData","6537","internal class ValidatingReaderNodeData // TypeDefIndex: 6537"
"589123","enum","ValidationType","6538","public enum ValidationType // TypeDefIndex: 6538"
"589137","enum","WhitespaceHandling","6539","public enum WhitespaceHandling // TypeDefIndex: 6539"
"589148","class","XmlAsyncCheckReader","6540","internal class XmlAsyncCheckReader : XmlReader // TypeDefIndex: 6540"
"589342","class","XmlAsyncCheckReaderWithNS","6541","internal class XmlAsyncCheckReaderWithNS : XmlAsyncCheckReader, IXmlNamespaceResolver // TypeDefIndex: 6541"
"589363","class","XmlAsyncCheckReaderWithLineInfo","6542","internal class XmlAsyncCheckReaderWithLineInfo : XmlAsyncCheckReader, IXmlLineInfo // TypeDefIndex: 6542"
"589388","class","XmlAsyncCheckReaderWithLineInfoNS","6543","internal class XmlAsyncCheckReaderWithLineInfoNS : XmlAsyncCheckReaderWithLineInfo, IXmlNamespaceResolver // TypeDefIndex: 6543"
"589409","class","XmlAsyncCheckReaderWithLineInfoNSSchema","6544","internal class XmlAsyncCheckReaderWithLineInfoNSSchema : XmlAsyncCheckReaderWithLineInfoNS, IXmlSchemaInfo // TypeDefIndex: 6544"
"589451","class","XmlAsyncCheckWriter","6545","internal class XmlAsyncCheckWriter : XmlWriter // TypeDefIndex: 6545"
"589560","class","XmlAutoDetectWriter","6546","internal class XmlAutoDetectWriter : XmlRawWriter // TypeDefIndex: 6546"
"589689","class","XmlEncodedRawTextWriter","6547","internal class XmlEncodedRawTextWriter : XmlRawWriter // TypeDefIndex: 6547"
"589900","class","XmlEncodedRawTextWriterIndent","6548","internal class XmlEncodedRawTextWriterIndent : XmlEncodedRawTextWriter // TypeDefIndex: 6548"
"589983","enum","XmlEventCache.XmlEventType","6549","private enum XmlEventCache.XmlEventType // TypeDefIndex: 6549"
"590016","struct","XmlEventCache.XmlEvent","6550","private struct XmlEventCache.XmlEvent // TypeDefIndex: 6550"
"590069","class","XmlEventCache","6551","internal sealed class XmlEventCache : XmlRawWriter // TypeDefIndex: 6551"
"590200","class","XmlParserContext","6552","public class XmlParserContext // TypeDefIndex: 6552"
"590273","class","XmlRawWriter","6553","internal abstract class XmlRawWriter : XmlWriter // TypeDefIndex: 6553"
"590390","class","XmlReader","6554","public abstract class XmlReader : IDisposable // TypeDefIndex: 6554"
"590620","class","XmlReaderSettings","6555","public sealed class XmlReaderSettings // TypeDefIndex: 6555"
"590823","enum","XmlSpace","6556","public enum XmlSpace // TypeDefIndex: 6556"
"590833","class","XmlTextEncoder","6557","internal class XmlTextEncoder // TypeDefIndex: 6557"
"590903","class","XmlTextReader","6558","public class XmlTextReader : XmlReader, IXmlLineInfo, IXmlNamespaceResolver // TypeDefIndex: 6558"
"591106","enum","XmlTextReaderImpl.ParsingFunction","6559","private enum XmlTextReaderImpl.ParsingFunction // TypeDefIndex: 6559"
"591139","enum","XmlTextReaderImpl.ParsingMode","6560","private enum XmlTextReaderImpl.ParsingMode // TypeDefIndex: 6560"
"591149","enum","XmlTextReaderImpl.EntityType","6561","private enum XmlTextReaderImpl.EntityType // TypeDefIndex: 6561"
"591164","enum","XmlTextReaderImpl.EntityExpandType","6562","private enum XmlTextReaderImpl.EntityExpandType // TypeDefIndex: 6562"
"591174","enum","XmlTextReaderImpl.IncrementalReadState","6563","private enum XmlTextReaderImpl.IncrementalReadState // TypeDefIndex: 6563"
"591196","class","XmlTextReaderImpl.LaterInitParam","6564","private class XmlTextReaderImpl.LaterInitParam // TypeDefIndex: 6564"
"591217","enum","XmlTextReaderImpl.InitInputType","6565","private enum XmlTextReaderImpl.InitInputType // TypeDefIndex: 6565"
"591228","struct","XmlTextReaderImpl.ParsingState","6566","private struct XmlTextReaderImpl.ParsingState // TypeDefIndex: 6566"
"591273","class","XmlTextReaderImpl.XmlContext","6567","private class XmlTextReaderImpl.XmlContext // TypeDefIndex: 6567"
"591291","class","XmlTextReaderImpl.NoNamespaceManager","6568","private class XmlTextReaderImpl.NoNamespaceManager : XmlNamespaceManager // TypeDefIndex: 6568"
"591330","class","XmlTextReaderImpl.DtdParserProxy","6569","internal class XmlTextReaderImpl.DtdParserProxy : IDtdParserAdapterV1, IDtdParserAdapterWithValidation, IDtdParserAdapter // TypeDefIndex: 6569"
"591450","class","XmlTextReaderImpl.NodeData","6570","private class XmlTextReaderImpl.NodeData : IComparable // TypeDefIndex: 6570"
"591568","class","XmlTextReaderImpl.DtdDefaultAttributeInfoToNodeDataComparer","6571","private class XmlTextReaderImpl.DtdDefaultAttributeInfoToNodeDataComparer : IComparer<object> // TypeDefIndex: 6571"
"591592","class","XmlTextReaderImpl.OnDefaultAttributeUseDelegate","6572","internal sealed class XmlTextReaderImpl.OnDefaultAttributeUseDelegate : MulticastDelegate // TypeDefIndex: 6572"
"591604","class","XmlTextReaderImpl","6573","internal class XmlTextReaderImpl : XmlReader, IXmlLineInfo, IXmlNamespaceResolver // TypeDefIndex: 6573"
"592561","enum","Formatting","6574","public enum Formatting // TypeDefIndex: 6574"
"592570","enum","XmlTextWriter.NamespaceState","6575","private enum XmlTextWriter.NamespaceState // TypeDefIndex: 6575"
"592581","struct","XmlTextWriter.TagInfo","6576","private struct XmlTextWriter.TagInfo // TypeDefIndex: 6576"
"592601","struct","XmlTextWriter.Namespace","6577","private struct XmlTextWriter.Namespace // TypeDefIndex: 6577"
"592616","enum","XmlTextWriter.SpecialAttr","6578","private enum XmlTextWriter.SpecialAttr // TypeDefIndex: 6578"
"592627","enum","XmlTextWriter.State","6579","private enum XmlTextWriter.State // TypeDefIndex: 6579"
"592644","enum","XmlTextWriter.Token","6580","private enum XmlTextWriter.Token // TypeDefIndex: 6580"
"592666","class","XmlTextWriter","6581","public class XmlTextWriter : XmlWriter // TypeDefIndex: 6581"
"592877","class","XmlUtf8RawTextWriter","6582","internal class XmlUtf8RawTextWriter : XmlRawWriter // TypeDefIndex: 6582"
"593076","class","XmlUtf8RawTextWriterIndent","6583","internal class XmlUtf8RawTextWriterIndent : XmlUtf8RawTextWriter // TypeDefIndex: 6583"
"593157","class","XmlValidatingReader","6584","public class XmlValidatingReader : XmlReader // TypeDefIndex: 6584"
"593253","enum","XmlValidatingReaderImpl.ParsingFunction","6585","private enum XmlValidatingReaderImpl.ParsingFunction // TypeDefIndex: 6585"
"593268","class","XmlValidatingReaderImpl.ValidationEventHandling","6586","internal class XmlValidatingReaderImpl.ValidationEventHandling : IValidationEventHandling // TypeDefIndex: 6586"
"593293","class","XmlValidatingReaderImpl","6587","internal sealed class XmlValidatingReaderImpl : XmlReader, IXmlLineInfo, IXmlNamespaceResolver // TypeDefIndex: 6587"
"593532","enum","XmlWellFormedWriter.State","6588","private enum XmlWellFormedWriter.State // TypeDefIndex: 6588"
"593572","enum","XmlWellFormedWriter.Token","6589","private enum XmlWellFormedWriter.Token // TypeDefIndex: 6589"
"593594","class","XmlWellFormedWriter.NamespaceResolverProxy","6590","private class XmlWellFormedWriter.NamespaceResolverProxy : IXmlNamespaceResolver // TypeDefIndex: 6590"
"593615","struct","XmlWellFormedWriter.ElementScope","6591","private struct XmlWellFormedWriter.ElementScope // TypeDefIndex: 6591"
"593638","enum","XmlWellFormedWriter.NamespaceKind","6592","private enum XmlWellFormedWriter.NamespaceKind // TypeDefIndex: 6592"
"593649","struct","XmlWellFormedWriter.Namespace","6593","private struct XmlWellFormedWriter.Namespace // TypeDefIndex: 6593"
"593667","struct","XmlWellFormedWriter.AttrName","6594","private struct XmlWellFormedWriter.AttrName // TypeDefIndex: 6594"
"593685","enum","XmlWellFormedWriter.SpecialAttribute","6595","private enum XmlWellFormedWriter.SpecialAttribute // TypeDefIndex: 6595"
"593697","enum","XmlWellFormedWriter.AttributeValueCache.ItemType","6596","private enum XmlWellFormedWriter.AttributeValueCache.ItemType // TypeDefIndex: 6596"
"593713","class","XmlWellFormedWriter.AttributeValueCache.Item","6597","private class XmlWellFormedWriter.AttributeValueCache.Item // TypeDefIndex: 6597"
"593729","class","XmlWellFormedWriter.AttributeValueCache.BufferChunk","6598","private class XmlWellFormedWriter.AttributeValueCache.BufferChunk // TypeDefIndex: 6598"
"593743","class","XmlWellFormedWriter.AttributeValueCache","6599","private class XmlWellFormedWriter.AttributeValueCache // TypeDefIndex: 6599"
"593807","class","XmlWellFormedWriter","6600","internal class XmlWellFormedWriter : XmlWriter // TypeDefIndex: 6600"
"594014","enum","WriteState","6601","public enum WriteState // TypeDefIndex: 6601"
"594028","class","XmlWriter","6602","public abstract class XmlWriter : IDisposable // TypeDefIndex: 6602"
"594157","enum","XmlOutputMethod","6603","public enum XmlOutputMethod // TypeDefIndex: 6603"
"594168","enum","TriState","6604","internal enum TriState // TypeDefIndex: 6604"
"594178","enum","XmlStandalone","6605","internal enum XmlStandalone // TypeDefIndex: 6605"
"594188","class","XmlWriterSettings","6606","public sealed class XmlWriterSettings // TypeDefIndex: 6606"
"594354","enum","XsdCachingReader.CachingReaderState","6607","private enum XsdCachingReader.CachingReaderState // TypeDefIndex: 6607"
"594368","class","XsdCachingReader","6608","internal class XsdCachingReader : XmlReader, IXmlLineInfo // TypeDefIndex: 6608"
"594566","class","CachingEventHandler","6609","internal sealed class CachingEventHandler : MulticastDelegate // TypeDefIndex: 6609"
"594578","class","AttributePSVIInfo","6610","internal class AttributePSVIInfo // TypeDefIndex: 6610"
"594596","enum","XsdValidatingReader.ValidatingReaderState","6611","private enum XsdValidatingReader.ValidatingReaderState // TypeDefIndex: 6611"
"594616","class","XsdValidatingReader","6612","internal class XsdValidatingReader : XmlReader, IXmlSchemaInfo, IXmlLineInfo, IXmlNamespaceResolver // TypeDefIndex: 6612"
"594911","class","DomNameTable","6613","internal class DomNameTable // TypeDefIndex: 6613"
"594936","class","XmlAttribute","6614","public class XmlAttribute : XmlNode // TypeDefIndex: 6614"
"595086","class","XmlAttributeCollection","6615","public sealed class XmlAttributeCollection : XmlNamedNodeMap, ICollection, IEnumerable // TypeDefIndex: 6615"
"595172","class","XmlCDataSection","6616","public class XmlCDataSection : XmlCharacterData // TypeDefIndex: 6616"
"595212","class","XmlCharacterData","6617","public abstract class XmlCharacterData : XmlLinkedNode // TypeDefIndex: 6617"
"595250","class","XmlChildEnumerator","6618","internal sealed class XmlChildEnumerator : IEnumerator // TypeDefIndex: 6618"
"595283","class","XmlChildNodes","6619","internal class XmlChildNodes : XmlNodeList // TypeDefIndex: 6619"
"595307","class","XmlComment","6620","public class XmlComment : XmlCharacterData // TypeDefIndex: 6620"
"595339","class","XmlDeclaration","6621","public class XmlDeclaration : XmlLinkedNode // TypeDefIndex: 6621"
"595414","class","XmlDocument","6622","public class XmlDocument : XmlNode // TypeDefIndex: 6622"
"595772","class","XmlDocumentFragment","6623","public class XmlDocumentFragment : XmlNode // TypeDefIndex: 6623"
"595839","class","XmlDocumentType","6624","public class XmlDocumentType : XmlLinkedNode // TypeDefIndex: 6624"
"595916","class","XmlElement","6625","public class XmlElement : XmlLinkedNode // TypeDefIndex: 6625"
"596078","class","XmlEntity","6626","public class XmlEntity : XmlNode // TypeDefIndex: 6626"
"596160","class","XmlEntityReference","6627","public class XmlEntityReference : XmlLinkedNode // TypeDefIndex: 6627"
"596238","enum","XmlNodeChangedAction","6628","public enum XmlNodeChangedAction // TypeDefIndex: 6628"
"596248","class","XmlImplementation","6629","public class XmlImplementation // TypeDefIndex: 6629"
"596272","class","XmlLinkedNode","6630","public abstract class XmlLinkedNode : XmlNode // TypeDefIndex: 6630"
"596294","class","XmlLoader","6631","internal class XmlLoader // TypeDefIndex: 6631"
"596386","class","XmlName","6632","internal class XmlName : IXmlSchemaInfo // TypeDefIndex: 6632"
"596467","class","XmlNameEx","6633","internal sealed class XmlNameEx : XmlName // TypeDefIndex: 6633"
"596524","class","XmlNamedNodeMap.SmallXmlNodeList.SingleObjectEnumerator","6634","private class XmlNamedNodeMap.SmallXmlNodeList.SingleObjectEnumerator : IEnumerator // TypeDefIndex: 6634"
"596550","struct","XmlNamedNodeMap.SmallXmlNodeList","6635","internal struct XmlNamedNodeMap.SmallXmlNodeList // TypeDefIndex: 6635"
"596581","class","XmlNamedNodeMap","6636","public class XmlNamedNodeMap : IEnumerable // TypeDefIndex: 6636"
"596632","class","XmlNode","6637","public abstract class XmlNode : ICloneable, IEnumerable // TypeDefIndex: 6637"
"596858","class","XmlNodeChangedEventArgs","6638","public class XmlNodeChangedEventArgs : EventArgs // TypeDefIndex: 6638"
"596881","class","XmlNodeChangedEventHandler","6639","public sealed class XmlNodeChangedEventHandler : MulticastDelegate // TypeDefIndex: 6639"
"596894","class","XmlNodeList","6640","public abstract class XmlNodeList : IEnumerable, IDisposable // TypeDefIndex: 6640"
"596925","struct","XmlNodeReaderNavigator.VirtualAttribute","6641","internal struct XmlNodeReaderNavigator.VirtualAttribute // TypeDefIndex: 6641"
"596938","class","XmlNodeReaderNavigator","6642","internal class XmlNodeReaderNavigator // TypeDefIndex: 6642"
"597138","class","XmlNodeReader","6643","public class XmlNodeReader : XmlReader, IXmlNamespaceResolver // TypeDefIndex: 6643"
"597318","class","XmlNotation","6644","public class XmlNotation : XmlNode // TypeDefIndex: 6644"
"597363","class","XmlProcessingInstruction","6645","public class XmlProcessingInstruction : XmlLinkedNode // TypeDefIndex: 6645"
"597417","class","XmlSignificantWhitespace","6646","public class XmlSignificantWhitespace : XmlCharacterData // TypeDefIndex: 6646"
"597464","class","XmlText","6647","public class XmlText : XmlCharacterData // TypeDefIndex: 6647"
"597514","class","XmlUnspecifiedAttribute","6648","internal class XmlUnspecifiedAttribute : XmlAttribute // TypeDefIndex: 6648"
"597557","class","XmlWhitespace","6649","public class XmlWhitespace : XmlCharacterData // TypeDefIndex: 6649"
"597604","class","EmptyEnumerator","6650","internal sealed class EmptyEnumerator : IEnumerator // TypeDefIndex: 6650"
"597626","class","HWStack","6651","internal class HWStack : ICloneable // TypeDefIndex: 6651"
"597676","interface","IXmlLineInfo","6652","public interface IXmlLineInfo // TypeDefIndex: 6652"
"597695","class","PositionInfo","6653","internal class PositionInfo : IXmlLineInfo // TypeDefIndex: 6653"
"597720","class","ReaderPositionInfo","6654","internal class ReaderPositionInfo : PositionInfo // TypeDefIndex: 6654"
"597745","interface","IXmlNamespaceResolver","6655","public interface IXmlNamespaceResolver // TypeDefIndex: 6655"
"597760","struct","LineInfo","6656","internal struct LineInfo // TypeDefIndex: 6656"
"597776","class","NameTable.Entry","6657","private class NameTable.Entry // TypeDefIndex: 6657"
"597790","class","NameTable","6658","public class NameTable : XmlNameTable // TypeDefIndex: 6658"
"597823","class","Ref","6659","internal static class Ref // TypeDefIndex: 6659"
"597832","enum","DtdParser.Token","6660","private enum DtdParser.Token // TypeDefIndex: 6660"
"597887","enum","DtdParser.ScanningFunction","6661","private enum DtdParser.ScanningFunction // TypeDefIndex: 6661"
"597928","enum","DtdParser.LiteralType","6662","private enum DtdParser.LiteralType // TypeDefIndex: 6662"
"597938","class","DtdParser.UndeclaredNotation","6663","private class DtdParser.UndeclaredNotation // TypeDefIndex: 6663"
"597953","class","DtdParser.ParseElementOnlyContent_LocalFrame","6664","private class DtdParser.ParseElementOnlyContent_LocalFrame // TypeDefIndex: 6664"
"597966","class","DtdParser","6665","internal class DtdParser : IDtdParser // TypeDefIndex: 6665"
"598330","enum","XmlTokenizedType","6666","public enum XmlTokenizedType // TypeDefIndex: 6666"
"598350","class","ValidateNames","6667","internal static class ValidateNames // TypeDefIndex: 6667"
"598395","struct","XmlCharType","6668","internal struct XmlCharType // TypeDefIndex: 6668"
"598494","class","XmlComplianceUtil","6669","internal static class XmlComplianceUtil // TypeDefIndex: 6669"
"598506","enum","ExceptionType","6670","internal enum ExceptionType // TypeDefIndex: 6670"
"598515","enum","XmlDateTimeSerializationMode","6671","public enum XmlDateTimeSerializationMode // TypeDefIndex: 6671"
"598526","class","XmlConvert","6672","public class XmlConvert // TypeDefIndex: 6672"
"598863","class","XmlDownloadManager.","6673","private sealed class XmlDownloadManager.<>c__DisplayClass4_0 // TypeDefIndex: 6673"
"598879","struct","XmlDownloadManager.","6674","private struct XmlDownloadManager.<GetNonFileStreamAsync>d__5 : IAsyncStateMachine // TypeDefIndex: 6674"
"598903","class","XmlDownloadManager","6675","internal class XmlDownloadManager // TypeDefIndex: 6675"
"598931","class","OpenedHost","6676","internal class OpenedHost // TypeDefIndex: 6676"
"598943","class","XmlRegisteredNonCachedStream","6677","internal class XmlRegisteredNonCachedStream : Stream // TypeDefIndex: 6677"
"599021","class","XmlCachedStream","6678","internal class XmlCachedStream : MemoryStream // TypeDefIndex: 6678"
"599033","class","UTF16Decoder","6679","internal class UTF16Decoder : Decoder // TypeDefIndex: 6679"
"599058","class","SafeAsciiDecoder","6680","internal class SafeAsciiDecoder : Decoder // TypeDefIndex: 6680"
"599076","class","Ucs4Encoding","6681","internal class Ucs4Encoding : Encoding // TypeDefIndex: 6681"
"599141","class","Ucs4Encoding1234","6682","internal class Ucs4Encoding1234 : Ucs4Encoding // TypeDefIndex: 6682"
"599159","class","Ucs4Encoding4321","6683","internal class Ucs4Encoding4321 : Ucs4Encoding // TypeDefIndex: 6683"
"599177","class","Ucs4Encoding2143","6684","internal class Ucs4Encoding2143 : Ucs4Encoding // TypeDefIndex: 6684"
"599195","class","Ucs4Encoding3412","6685","internal class Ucs4Encoding3412 : Ucs4Encoding // TypeDefIndex: 6685"
"599213","class","Ucs4Decoder","6686","internal abstract class Ucs4Decoder : Decoder // TypeDefIndex: 6686"
"599241","class","Ucs4Decoder4321","6687","internal class Ucs4Decoder4321 : Ucs4Decoder // TypeDefIndex: 6687"
"599253","class","Ucs4Decoder1234","6688","internal class Ucs4Decoder1234 : Ucs4Decoder // TypeDefIndex: 6688"
"599265","class","Ucs4Decoder2143","6689","internal class Ucs4Decoder2143 : Ucs4Decoder // TypeDefIndex: 6689"
"599277","class","Ucs4Decoder3412","6690","internal class Ucs4Decoder3412 : Ucs4Decoder // TypeDefIndex: 6690"
"599290","class","XmlException","6691","public class XmlException : SystemException // TypeDefIndex: 6691"
"599395","class","XmlNameTable","6692","public abstract class XmlNameTable // TypeDefIndex: 6692"
"599413","enum","XmlNamespaceScope","6693","public enum XmlNamespaceScope // TypeDefIndex: 6693"
"599423","struct","XmlNamespaceManager.NamespaceDeclaration","6694","private struct XmlNamespaceManager.NamespaceDeclaration // TypeDefIndex: 6694"
"599438","class","XmlNamespaceManager","6695","public class XmlNamespaceManager : IXmlNamespaceResolver, IEnumerable // TypeDefIndex: 6695"
"599497","enum","XmlNodeType","6696","public enum XmlNodeType // TypeDefIndex: 6696"
"599522","class","XmlQualifiedName.HashCodeOfStringDelegate","6697","private sealed class XmlQualifiedName.HashCodeOfStringDelegate : MulticastDelegate // TypeDefIndex: 6697"
"599535","class","XmlQualifiedName","6698","public class XmlQualifiedName // TypeDefIndex: 6698"
"599619","class","XmlResolver","6699","public abstract class XmlResolver // TypeDefIndex: 6699"
"599641","struct","XmlUrlResolver.","6700","private struct XmlUrlResolver.<GetEntityAsync>d__15 : IAsyncStateMachine // TypeDefIndex: 6700"
"599662","class","XmlUrlResolver","6701","public class XmlUrlResolver : XmlResolver // TypeDefIndex: 6701"
"599693","class","BinaryCompatibility","6702","internal static class BinaryCompatibility // TypeDefIndex: 6702"
"599705","class","Res","6703","internal static class Res // TypeDefIndex: 6703"
"599717","class","XPathDocument","6704","public class XPathDocument // TypeDefIndex: 6704"
"599747","class","XPathException","6705","public class XPathException : SystemException // TypeDefIndex: 6705"
"599794","enum","XPathResultType","6706","public enum XPathResultType // TypeDefIndex: 6706"
"599808","class","XPathItem","6707","public abstract class XPathItem // TypeDefIndex: 6707"
"599861","enum","XPathNamespaceScope","6708","public enum XPathNamespaceScope // TypeDefIndex: 6708"
"599872","class","XPathNavigator","6709","public abstract class XPathNavigator : XPathItem, ICloneable, IXmlNamespaceResolver // TypeDefIndex: 6709"
"599991","class","XPathNavigatorKeyComparer","6710","internal class XPathNavigatorKeyComparer : IEqualityComparer // TypeDefIndex: 6710"
"600006","enum","XPathNodeType","6711","public enum XPathNodeType // TypeDefIndex: 6711"
"600023","class","CodeIdentifier","6712","public class CodeIdentifier // TypeDefIndex: 6712"
"600047","class","XmlSerializerNamespaces","6713","public class XmlSerializerNamespaces // TypeDefIndex: 6713"
"600085","class","XmlAttributeEventHandler","6714","public sealed class XmlAttributeEventHandler : MulticastDelegate // TypeDefIndex: 6714"
"600097","class","XmlAttributeEventArgs","6715","public class XmlAttributeEventArgs : EventArgs // TypeDefIndex: 6715"
"600113","class","XmlElementEventHandler","6716","public sealed class XmlElementEventHandler : MulticastDelegate // TypeDefIndex: 6716"
"600125","class","XmlElementEventArgs","6717","public class XmlElementEventArgs : EventArgs // TypeDefIndex: 6717"
"600141","class","XmlNodeEventHandler","6718","public sealed class XmlNodeEventHandler : MulticastDelegate // TypeDefIndex: 6718"
"600153","class","XmlNodeEventArgs","6719","public class XmlNodeEventArgs : EventArgs // TypeDefIndex: 6719"
"600168","class","UnreferencedObjectEventHandler","6720","public sealed class UnreferencedObjectEventHandler : MulticastDelegate // TypeDefIndex: 6720"
"600180","class","UnreferencedObjectEventArgs","6721","public class UnreferencedObjectEventArgs : EventArgs // TypeDefIndex: 6721"
"600193","interface","IXmlSerializable","6722","public interface IXmlSerializable // TypeDefIndex: 6722"
"600208","interface","IXmlTextParser","6723","public interface IXmlTextParser // TypeDefIndex: 6723"
"600223","class","KeyHelper","6724","internal class KeyHelper // TypeDefIndex: 6724"
"600247","class","ReflectionHelper","6725","internal class ReflectionHelper // TypeDefIndex: 6725"
"600279","enum","SchemaTypes","6726","internal enum SchemaTypes // TypeDefIndex: 6726"
"600294","class","SerializationSource","6727","internal abstract class SerializationSource // TypeDefIndex: 6727"
"600311","class","XmlTypeSerializationSource","6728","internal class XmlTypeSerializationSource : SerializationSource // TypeDefIndex: 6728"
"600332","class","XmlTypeConvertorAttribute","6729","internal class XmlTypeConvertorAttribute : Attribute // TypeDefIndex: 6729"
"600356","class","TypeData","6730","internal class TypeData // TypeDefIndex: 6730"
"600458","class","TypeMember","6731","internal sealed class TypeMember // TypeDefIndex: 6731"
"600483","class","TypeTranslator","6732","internal class TypeTranslator // TypeDefIndex: 6732"
"600520","class","XmlAnyAttributeAttribute","6733","public class XmlAnyAttributeAttribute : Attribute // TypeDefIndex: 6733"
"600530","class","XmlAnyElementAttribute","6734","public class XmlAnyElementAttribute : Attribute // TypeDefIndex: 6734"
"600562","class","XmlAnyElementAttributes","6735","public class XmlAnyElementAttributes : CollectionBase // TypeDefIndex: 6735"
"600588","class","XmlArrayAttribute","6736","public class XmlArrayAttribute : Attribute // TypeDefIndex: 6736"
"600627","class","XmlArrayItemAttribute","6737","public class XmlArrayItemAttribute : Attribute // TypeDefIndex: 6737"
"600681","class","XmlArrayItemAttributes","6738","public class XmlArrayItemAttributes : CollectionBase // TypeDefIndex: 6738"
"600703","class","XmlAttributeAttribute","6739","public class XmlAttributeAttribute : Attribute // TypeDefIndex: 6739"
"600744","class","XmlAttributeOverrides","6740","public class XmlAttributeOverrides // TypeDefIndex: 6740"
"600772","class","XmlAttributes","6741","public class XmlAttributes // TypeDefIndex: 6741"
"600866","class","XmlChoiceIdentifierAttribute","6742","public class XmlChoiceIdentifierAttribute : Attribute // TypeDefIndex: 6742"
"600884","class","XmlCustomFormatter","6743","internal class XmlCustomFormatter // TypeDefIndex: 6743"
"600912","class","XmlElementAttribute","6744","public class XmlElementAttribute : Attribute // TypeDefIndex: 6744"
"600967","class","XmlElementAttributes","6745","public class XmlElementAttributes : CollectionBase // TypeDefIndex: 6745"
"600993","class","XmlEnumAttribute","6746","public class XmlEnumAttribute : Attribute // TypeDefIndex: 6746"
"601015","class","XmlIgnoreAttribute","6747","public class XmlIgnoreAttribute : Attribute // TypeDefIndex: 6747"
"601025","class","XmlIncludeAttribute","6748","public class XmlIncludeAttribute : Attribute // TypeDefIndex: 6748"
"601040","class","XmlMapping","6749","public abstract class XmlMapping // TypeDefIndex: 6749"
"601096","class","ObjectMap","6750","internal class ObjectMap // TypeDefIndex: 6750"
"601105","enum","SerializationFormat","6751","internal enum SerializationFormat // TypeDefIndex: 6751"
"601114","class","XmlMemberMapping","6752","public class XmlMemberMapping // TypeDefIndex: 6752"
"601119","class","XmlMembersMapping","6753","public class XmlMembersMapping : XmlMapping // TypeDefIndex: 6753"
"601140","class","XmlNamespaceDeclarationsAttribute","6754","public class XmlNamespaceDeclarationsAttribute : Attribute // TypeDefIndex: 6754"
"601151","class","XmlReflectionImporter.","6755","private sealed class XmlReflectionImporter.<>c // TypeDefIndex: 6755"
"601170","class","XmlReflectionImporter","6756","public class XmlReflectionImporter // TypeDefIndex: 6756"
"601265","class","XmlReflectionMember","6757","public class XmlReflectionMember // TypeDefIndex: 6757"
"601307","class","XmlRootAttribute","6758","public class XmlRootAttribute : Attribute // TypeDefIndex: 6758"
"601359","class","XmlSchemaProviderAttribute","6759","public sealed class XmlSchemaProviderAttribute : Attribute // TypeDefIndex: 6759"
"601385","class","XmlSerializationCollectionFixupCallback","6760","public sealed class XmlSerializationCollectionFixupCallback : MulticastDelegate // TypeDefIndex: 6760"
"601397","class","XmlSerializationFixupCallback","6761","public sealed class XmlSerializationFixupCallback : MulticastDelegate // TypeDefIndex: 6761"
"601409","class","XmlSerializationGeneratedCode","6762","public abstract class XmlSerializationGeneratedCode // TypeDefIndex: 6762"
"601418","class","XmlSerializationReadCallback","6763","public sealed class XmlSerializationReadCallback : MulticastDelegate // TypeDefIndex: 6763"
"601430","class","XmlSerializationReader.WriteCallbackInfo","6764","private class XmlSerializationReader.WriteCallbackInfo // TypeDefIndex: 6764"
"601445","class","XmlSerializationReader.CollectionFixup","6765","protected class XmlSerializationReader.CollectionFixup // TypeDefIndex: 6765"
"601481","class","XmlSerializationReader.Fixup","6766","protected class XmlSerializationReader.Fixup // TypeDefIndex: 6766"
"601509","class","XmlSerializationReader.CollectionItemFixup","6767","private class XmlSerializationReader.CollectionItemFixup // TypeDefIndex: 6767"
"601538","class","XmlSerializationReader","6768","public abstract class XmlSerializationReader : XmlSerializationGeneratedCode // TypeDefIndex: 6768"
"601728","class","XmlSerializationReaderInterpreter.FixupCallbackInfo","6769","private class XmlSerializationReaderInterpreter.FixupCallbackInfo // TypeDefIndex: 6769"
"601745","class","XmlSerializationReaderInterpreter.ReaderCallbackInfo","6770","private class XmlSerializationReaderInterpreter.ReaderCallbackInfo // TypeDefIndex: 6770"
"601761","class","XmlSerializationReaderInterpreter","6771","internal class XmlSerializationReaderInterpreter : XmlSerializationReader // TypeDefIndex: 6771"
"601890","class","XmlSerializationWriteCallback","6772","public sealed class XmlSerializationWriteCallback : MulticastDelegate // TypeDefIndex: 6772"
"601902","class","XmlSerializationWriter.WriteCallbackInfo","6773","private class XmlSerializationWriter.WriteCallbackInfo // TypeDefIndex: 6773"
"601917","class","XmlSerializationWriter","6774","public abstract class XmlSerializationWriter : XmlSerializationGeneratedCode // TypeDefIndex: 6774"
"602086","class","XmlSerializationWriterInterpreter.CallbackInfo","6775","private class XmlSerializationWriterInterpreter.CallbackInfo // TypeDefIndex: 6775"
"602105","class","XmlSerializationWriterInterpreter","6776","internal class XmlSerializationWriterInterpreter : XmlSerializationWriter // TypeDefIndex: 6776"
"602190","class","XmlSerializer.SerializerData","6777","internal class XmlSerializer.SerializerData // TypeDefIndex: 6777"
"602205","class","XmlSerializer","6778","public class XmlSerializer // TypeDefIndex: 6778"
"602288","class","XmlSerializerFactory","6779","public class XmlSerializerFactory // TypeDefIndex: 6779"
"602312","class","XmlSerializerImplementation","6780","public abstract class XmlSerializerImplementation // TypeDefIndex: 6780"
"602325","class","XmlTextAttribute","6781","public class XmlTextAttribute : Attribute // TypeDefIndex: 6781"
"602352","class","XmlTypeAttribute","6782","public class XmlTypeAttribute : Attribute // TypeDefIndex: 6782"
"602380","class","XmlTypeMapElementInfo","6783","internal class XmlTypeMapElementInfo // TypeDefIndex: 6783"
"602504","class","XmlTypeMapElementInfoList","6784","internal class XmlTypeMapElementInfoList : ArrayList // TypeDefIndex: 6784"
"602513","class","XmlTypeMapMember","6785","internal class XmlTypeMapMember // TypeDefIndex: 6785"
"602612","class","XmlTypeMapMemberAttribute","6786","internal class XmlTypeMapMemberAttribute : XmlTypeMapMember // TypeDefIndex: 6786"
"602654","class","XmlTypeMapMemberElement","6787","internal class XmlTypeMapMemberElement : XmlTypeMapMember // TypeDefIndex: 6787"
"602705","class","XmlTypeMapMemberList","6788","internal class XmlTypeMapMemberList : XmlTypeMapMemberElement // TypeDefIndex: 6788"
"602714","class","XmlTypeMapMemberExpandable","6789","internal class XmlTypeMapMemberExpandable : XmlTypeMapMemberElement // TypeDefIndex: 6789"
"602735","class","XmlTypeMapMemberFlatList","6790","internal class XmlTypeMapMemberFlatList : XmlTypeMapMemberExpandable // TypeDefIndex: 6790"
"602756","class","XmlTypeMapMemberAnyElement","6791","internal class XmlTypeMapMemberAnyElement : XmlTypeMapMemberExpandable // TypeDefIndex: 6791"
"602774","class","XmlTypeMapMemberAnyAttribute","6792","internal class XmlTypeMapMemberAnyAttribute : XmlTypeMapMember // TypeDefIndex: 6792"
"602783","class","XmlTypeMapMemberNamespaces","6793","internal class XmlTypeMapMemberNamespaces : XmlTypeMapMember // TypeDefIndex: 6793"
"602792","class","XmlTypeMapping","6794","public class XmlTypeMapping : XmlMapping // TypeDefIndex: 6794"
"602882","class","XmlSerializableMapping","6795","internal class XmlSerializableMapping : XmlTypeMapping // TypeDefIndex: 6795"
"602896","class","ClassMap","6796","internal class ClassMap : ObjectMap // TypeDefIndex: 6796"
"602998","class","ListMap","6797","internal class ListMap : ObjectMap // TypeDefIndex: 6797"
"603042","class","EnumMap.EnumMapMember","6798","public class EnumMap.EnumMapMember // TypeDefIndex: 6798"
"603070","class","EnumMap","6799","internal class EnumMap : ObjectMap // TypeDefIndex: 6799"
"603111","class","XmlReaderSection","6800","public sealed class XmlReaderSection // TypeDefIndex: 6800"
"603131","struct","StringConcat","6801","public struct StringConcat // TypeDefIndex: 6801"
"603161","class","AxisElement","6802","internal class AxisElement // TypeDefIndex: 6802"
"603191","class","AxisStack","6803","internal class AxisStack // TypeDefIndex: 6803"
"603233","class","ActiveAxis","6804","internal class ActiveAxis // TypeDefIndex: 6804"
"603266","class","DoubleLinkAxis","6805","internal class DoubleLinkAxis : Axis // TypeDefIndex: 6805"
"603290","class","ForwardAxis","6806","internal class ForwardAxis // TypeDefIndex: 6806"
"603328","class","Asttree","6807","internal class Asttree // TypeDefIndex: 6807"
"603367","class","AutoValidator","6808","internal class AutoValidator : BaseValidator // TypeDefIndex: 6808"
"603394","class","BaseProcessor","6809","internal class BaseProcessor // TypeDefIndex: 6809"
"603478","class","BaseValidator","6810","internal class BaseValidator // TypeDefIndex: 6810"
"603608","class","BitSet","6811","internal sealed class BitSet // TypeDefIndex: 6811"
"603674","class","ChameleonKey","6812","internal class ChameleonKey // TypeDefIndex: 6812"
"603695","enum","CompiledIdentityConstraint.ConstraintRole","6813","public enum CompiledIdentityConstraint.ConstraintRole // TypeDefIndex: 6813"
"603705","class","CompiledIdentityConstraint","6814","internal class CompiledIdentityConstraint // TypeDefIndex: 6814"
"603742","class","ConstraintStruct","6815","internal sealed class ConstraintStruct // TypeDefIndex: 6815"
"603765","class","LocatedActiveAxis","6816","internal class LocatedActiveAxis : ActiveAxis // TypeDefIndex: 6816"
"603788","class","SelectorActiveAxis","6817","internal class SelectorActiveAxis : ActiveAxis // TypeDefIndex: 6817"
"603817","class","KSStruct","6818","internal class KSStruct // TypeDefIndex: 6818"
"603831","class","TypedObject.DecimalStruct","6819","private class TypedObject.DecimalStruct // TypeDefIndex: 6819"
"603860","class","TypedObject","6820","internal class TypedObject // TypeDefIndex: 6820"
"603916","class","KeySequence","6821","internal class KeySequence // TypeDefIndex: 6821"
"603961","class","UpaException","6822","internal class UpaException : Exception // TypeDefIndex: 6822"
"603985","class","SymbolsDictionary","6823","internal class SymbolsDictionary // TypeDefIndex: 6823"
"604040","struct","Position","6824","internal struct Position // TypeDefIndex: 6824"
"604054","class","Positions","6825","internal class Positions // TypeDefIndex: 6825"
"604079","class","SyntaxTreeNode","6826","internal abstract class SyntaxTreeNode // TypeDefIndex: 6826"
"604104","class","LeafNode","6827","internal class LeafNode : SyntaxTreeNode // TypeDefIndex: 6827"
"604135","class","NamespaceListNode","6828","internal class NamespaceListNode : SyntaxTreeNode // TypeDefIndex: 6828"
"604163","class","InteriorNode","6829","internal abstract class InteriorNode : SyntaxTreeNode // TypeDefIndex: 6829"
"604198","struct","SequenceNode.SequenceConstructPosContext","6830","private struct SequenceNode.SequenceConstructPosContext // TypeDefIndex: 6830"
"604214","class","SequenceNode","6831","internal sealed class SequenceNode : InteriorNode // TypeDefIndex: 6831"
"604235","class","ChoiceNode","6832","internal sealed class ChoiceNode : InteriorNode // TypeDefIndex: 6832"
"604259","class","PlusNode","6833","internal sealed class PlusNode : InteriorNode // TypeDefIndex: 6833"
"604277","class","QmarkNode","6834","internal sealed class QmarkNode : InteriorNode // TypeDefIndex: 6834"
"604295","class","StarNode","6835","internal sealed class StarNode : InteriorNode // TypeDefIndex: 6835"
"604313","class","LeafRangeNode","6836","internal sealed class LeafRangeNode : LeafNode // TypeDefIndex: 6836"
"604354","class","ContentValidator","6837","internal class ContentValidator // TypeDefIndex: 6837"
"604420","class","ParticleContentValidator","6838","internal sealed class ParticleContentValidator : ContentValidator // TypeDefIndex: 6838"
"604513","class","DfaContentValidator","6839","internal sealed class DfaContentValidator : ContentValidator // TypeDefIndex: 6839"
"604541","class","NfaContentValidator","6840","internal sealed class NfaContentValidator : ContentValidator // TypeDefIndex: 6840"
"604572","struct","RangePositionInfo","6841","internal struct RangePositionInfo // TypeDefIndex: 6841"
"604580","class","RangeContentValidator","6842","internal sealed class RangeContentValidator : ContentValidator // TypeDefIndex: 6842"
"604613","class","AllElementsContentValidator","6843","internal sealed class AllElementsContentValidator : ContentValidator // TypeDefIndex: 6843"
"604652","enum","XmlSchemaDatatypeVariety","6844","public enum XmlSchemaDatatypeVariety // TypeDefIndex: 6844"
"604662","class","XsdSimpleValue","6845","internal class XsdSimpleValue // TypeDefIndex: 6845"
"604686","enum","RestrictionFlags","6846","internal enum RestrictionFlags // TypeDefIndex: 6846"
"604705","enum","XmlSchemaWhiteSpace","6847","internal enum XmlSchemaWhiteSpace // TypeDefIndex: 6847"
"604715","class","RestrictionFacets","6848","internal class RestrictionFacets // TypeDefIndex: 6848"
"604740","class","DatatypeImplementation.SchemaDatatypeMap","6849","private class DatatypeImplementation.SchemaDatatypeMap : IComparable // TypeDefIndex: 6849"
"604773","class","DatatypeImplementation","6850","internal abstract class DatatypeImplementation : XmlSchemaDatatype // TypeDefIndex: 6850"
"605021","class","Datatype_List","6851","internal class Datatype_List : Datatype_anySimpleType // TypeDefIndex: 6851"
"605072","class","Datatype_union","6852","internal class Datatype_union : Datatype_anySimpleType // TypeDefIndex: 6852"
"605133","class","Datatype_anySimpleType","6853","internal class Datatype_anySimpleType : DatatypeImplementation // TypeDefIndex: 6853"
"605188","class","Datatype_anyAtomicType","6854","internal class Datatype_anyAtomicType : Datatype_anySimpleType // TypeDefIndex: 6854"
"605210","class","Datatype_untypedAtomicType","6855","internal class Datatype_untypedAtomicType : Datatype_anyAtomicType // TypeDefIndex: 6855"
"605232","class","Datatype_string","6856","internal class Datatype_string : Datatype_anySimpleType // TypeDefIndex: 6856"
"605269","class","Datatype_boolean","6857","internal class Datatype_boolean : Datatype_anySimpleType // TypeDefIndex: 6857"
"605320","class","Datatype_float","6858","internal class Datatype_float : Datatype_anySimpleType // TypeDefIndex: 6858"
"605371","class","Datatype_double","6859","internal class Datatype_double : Datatype_anySimpleType // TypeDefIndex: 6859"
"605422","class","Datatype_decimal","6860","internal class Datatype_decimal : Datatype_anySimpleType // TypeDefIndex: 6860"
"605474","class","Datatype_duration","6861","internal class Datatype_duration : Datatype_anySimpleType // TypeDefIndex: 6861"
"605525","class","Datatype_yearMonthDuration","6862","internal class Datatype_yearMonthDuration : Datatype_duration // TypeDefIndex: 6862"
"605543","class","Datatype_dayTimeDuration","6863","internal class Datatype_dayTimeDuration : Datatype_duration // TypeDefIndex: 6863"
"605561","class","Datatype_dateTimeBase","6864","internal class Datatype_dateTimeBase : Datatype_anySimpleType // TypeDefIndex: 6864"
"605613","class","Datatype_dateTimeNoTimeZone","6865","internal class Datatype_dateTimeNoTimeZone : Datatype_dateTimeBase // TypeDefIndex: 6865"
"605622","class","Datatype_dateTimeTimeZone","6866","internal class Datatype_dateTimeTimeZone : Datatype_dateTimeBase // TypeDefIndex: 6866"
"605631","class","Datatype_dateTime","6867","internal class Datatype_dateTime : Datatype_dateTimeBase // TypeDefIndex: 6867"
"605640","class","Datatype_timeNoTimeZone","6868","internal class Datatype_timeNoTimeZone : Datatype_dateTimeBase // TypeDefIndex: 6868"
"605649","class","Datatype_timeTimeZone","6869","internal class Datatype_timeTimeZone : Datatype_dateTimeBase // TypeDefIndex: 6869"
"605658","class","Datatype_time","6870","internal class Datatype_time : Datatype_dateTimeBase // TypeDefIndex: 6870"
"605673","class","Datatype_date","6871","internal class Datatype_date : Datatype_dateTimeBase // TypeDefIndex: 6871"
"605688","class","Datatype_yearMonth","6872","internal class Datatype_yearMonth : Datatype_dateTimeBase // TypeDefIndex: 6872"
"605703","class","Datatype_year","6873","internal class Datatype_year : Datatype_dateTimeBase // TypeDefIndex: 6873"
"605718","class","Datatype_monthDay","6874","internal class Datatype_monthDay : Datatype_dateTimeBase // TypeDefIndex: 6874"
"605733","class","Datatype_day","6875","internal class Datatype_day : Datatype_dateTimeBase // TypeDefIndex: 6875"
"605748","class","Datatype_month","6876","internal class Datatype_month : Datatype_dateTimeBase // TypeDefIndex: 6876"
"605763","class","Datatype_hexBinary","6877","internal class Datatype_hexBinary : Datatype_anySimpleType // TypeDefIndex: 6877"
"605814","class","Datatype_base64Binary","6878","internal class Datatype_base64Binary : Datatype_anySimpleType // TypeDefIndex: 6878"
"605865","class","Datatype_anyURI","6879","internal class Datatype_anyURI : Datatype_anySimpleType // TypeDefIndex: 6879"
"605920","class","Datatype_QName","6880","internal class Datatype_QName : Datatype_anySimpleType // TypeDefIndex: 6880"
"605972","class","Datatype_normalizedString","6881","internal class Datatype_normalizedString : Datatype_string // TypeDefIndex: 6881"
"605995","class","Datatype_normalizedStringV1Compat","6882","internal class Datatype_normalizedStringV1Compat : Datatype_string // TypeDefIndex: 6882"
"606014","class","Datatype_token","6883","internal class Datatype_token : Datatype_normalizedString // TypeDefIndex: 6883"
"606033","class","Datatype_tokenV1Compat","6884","internal class Datatype_tokenV1Compat : Datatype_normalizedStringV1Compat // TypeDefIndex: 6884"
"606048","class","Datatype_language","6885","internal class Datatype_language : Datatype_token // TypeDefIndex: 6885"
"606063","class","Datatype_NMTOKEN","6886","internal class Datatype_NMTOKEN : Datatype_token // TypeDefIndex: 6886"
"606082","class","Datatype_Name","6887","internal class Datatype_Name : Datatype_token // TypeDefIndex: 6887"
"606097","class","Datatype_NCName","6888","internal class Datatype_NCName : Datatype_Name // TypeDefIndex: 6888"
"606115","class","Datatype_ID","6889","internal class Datatype_ID : Datatype_NCName // TypeDefIndex: 6889"
"606134","class","Datatype_IDREF","6890","internal class Datatype_IDREF : Datatype_NCName // TypeDefIndex: 6890"
"606153","class","Datatype_ENTITY","6891","internal class Datatype_ENTITY : Datatype_NCName // TypeDefIndex: 6891"
"606172","class","Datatype_NOTATION","6892","internal class Datatype_NOTATION : Datatype_anySimpleType // TypeDefIndex: 6892"
"606227","class","Datatype_integer","6893","internal class Datatype_integer : Datatype_decimal // TypeDefIndex: 6893"
"606245","class","Datatype_nonPositiveInteger","6894","internal class Datatype_nonPositiveInteger : Datatype_integer // TypeDefIndex: 6894"
"606274","class","Datatype_negativeInteger","6895","internal class Datatype_negativeInteger : Datatype_nonPositiveInteger // TypeDefIndex: 6895"
"606299","class","Datatype_long","6896","internal class Datatype_long : Datatype_integer // TypeDefIndex: 6896"
"606344","class","Datatype_int","6897","internal class Datatype_int : Datatype_long // TypeDefIndex: 6897"
"606385","class","Datatype_short","6898","internal class Datatype_short : Datatype_int // TypeDefIndex: 6898"
"606426","class","Datatype_byte","6899","internal class Datatype_byte : Datatype_short // TypeDefIndex: 6899"
"606467","class","Datatype_nonNegativeInteger","6900","internal class Datatype_nonNegativeInteger : Datatype_integer // TypeDefIndex: 6900"
"606496","class","Datatype_unsignedLong","6901","internal class Datatype_unsignedLong : Datatype_nonNegativeInteger // TypeDefIndex: 6901"
"606537","class","Datatype_unsignedInt","6902","internal class Datatype_unsignedInt : Datatype_unsignedLong // TypeDefIndex: 6902"
"606578","class","Datatype_unsignedShort","6903","internal class Datatype_unsignedShort : Datatype_unsignedInt // TypeDefIndex: 6903"
"606619","class","Datatype_unsignedByte","6904","internal class Datatype_unsignedByte : Datatype_unsignedShort // TypeDefIndex: 6904"
"606660","class","Datatype_positiveInteger","6905","internal class Datatype_positiveInteger : Datatype_nonNegativeInteger // TypeDefIndex: 6905"
"606685","class","Datatype_doubleXdr","6906","internal class Datatype_doubleXdr : Datatype_double // TypeDefIndex: 6906"
"606697","class","Datatype_floatXdr","6907","internal class Datatype_floatXdr : Datatype_float // TypeDefIndex: 6907"
"606709","class","Datatype_QNameXdr","6908","internal class Datatype_QNameXdr : Datatype_anySimpleType // TypeDefIndex: 6908"
"606742","class","Datatype_ENUMERATION","6909","internal class Datatype_ENUMERATION : Datatype_NMTOKEN // TypeDefIndex: 6909"
"606757","class","Datatype_char","6910","internal class Datatype_char : Datatype_anySimpleType // TypeDefIndex: 6910"
"606796","class","Datatype_fixed","6911","internal class Datatype_fixed : Datatype_decimal // TypeDefIndex: 6911"
"606811","class","Datatype_uuid","6912","internal class Datatype_uuid : Datatype_anySimpleType // TypeDefIndex: 6912"
"606850","class","DtdValidator.NamespaceManager","6913","private class DtdValidator.NamespaceManager : XmlNamespaceManager // TypeDefIndex: 6913"
"606862","class","DtdValidator","6914","internal sealed class DtdValidator : BaseValidator // TypeDefIndex: 6914"
"606955","struct","FacetsChecker.FacetsCompiler.Map","6915","private struct FacetsChecker.FacetsCompiler.Map // TypeDefIndex: 6915"
"606968","struct","FacetsChecker.FacetsCompiler","6916","private struct FacetsChecker.FacetsCompiler // TypeDefIndex: 6916"
"607060","class","FacetsChecker","6917","internal abstract class FacetsChecker // TypeDefIndex: 6917"
"607123","class","Numeric10FacetsChecker","6918","internal class Numeric10FacetsChecker : FacetsChecker // TypeDefIndex: 6918"
"607164","class","Numeric2FacetsChecker","6919","internal class Numeric2FacetsChecker : FacetsChecker // TypeDefIndex: 6919"
"607188","class","DurationFacetsChecker","6920","internal class DurationFacetsChecker : FacetsChecker // TypeDefIndex: 6920"
"607209","class","DateTimeFacetsChecker","6921","internal class DateTimeFacetsChecker : FacetsChecker // TypeDefIndex: 6921"
"607230","class","StringFacetsChecker","6922","internal class StringFacetsChecker : FacetsChecker // TypeDefIndex: 6922"
"607266","class","QNameFacetsChecker","6923","internal class QNameFacetsChecker : FacetsChecker // TypeDefIndex: 6923"
"607287","class","MiscFacetsChecker","6924","internal class MiscFacetsChecker : FacetsChecker // TypeDefIndex: 6924"
"607296","class","BinaryFacetsChecker","6925","internal class BinaryFacetsChecker : FacetsChecker // TypeDefIndex: 6925"
"607317","class","ListFacetsChecker","6926","internal class ListFacetsChecker : FacetsChecker // TypeDefIndex: 6926"
"607332","class","UnionFacetsChecker","6927","internal class UnionFacetsChecker : FacetsChecker // TypeDefIndex: 6927"
"607347","interface","IXmlSchemaInfo","6928","public interface IXmlSchemaInfo // TypeDefIndex: 6928"
"607383","enum","XmlSchemaInference.InferenceOption","6929","public enum XmlSchemaInference.InferenceOption // TypeDefIndex: 6929"
"607392","class","XmlSchemaInference","6930","public sealed class XmlSchemaInference // TypeDefIndex: 6930"
"607525","class","XmlSchemaInferenceException","6931","public class XmlSchemaInferenceException : XmlSchemaException // TypeDefIndex: 6931"
"607546","enum","NamespaceList.ListType","6932","public enum NamespaceList.ListType // TypeDefIndex: 6932"
"607556","class","NamespaceList","6933","internal class NamespaceList // TypeDefIndex: 6933"
"607614","class","NamespaceListV1Compat","6934","internal class NamespaceListV1Compat : NamespaceList // TypeDefIndex: 6934"
"607626","class","Parser","6935","internal sealed class Parser // TypeDefIndex: 6935"
"607701","enum","Compositor","6936","internal enum Compositor // TypeDefIndex: 6936"
"607712","class","RedefineEntry","6937","internal class RedefineEntry // TypeDefIndex: 6937"
"607725","class","Preprocessor","6938","internal sealed class Preprocessor : BaseProcessor // TypeDefIndex: 6938"
"607903","enum","SchemaAttDef.Reserve","6939","internal enum SchemaAttDef.Reserve // TypeDefIndex: 6939"
"607913","class","SchemaAttDef","6940","internal sealed class SchemaAttDef : SchemaDeclBase, IDtdDefaultAttributeInfo, IDtdAttributeInfo // TypeDefIndex: 6940"
"608054","class","SchemaBuilder","6941","internal abstract class SchemaBuilder // TypeDefIndex: 6941"
"608084","class","SchemaCollectionCompiler","6942","internal sealed class SchemaCollectionCompiler : BaseProcessor // TypeDefIndex: 6942"
"608291","enum","SchemaCollectionPreprocessor.Compositor","6943","private enum SchemaCollectionPreprocessor.Compositor // TypeDefIndex: 6943"
"608301","class","SchemaCollectionPreprocessor","6944","internal sealed class SchemaCollectionPreprocessor : BaseProcessor // TypeDefIndex: 6944"
"608425","enum","SchemaDeclBase.Use","6945","internal enum SchemaDeclBase.Use // TypeDefIndex: 6945"
"608437","class","SchemaDeclBase","6946","internal abstract class SchemaDeclBase // TypeDefIndex: 6946"
"608550","class","SchemaElementDecl","6947","internal sealed class SchemaElementDecl : SchemaDeclBase, IDtdAttributeListInfo // TypeDefIndex: 6947"
"608702","class","SchemaEntity","6948","internal sealed class SchemaEntity : IDtdEntityInfo // TypeDefIndex: 6948"
"608860","enum","AttributeMatchState","6949","internal enum AttributeMatchState // TypeDefIndex: 6949"
"608877","class","SchemaInfo","6950","internal class SchemaInfo : IDtdInfo // TypeDefIndex: 6950"
"609013","enum","SchemaNames.Token","6951","public enum SchemaNames.Token // TypeDefIndex: 6951"
"609143","class","SchemaNames","6952","internal sealed class SchemaNames // TypeDefIndex: 6952"
"609307","class","SchemaNamespaceManager","6953","internal class SchemaNamespaceManager : XmlNamespaceManager // TypeDefIndex: 6953"
"609325","class","SchemaNotation","6954","internal sealed class SchemaNotation // TypeDefIndex: 6954"
"609359","class","Compiler","6955","internal sealed class Compiler : BaseProcessor // TypeDefIndex: 6955"
"609605","enum","SchemaType","6956","internal enum SchemaType // TypeDefIndex: 6956"
"609616","class","ValidationEventArgs","6957","public class ValidationEventArgs : EventArgs // TypeDefIndex: 6957"
"609642","class","ValidationEventHandler","6958","public sealed class ValidationEventHandler : MulticastDelegate // TypeDefIndex: 6958"
"609654","struct","StateUnion","6959","internal struct StateUnion // TypeDefIndex: 6959"
"609664","class","ValidationState","6960","internal sealed class ValidationState // TypeDefIndex: 6960"
"609693","class","XdrBuilder.DeclBaseInfo","6961","private sealed class XdrBuilder.DeclBaseInfo // TypeDefIndex: 6961"
"609719","class","XdrBuilder.GroupContent","6962","private sealed class XdrBuilder.GroupContent // TypeDefIndex: 6962"
"609741","class","XdrBuilder.ElementContent","6963","private sealed class XdrBuilder.ElementContent // TypeDefIndex: 6963"
"609766","class","XdrBuilder.AttributeContent","6964","private sealed class XdrBuilder.AttributeContent // TypeDefIndex: 6964"
"609789","class","XdrBuilder.XdrBuildFunction","6965","private sealed class XdrBuilder.XdrBuildFunction : MulticastDelegate // TypeDefIndex: 6965"
"609801","class","XdrBuilder.XdrInitFunction","6966","private sealed class XdrBuilder.XdrInitFunction : MulticastDelegate // TypeDefIndex: 6966"
"609813","class","XdrBuilder.XdrBeginChildFunction","6967","private sealed class XdrBuilder.XdrBeginChildFunction : MulticastDelegate // TypeDefIndex: 6967"
"609825","class","XdrBuilder.XdrEndChildFunction","6968","private sealed class XdrBuilder.XdrEndChildFunction : MulticastDelegate // TypeDefIndex: 6968"
"609837","class","XdrBuilder.XdrAttributeEntry","6969","private sealed class XdrBuilder.XdrAttributeEntry // TypeDefIndex: 6969"
"609855","class","XdrBuilder.XdrEntry","6970","private sealed class XdrBuilder.XdrEntry // TypeDefIndex: 6970"
"609873","class","XdrBuilder","6971","internal sealed class XdrBuilder : SchemaBuilder // TypeDefIndex: 6971"
"610179","class","XdrValidator","6972","internal sealed class XdrValidator : BaseValidator // TypeDefIndex: 6972"
"610281","struct","XmlAtomicValue.Union","6973","private struct XmlAtomicValue.Union // TypeDefIndex: 6973"
"610292","class","XmlAtomicValue.NamespacePrefixForQName","6974","private class XmlAtomicValue.NamespacePrefixForQName : IXmlNamespaceResolver // TypeDefIndex: 6974"
"610314","class","XmlAtomicValue","6975","public sealed class XmlAtomicValue : XPathItem, ICloneable // TypeDefIndex: 6975"
"610405","class","XmlSchema","6976","public class XmlSchema : XmlSchemaObject // TypeDefIndex: 6976"
"610671","class","XmlSchemaAll","6977","public class XmlSchemaAll : XmlSchemaGroupBase // TypeDefIndex: 6977"
"610697","class","XmlSchemaAnnotated","6978","public class XmlSchemaAnnotated : XmlSchemaObject // TypeDefIndex: 6978"
"610751","class","XmlSchemaAnnotation","6979","public class XmlSchemaAnnotation : XmlSchemaObject // TypeDefIndex: 6979"
"610792","class","XmlSchemaAny","6980","public class XmlSchemaAny : XmlSchemaParticle // TypeDefIndex: 6980"
"610850","class","XmlSchemaAnyAttribute","6981","public class XmlSchemaAnyAttribute : XmlSchemaAnnotated // TypeDefIndex: 6981"
"610908","class","XmlSchemaAppInfo","6982","public class XmlSchemaAppInfo : XmlSchemaObject // TypeDefIndex: 6982"
"610937","class","XmlSchemaAttribute","6983","public class XmlSchemaAttribute : XmlSchemaAnnotated // TypeDefIndex: 6983"
"611068","class","XmlSchemaAttributeGroup","6984","public class XmlSchemaAttributeGroup : XmlSchemaAnnotated // TypeDefIndex: 6984"
"611164","class","XmlSchemaAttributeGroupRef","6985","public class XmlSchemaAttributeGroupRef : XmlSchemaAnnotated // TypeDefIndex: 6985"
"611186","class","XmlSchemaChoice","6986","public class XmlSchemaChoice : XmlSchemaGroupBase // TypeDefIndex: 6986"
"611218","class","XmlSchemaCollection","6987","public sealed class XmlSchemaCollection : ICollection, IEnumerable // TypeDefIndex: 6987"
"611298","class","XmlSchemaCollectionNode","6988","internal sealed class XmlSchemaCollectionNode // TypeDefIndex: 6988"
"611332","class","XmlSchemaCollectionEnumerator","6989","public sealed class XmlSchemaCollectionEnumerator : IEnumerator // TypeDefIndex: 6989"
"611367","class","XmlSchemaCompilationSettings","6990","public sealed class XmlSchemaCompilationSettings // TypeDefIndex: 6990"
"611385","class","XmlSchemaComplexContent","6991","public class XmlSchemaComplexContent : XmlSchemaContentModel // TypeDefIndex: 6991"
"611423","class","XmlSchemaComplexContentExtension","6992","public class XmlSchemaComplexContentExtension : XmlSchemaContent // TypeDefIndex: 6992"
"611476","class","XmlSchemaComplexContentRestriction","6993","public class XmlSchemaComplexContentRestriction : XmlSchemaContent // TypeDefIndex: 6993"
"611529","class","XmlSchemaComplexType","6994","public class XmlSchemaComplexType : XmlSchemaType // TypeDefIndex: 6994"
"611713","class","XmlSchemaContent","6995","public abstract class XmlSchemaContent : XmlSchemaAnnotated // TypeDefIndex: 6995"
"611722","class","XmlSchemaContentModel","6996","public abstract class XmlSchemaContentModel : XmlSchemaAnnotated // TypeDefIndex: 6996"
"611741","enum","XmlSchemaContentProcessing","6997","public enum XmlSchemaContentProcessing // TypeDefIndex: 6997"
"611756","enum","XmlSchemaContentType","6998","public enum XmlSchemaContentType // TypeDefIndex: 6998"
"611767","class","XmlSchemaDatatype","6999","public abstract class XmlSchemaDatatype // TypeDefIndex: 6999"
"611877","enum","XmlSchemaDerivationMethod","7000","public enum XmlSchemaDerivationMethod // TypeDefIndex: 7000"
"611900","class","XmlSchemaDocumentation","7001","public class XmlSchemaDocumentation : XmlSchemaObject // TypeDefIndex: 7001"
"611936","class","XmlSchemaElement","7002","public class XmlSchemaElement : XmlSchemaParticle // TypeDefIndex: 7002"
"612162","class","XmlSchemaException","7003","public class XmlSchemaException : SystemException // TypeDefIndex: 7003"
"612264","class","XmlSchemaExternal","7004","public abstract class XmlSchemaExternal : XmlSchemaObject // TypeDefIndex: 7004"
"612333","enum","FacetType","7005","internal enum FacetType // TypeDefIndex: 7005"
"612353","class","XmlSchemaFacet","7006","public abstract class XmlSchemaFacet : XmlSchemaAnnotated // TypeDefIndex: 7006"
"612393","class","XmlSchemaNumericFacet","7007","public abstract class XmlSchemaNumericFacet : XmlSchemaFacet // TypeDefIndex: 7007"
"612402","class","XmlSchemaLengthFacet","7008","public class XmlSchemaLengthFacet : XmlSchemaNumericFacet // TypeDefIndex: 7008"
"612411","class","XmlSchemaMinLengthFacet","7009","public class XmlSchemaMinLengthFacet : XmlSchemaNumericFacet // TypeDefIndex: 7009"
"612420","class","XmlSchemaMaxLengthFacet","7010","public class XmlSchemaMaxLengthFacet : XmlSchemaNumericFacet // TypeDefIndex: 7010"
"612429","class","XmlSchemaPatternFacet","7011","public class XmlSchemaPatternFacet : XmlSchemaFacet // TypeDefIndex: 7011"
"612438","class","XmlSchemaEnumerationFacet","7012","public class XmlSchemaEnumerationFacet : XmlSchemaFacet // TypeDefIndex: 7012"
"612447","class","XmlSchemaMinExclusiveFacet","7013","public class XmlSchemaMinExclusiveFacet : XmlSchemaFacet // TypeDefIndex: 7013"
"612456","class","XmlSchemaMinInclusiveFacet","7014","public class XmlSchemaMinInclusiveFacet : XmlSchemaFacet // TypeDefIndex: 7014"
"612465","class","XmlSchemaMaxExclusiveFacet","7015","public class XmlSchemaMaxExclusiveFacet : XmlSchemaFacet // TypeDefIndex: 7015"
"612474","class","XmlSchemaMaxInclusiveFacet","7016","public class XmlSchemaMaxInclusiveFacet : XmlSchemaFacet // TypeDefIndex: 7016"
"612483","class","XmlSchemaTotalDigitsFacet","7017","public class XmlSchemaTotalDigitsFacet : XmlSchemaNumericFacet // TypeDefIndex: 7017"
"612492","class","XmlSchemaFractionDigitsFacet","7018","public class XmlSchemaFractionDigitsFacet : XmlSchemaNumericFacet // TypeDefIndex: 7018"
"612501","class","XmlSchemaWhiteSpaceFacet","7019","public class XmlSchemaWhiteSpaceFacet : XmlSchemaFacet // TypeDefIndex: 7019"
"612510","enum","XmlSchemaForm","7020","public enum XmlSchemaForm // TypeDefIndex: 7020"
"612523","class","XmlSchemaGroup","7021","public class XmlSchemaGroup : XmlSchemaAnnotated // TypeDefIndex: 7021"
"612606","class","XmlSchemaGroupBase","7022","public abstract class XmlSchemaGroupBase : XmlSchemaParticle // TypeDefIndex: 7022"
"612625","class","XmlSchemaGroupRef","7023","public class XmlSchemaGroupRef : XmlSchemaParticle // TypeDefIndex: 7023"
"612665","class","XmlSchemaIdentityConstraint","7024","public class XmlSchemaIdentityConstraint : XmlSchemaAnnotated // TypeDefIndex: 7024"
"612728","class","XmlSchemaXPath","7025","public class XmlSchemaXPath : XmlSchemaAnnotated // TypeDefIndex: 7025"
"612751","class","XmlSchemaUnique","7026","public class XmlSchemaUnique : XmlSchemaIdentityConstraint // TypeDefIndex: 7026"
"612760","class","XmlSchemaKey","7027","public class XmlSchemaKey : XmlSchemaIdentityConstraint // TypeDefIndex: 7027"
"612769","class","XmlSchemaKeyref","7028","public class XmlSchemaKeyref : XmlSchemaIdentityConstraint // TypeDefIndex: 7028"
"612791","class","XmlSchemaImport","7029","public class XmlSchemaImport : XmlSchemaExternal // TypeDefIndex: 7029"
"612817","class","XmlSchemaInclude","7030","public class XmlSchemaInclude : XmlSchemaExternal // TypeDefIndex: 7030"
"612832","class","XmlSchemaInfo","7031","public class XmlSchemaInfo : IXmlSchemaInfo // TypeDefIndex: 7031"
"612924","class","XmlSchemaNotation","7032","public class XmlSchemaNotation : XmlSchemaAnnotated // TypeDefIndex: 7032"
"612981","class","XmlSchemaObject","7033","public abstract class XmlSchemaObject // TypeDefIndex: 7033"
"613083","class","XmlSchemaObjectCollection","7034","public class XmlSchemaObjectCollection : CollectionBase // TypeDefIndex: 7034"
"613134","class","XmlSchemaObjectEnumerator","7035","public class XmlSchemaObjectEnumerator : IEnumerator // TypeDefIndex: 7035"
"613165","enum","XmlSchemaObjectTable.EnumeratorType","7036","internal enum XmlSchemaObjectTable.EnumeratorType // TypeDefIndex: 7036"
"613175","struct","XmlSchemaObjectTable.XmlSchemaObjectEntry","7037","internal struct XmlSchemaObjectTable.XmlSchemaObjectEntry // TypeDefIndex: 7037"
"613188","class","XmlSchemaObjectTable.ValuesCollection","7038","internal class XmlSchemaObjectTable.ValuesCollection : ICollection, IEnumerable // TypeDefIndex: 7038"
"613221","class","XmlSchemaObjectTable.XSOEnumerator","7039","internal class XmlSchemaObjectTable.XSOEnumerator : IEnumerator // TypeDefIndex: 7039"
"613250","class","XmlSchemaObjectTable.XSODictionaryEnumerator","7040","internal class XmlSchemaObjectTable.XSODictionaryEnumerator : XmlSchemaObjectTable.XSOEnumerator, IDictionaryEnumerator, IEnumerator // TypeDefIndex: 7040"
"613274","class","XmlSchemaObjectTable","7041","public class XmlSchemaObjectTable // TypeDefIndex: 7041"
"613326","enum","XmlSchemaParticle.Occurs","7042","private enum XmlSchemaParticle.Occurs // TypeDefIndex: 7042"
"613336","class","XmlSchemaParticle.EmptyParticle","7043","private class XmlSchemaParticle.EmptyParticle : XmlSchemaParticle // TypeDefIndex: 7043"
"613351","class","XmlSchemaParticle","7044","public abstract class XmlSchemaParticle : XmlSchemaAnnotated // TypeDefIndex: 7044"
"613414","class","XmlSchemaRedefine","7045","public class XmlSchemaRedefine : XmlSchemaExternal // TypeDefIndex: 7045"
"613458","class","XmlSchemaSequence","7046","public class XmlSchemaSequence : XmlSchemaGroupBase // TypeDefIndex: 7046"
"613488","class","XmlSchemaSet","7047","public class XmlSchemaSet // TypeDefIndex: 7047"
"613685","class","XmlSchemaSimpleContent","7048","public class XmlSchemaSimpleContent : XmlSchemaContentModel // TypeDefIndex: 7048"
"613708","class","XmlSchemaSimpleContentExtension","7049","public class XmlSchemaSimpleContentExtension : XmlSchemaContent // TypeDefIndex: 7049"
"613749","class","XmlSchemaSimpleContentRestriction","7050","public class XmlSchemaSimpleContentRestriction : XmlSchemaContent // TypeDefIndex: 7050"
"613816","class","XmlSchemaSimpleType","7051","public class XmlSchemaSimpleType : XmlSchemaType // TypeDefIndex: 7051"
"613843","class","XmlSchemaSimpleTypeContent","7052","public abstract class XmlSchemaSimpleTypeContent : XmlSchemaAnnotated // TypeDefIndex: 7052"
"613852","class","XmlSchemaSimpleTypeList","7053","public class XmlSchemaSimpleTypeList : XmlSchemaSimpleTypeContent // TypeDefIndex: 7053"
"613895","class","XmlSchemaSimpleTypeRestriction","7054","public class XmlSchemaSimpleTypeRestriction : XmlSchemaSimpleTypeContent // TypeDefIndex: 7054"
"613946","class","XmlSchemaSimpleTypeUnion","7055","public class XmlSchemaSimpleTypeUnion : XmlSchemaSimpleTypeContent // TypeDefIndex: 7055"
"613986","class","XmlSchemaSubstitutionGroup","7056","internal class XmlSchemaSubstitutionGroup : XmlSchemaObject // TypeDefIndex: 7056"
"614014","class","XmlSchemaSubstitutionGroupV1Compat","7057","internal class XmlSchemaSubstitutionGroupV1Compat : XmlSchemaSubstitutionGroup // TypeDefIndex: 7057"
"614033","class","XmlSchemaType","7058","public class XmlSchemaType : XmlSchemaAnnotated // TypeDefIndex: 7058"
"614176","enum","XmlSchemaUse","7059","public enum XmlSchemaUse // TypeDefIndex: 7059"
"614192","class","XmlSchemaValidationException","7060","public class XmlSchemaValidationException : XmlSchemaException // TypeDefIndex: 7060"
"614216","class","XmlValueGetter","7061","public sealed class XmlValueGetter : MulticastDelegate // TypeDefIndex: 7061"
"614229","enum","XmlSchemaValidationFlags","7062","public enum XmlSchemaValidationFlags // TypeDefIndex: 7062"
"614242","enum","ValidatorState","7063","internal enum ValidatorState // TypeDefIndex: 7063"
"614261","class","IdRefNode","7064","internal class IdRefNode // TypeDefIndex: 7064"
"614276","class","XmlSchemaValidator","7065","public sealed class XmlSchemaValidator // TypeDefIndex: 7065"
"614621","enum","XmlSchemaValidity","7066","public enum XmlSchemaValidity // TypeDefIndex: 7066"
"614631","enum","XmlSeverityType","7067","public enum XmlSeverityType // TypeDefIndex: 7067"
"614640","enum","XmlTypeCode","7068","public enum XmlTypeCode // TypeDefIndex: 7068"
"614702","class","XmlValueConverter","7069","internal abstract class XmlValueConverter // TypeDefIndex: 7069"
"614885","class","XmlBaseConverter","7070","internal abstract class XmlBaseConverter : XmlValueConverter // TypeDefIndex: 7070"
"615309","class","XmlNumeric10Converter","7071","internal class XmlNumeric10Converter : XmlBaseConverter // TypeDefIndex: 7071"
"615378","class","XmlNumeric2Converter","7072","internal class XmlNumeric2Converter : XmlBaseConverter // TypeDefIndex: 7072"
"615423","class","XmlDateTimeConverter","7073","internal class XmlDateTimeConverter : XmlBaseConverter // TypeDefIndex: 7073"
"615471","class","XmlBooleanConverter","7074","internal class XmlBooleanConverter : XmlBaseConverter // TypeDefIndex: 7074"
"615504","class","XmlMiscConverter","7075","internal class XmlMiscConverter : XmlBaseConverter // TypeDefIndex: 7075"
"615531","class","XmlStringConverter","7076","internal class XmlStringConverter : XmlBaseConverter // TypeDefIndex: 7076"
"615552","class","XmlUntypedConverter","7077","internal class XmlUntypedConverter : XmlListConverter // TypeDefIndex: 7077"
"615683","class","XmlAnyConverter","7078","internal class XmlAnyConverter : XmlBaseConverter // TypeDefIndex: 7078"
"615756","class","XmlAnyListConverter","7079","internal class XmlAnyListConverter : XmlListConverter // TypeDefIndex: 7079"
"615775","class","XmlListConverter","7080","internal class XmlListConverter : XmlBaseConverter // TypeDefIndex: 7080"
"615873","class","XmlUnionConverter","7081","internal class XmlUnionConverter : XmlBaseConverter // TypeDefIndex: 7081"
"615893","enum","XsdBuilder.State","7082","private enum XsdBuilder.State // TypeDefIndex: 7082"
"615948","class","XsdBuilder.XsdBuildFunction","7083","private sealed class XsdBuilder.XsdBuildFunction : MulticastDelegate // TypeDefIndex: 7083"
"615960","class","XsdBuilder.XsdInitFunction","7084","private sealed class XsdBuilder.XsdInitFunction : MulticastDelegate // TypeDefIndex: 7084"
"615972","class","XsdBuilder.XsdEndChildFunction","7085","private sealed class XsdBuilder.XsdEndChildFunction : MulticastDelegate // TypeDefIndex: 7085"
"615984","class","XsdBuilder.XsdAttributeEntry","7086","private sealed class XsdBuilder.XsdAttributeEntry // TypeDefIndex: 7086"
"615997","class","XsdBuilder.XsdEntry","7087","private sealed class XsdBuilder.XsdEntry // TypeDefIndex: 7087"
"616015","class","XsdBuilder.BuilderNamespaceManager","7088","private class XsdBuilder.BuilderNamespaceManager : XmlNamespaceManager // TypeDefIndex: 7088"
"616031","class","XsdBuilder","7089","internal sealed class XsdBuilder : SchemaBuilder // TypeDefIndex: 7089"
"616570","enum","XsdDateTimeFlags","7090","internal enum XsdDateTimeFlags // TypeDefIndex: 7090"
"616589","enum","XsdDateTime.DateTimeTypeCode","7091","private enum XsdDateTime.DateTimeTypeCode // TypeDefIndex: 7091"
"616605","enum","XsdDateTime.XsdDateTimeKind","7092","private enum XsdDateTime.XsdDateTimeKind // TypeDefIndex: 7092"
"616616","struct","XsdDateTime.Parser","7093","private struct XsdDateTime.Parser // TypeDefIndex: 7093"
"616671","struct","XsdDateTime","7094","internal struct XsdDateTime // TypeDefIndex: 7094"
"616798","enum","XsdDuration.Parts","7095","private enum XsdDuration.Parts // TypeDefIndex: 7095"
"616812","enum","XsdDuration.DurationType","7096","public enum XsdDuration.DurationType // TypeDefIndex: 7096"
"616822","struct","XsdDuration","7097","internal struct XsdDuration // TypeDefIndex: 7097"
"616913","class","XsdValidator","7098","internal sealed class XsdValidator : BaseValidator // TypeDefIndex: 7098"
"617055","enum","AstNode.AstType","7099","public enum AstNode.AstType // TypeDefIndex: 7099"
"617071","class","AstNode","7100","internal abstract class AstNode // TypeDefIndex: 7100"
"617090","enum","Axis.AxisType","7101","public enum Axis.AxisType // TypeDefIndex: 7101"
"617111","class","Axis","7102","internal class Axis : AstNode // TypeDefIndex: 7102"
"617176","class","Filter","7103","internal class Filter : AstNode // TypeDefIndex: 7103"
"617199","enum","Function.FunctionType","7104","public enum Function.FunctionType // TypeDefIndex: 7104"
"617234","class","Function","7105","internal class Function : AstNode // TypeDefIndex: 7105"
"617269","class","Group","7106","internal class Group : AstNode // TypeDefIndex: 7106"
"617291","class","Operand","7107","internal class Operand : AstNode // TypeDefIndex: 7107"
"617317","enum","Operator.Op","7108","public enum Operator.Op // TypeDefIndex: 7108"
"617339","class","Operator","7109","internal class Operator : AstNode // TypeDefIndex: 7109"
"617367","class","Root","7110","internal class Root : AstNode // TypeDefIndex: 7110"
"617386","class","Variable","7111","internal class Variable : AstNode // TypeDefIndex: 7111"
"617409","class","XPathParser.ParamInfo","7112","private class XPathParser.ParamInfo // TypeDefIndex: 7112"
"617442","class","XPathParser","7113","internal class XPathParser // TypeDefIndex: 7113"
"617559","enum","XPathScanner.LexKind","7114","public enum XPathScanner.LexKind // TypeDefIndex: 7114"
"617597","class","XPathScanner","7115","internal sealed class XPathScanner // TypeDefIndex: 7115"
"617673","class","XPathDocumentNavigator","7116","internal sealed class XPathDocumentNavigator : XPathNavigator, IXmlLineInfo // TypeDefIndex: 7116"
"617747","struct","XPathNode","7117","internal struct XPathNode // TypeDefIndex: 7117"
"617830","struct","XPathNodeRef","7118","internal struct XPathNodeRef // TypeDefIndex: 7118"
"617856","class","XPathNodeHelper","7119","internal abstract class XPathNodeHelper // TypeDefIndex: 7119"
"617880","class","XPathNodePageInfo","7120","internal sealed class XPathNodePageInfo // TypeDefIndex: 7120"
"617905","class","XPathNodeInfoAtom","7121","internal sealed class XPathNodeInfoAtom // TypeDefIndex: 7121"
"618095","struct","UnitySourceGeneratedAssemblyMonoScriptTypes_v1.MonoScriptData","7144","private struct UnitySourceGeneratedAssemblyMonoScriptTypes_v1.MonoScriptData // TypeDefIndex: 7144"
"618109","class","UnitySourceGeneratedAssemblyMonoScriptTypes_v1","7145","internal class UnitySourceGeneratedAssemblyMonoScriptTypes_v1 // TypeDefIndex: 7145"
"618122","class","ReflectionExtensions","7146","public static class ReflectionExtensions // TypeDefIndex: 7146"
"618132","class","CustomAttributeExtensions","7147","public static class CustomAttributeExtensions // TypeDefIndex: 7147"
"618146","class","GpmCommon","7148","public static class GpmCommon // TypeDefIndex: 7148"
"618169","class","UnityWebRequestHelper.","7149","private sealed class UnityWebRequestHelper.<SendWebRequestAndDispose>d__6 : IEnumerator<object>, IEnumerator, IDisposable // TypeDefIndex: 7149"
"618211","class","UnityWebRequestHelper","7150","public class UnityWebRequestHelper // TypeDefIndex: 7150"
"618250","class","GpmWebRequest.Result","7151","public class GpmWebRequest.Result // TypeDefIndex: 7151"
"618273","class","GpmWebRequest.","7152","private sealed class GpmWebRequest.<getRequestRoutine>d__11 : IEnumerator<object>, IEnumerator, IDisposable // TypeDefIndex: 7152"
"618314","class","GpmWebRequest.","7153","private sealed class GpmWebRequest.<postRequestRoutine>d__12 : IEnumerator<object>, IEnumerator, IDisposable // TypeDefIndex: 7153"
"618355","class","GpmWebRequest","7154","public class GpmWebRequest // TypeDefIndex: 7154"
"618396","class","ManagedCoroutine.","7155","private sealed class ManagedCoroutine.<Run>d__7 : IEnumerator<object>, IEnumerator, IDisposable // TypeDefIndex: 7155"
"618434","class","ManagedCoroutine","7156","public class ManagedCoroutine : CustomYieldInstruction // TypeDefIndex: 7156"
"618465","class","ManagedCoroutineInstance","7157","public class ManagedCoroutineInstance : MonoBehaviour // TypeDefIndex: 7157"
"618501","class","EditorCoroutine","7158","public class EditorCoroutine // TypeDefIndex: 7158"
"618537","class","GameObjectContainer","7159","public static class GameObjectContainer // TypeDefIndex: 7159"
"618558","class","MonoObject","7160","public class MonoObject : MonoBehaviour // TypeDefIndex: 7160"
"618567","class","GpmFileUtil","7161","public static class GpmFileUtil // TypeDefIndex: 7161"
"618591","class","GpmJsonMapper","7162","public static class GpmJsonMapper // TypeDefIndex: 7162"
"618670","class","GpmMessagePackMapper","7163","public static class GpmMessagePackMapper // TypeDefIndex: 7163"
"618709","class","GpmPathUtil","7164","public static class GpmPathUtil // TypeDefIndex: 7164"
"618721","class","Miscellaneous","7165","public static class Miscellaneous // TypeDefIndex: 7165"
"618751","enum","XmlHelper.ResponseCode","7166","public enum XmlHelper.ResponseCode // TypeDefIndex: 7166"
"618763","class","XmlHelper","7167","public static class XmlHelper // TypeDefIndex: 7167"
"618793","class","Lazy","7168","public class Lazy<T> // TypeDefIndex: 7168"
"618829","class","LazyReadOnlyCollection.LazyLoader","7169","private class LazyReadOnlyCollection.LazyLoader<T> : IEnumerator<T>, IEnumerator, IDisposable // TypeDefIndex: 7169"
"618912","class","LazyReadOnlyCollection.","7170","private sealed class LazyReadOnlyCollection.<>c<T> // TypeDefIndex: 7170"
"618955","class","LazyReadOnlyCollection","7171","internal class LazyReadOnlyCollection<T> : ICollection<T>, IEnumerable<T>, IEnumerable // TypeDefIndex: 7171"
"619102","class","ReadOnlyCollection","7172","internal class ReadOnlyCollection<T> : ICollection<T>, IEnumerable<T>, IEnumerable // TypeDefIndex: 7172"
"619226","class","Utility.","7173","private sealed class Utility.<AsEnumerable>d__13<T> : IEnumerable<T>, IEnumerable, IEnumerator<T>, IEnumerator, IDisposable // TypeDefIndex: 7173"
"619339","class","Utility","7174","internal static class Utility // TypeDefIndex: 7174"
"619520","class","AbstractWriter","7175","public abstract class AbstractWriter : IWriter, IDisposable // TypeDefIndex: 7175"
"619574","interface","IWriter","7176","public interface IWriter : IDisposable // TypeDefIndex: 7176"
"619591","class","IWriterExtensions.","7177","private sealed class IWriterExtensions.<>c // TypeDefIndex: 7177"
"619607","class","IWriterExtensions","7178","public static class IWriterExtensions // TypeDefIndex: 7178"
"619633","class","WriterFactory","7179","public static class WriterFactory // TypeDefIndex: 7179"
"619642","class","WriterOptions","7180","public class WriterOptions : OptionsBase // TypeDefIndex: 7180"
"619669","class","ZipCentralDirectoryEntry","7181","internal class ZipCentralDirectoryEntry // TypeDefIndex: 7181"
"619761","class","ZipWriter.ZipWritingStream","7182","internal class ZipWriter.ZipWritingStream : Stream // TypeDefIndex: 7182"
"619829","class","ZipWriter","7183","public class ZipWriter : AbstractWriter // TypeDefIndex: 7183"
"619880","class","ZipWriterEntryOptions","7184","public class ZipWriterEntryOptions // TypeDefIndex: 7184"
"619948","class","ZipWriterOptions","7185","public class ZipWriterOptions : WriterOptions // TypeDefIndex: 7185"
"619997","class","TarWriter","7186","public class TarWriter : AbstractWriter // TypeDefIndex: 7186"
"620024","class","TarWriterOptions","7187","public class TarWriterOptions : WriterOptions // TypeDefIndex: 7187"
"620047","class","GZipWriter","7188","public class GZipWriter : AbstractWriter // TypeDefIndex: 7188"
"620065","class","GZipWriterOptions","7189","public class GZipWriterOptions : WriterOptions // TypeDefIndex: 7189"
"620092","class","AbstractReader","7190","public abstract class AbstractReader<TEntry, TVolume> : IReader, IDisposable, IReaderExtractionListener, IExtractionListener // TypeDefIndex: 7190"
"620381","interface","IReader","7191","public interface IReader : IDisposable // TypeDefIndex: 7191"
"620438","class","IReaderExtensions.","7192","private sealed class IReaderExtensions.<>c__DisplayClass4_0 // TypeDefIndex: 7192"
"620455","class","IReaderExtensions","7193","public static class IReaderExtensions // TypeDefIndex: 7193"
"620481","interface","IReaderExtractionListener","7194","internal interface IReaderExtractionListener : IExtractionListener // TypeDefIndex: 7194"
"620490","class","ReaderFactory","7195","public static class ReaderFactory // TypeDefIndex: 7195"
"620499","class","ReaderOptions","7196","public class ReaderOptions : OptionsBase // TypeDefIndex: 7196"
"620534","class","ReaderProgress","7197","public class ReaderProgress // TypeDefIndex: 7197"
"620571","class","ZipReader.","7198","private sealed class ZipReader.<GetEntries>d__6 : IEnumerable<ZipEntry>, IEnumerable, IEnumerator<ZipEntry>, IEnumerator, IDisposable // TypeDefIndex: 7198"
"620624","class","ZipReader","7199","public class ZipReader : AbstractReader<ZipEntry, ZipVolume> // TypeDefIndex: 7199"
"620652","class","TarReader","7200","public class TarReader : AbstractReader<TarEntry, TarVolume> // TypeDefIndex: 7200"
"620682","class","MultiVolumeRarReader.MultiVolumeStreamEnumerator","7201","private class MultiVolumeRarReader.MultiVolumeStreamEnumerator : IEnumerable<FilePart>, IEnumerable, IEnumerator<FilePart>, IEnumerator, IDisposable // TypeDefIndex: 7201"
"620729","class","MultiVolumeRarReader","7202","internal class MultiVolumeRarReader : RarReader // TypeDefIndex: 7202"
"620754","class","NonSeekableStreamFilePart","7203","internal class NonSeekableStreamFilePart : RarFilePart // TypeDefIndex: 7203"
"620774","class","RarReader.","7204","private sealed class RarReader.<>c // TypeDefIndex: 7204"
"620798","class","RarReader.","7205","private sealed class RarReader.<GetEntries>d__13 : IEnumerable<RarReaderEntry>, IEnumerable, IEnumerator<RarReaderEntry>, IEnumerator, IDisposable // TypeDefIndex: 7205"
"620851","class","RarReader","7206","public abstract class RarReader : AbstractReader<RarReaderEntry, RarVolume> // TypeDefIndex: 7206"
"620902","class","RarReaderEntry","7207","public class RarReaderEntry : RarEntry // TypeDefIndex: 7207"
"620942","class","RarReaderVolume","7208","public class RarReaderVolume : RarVolume // TypeDefIndex: 7208"
"620957","class","SingleVolumeRarReader","7209","internal class SingleVolumeRarReader : RarReader // TypeDefIndex: 7209"
"620975","class","GZipReader","7210","public class GZipReader : AbstractReader<GZipEntry, GZipVolume> // TypeDefIndex: 7210"
"621001","class","BufferedSubStream","7211","internal class BufferedSubStream : NonDisposingStream // TypeDefIndex: 7211"
"621067","class","CountingWritableSubStream","7212","internal class CountingWritableSubStream : NonDisposingStream // TypeDefIndex: 7212"
"621132","class","ListeningStream","7213","internal class ListeningStream : Stream // TypeDefIndex: 7213"
"621198","class","MarkingBinaryReader","7214","internal class MarkingBinaryReader : BinaryReader // TypeDefIndex: 7214"
"621300","class","NonDisposingStream","7215","public class NonDisposingStream : Stream // TypeDefIndex: 7215"
"621372","class","ReadOnlySubStream","7216","internal class ReadOnlySubStream : NonDisposingStream // TypeDefIndex: 7216"
"621440","class","RewindableStream","7217","internal class RewindableStream : Stream // TypeDefIndex: 7217"
"621518","enum","StreamingMode","7218","internal enum StreamingMode // TypeDefIndex: 7218"
"621527","class","Crc32Stream","7219","internal sealed class Crc32Stream : Stream // TypeDefIndex: 7219"
"621616","class","CryptoException","7220","public class CryptoException : Exception // TypeDefIndex: 7220"
"621631","class","DataLengthException","7221","public class DataLengthException : CryptoException // TypeDefIndex: 7221"
"621646","interface","IBlockCipher","7222","public interface IBlockCipher // TypeDefIndex: 7222"
"621674","interface","ICipherParameters","7223","public interface ICipherParameters // TypeDefIndex: 7223"
"621678","class","KeyParameter","7224","public class KeyParameter : ICipherParameters // TypeDefIndex: 7224"
"621696","class","RijndaelEngine","7225","public class RijndaelEngine : IBlockCipher // TypeDefIndex: 7225"
"621810","class","DataConverter.CopyConverter","7226","private class DataConverter.CopyConverter : DataConverter // TypeDefIndex: 7226"
"621867","class","DataConverter.SwapConverter","7227","private class DataConverter.SwapConverter : DataConverter // TypeDefIndex: 7227"
"621924","class","DataConverter","7228","internal abstract class DataConverter // TypeDefIndex: 7228"
"622032","enum","CompressionMode","7229","public enum CompressionMode // TypeDefIndex: 7229"
"622042","class","BinaryUtils","7230","public static class BinaryUtils // TypeDefIndex: 7230"
"622072","enum","CheckType","7231","public enum CheckType // TypeDefIndex: 7231"
"622083","class","Crc32","7232","internal static class Crc32 // TypeDefIndex: 7232"
"622109","class","Crc64","7233","internal static class Crc64 // TypeDefIndex: 7233"
"622133","class","MultiByteIntegers","7234","internal static class MultiByteIntegers // TypeDefIndex: 7234"
"622143","class","ReadOnlyStream","7235","public abstract class ReadOnlyStream : Stream // TypeDefIndex: 7235"
"622204","class","XZBlock.","7236","private sealed class XZBlock.<>c // TypeDefIndex: 7236"
"622227","class","XZBlock","7237","internal sealed class XZBlock : XZReadOnlyStream // TypeDefIndex: 7237"
"622325","class","XZFooter","7238","public class XZFooter // TypeDefIndex: 7238"
"622379","class","XZHeader","7239","public class XZHeader // TypeDefIndex: 7239"
"622423","class","XZIndex.","7240","private sealed class XZIndex.<>c // TypeDefIndex: 7240"
"622442","class","XZIndex","7241","public class XZIndex // TypeDefIndex: 7241"
"622501","class","XZIndexMarkerReachedException","7242","public class XZIndexMarkerReachedException : Exception // TypeDefIndex: 7242"
"622510","class","XZIndexRecord","7243","public class XZIndexRecord // TypeDefIndex: 7243"
"622548","class","XZReadOnlyStream","7244","public abstract class XZReadOnlyStream : ReadOnlyStream // TypeDefIndex: 7244"
"622557","class","XZStream","7245","public sealed class XZStream : XZReadOnlyStream // TypeDefIndex: 7245"
"622640","enum","BlockFilter.FilterTypes","7246","public enum BlockFilter.FilterTypes // TypeDefIndex: 7246"
"622655","class","BlockFilter","7247","internal abstract class BlockFilter : ReadOnlyStream // TypeDefIndex: 7247"
"622707","class","Lzma2Filter","7248","internal class Lzma2Filter : BlockFilter // TypeDefIndex: 7248"
"622752","interface","IRarUnpack","7249","internal interface IRarUnpack // TypeDefIndex: 7249"
"622788","class","MultiVolumeReadOnlyStream","7250","internal class MultiVolumeReadOnlyStream : Stream // TypeDefIndex: 7250"
"622863","class","RarCRC","7251","internal static class RarCRC // TypeDefIndex: 7251"
"622881","class","RarCrcStream","7252","internal class RarCrcStream : RarStream // TypeDefIndex: 7252"
"622903","class","RarStream","7253","internal class RarStream : Stream // TypeDefIndex: 7253"
"622969","class","BitInput","7254","internal class BitInput // TypeDefIndex: 7254"
"623028","class","RarVM","7255","internal class RarVM : BitInput // TypeDefIndex: 7255"
"623121","class","VMCmdFlags","7256","internal class VMCmdFlags // TypeDefIndex: 7256"
"623145","enum","VMCommands","7257","internal enum VMCommands // TypeDefIndex: 7257"
"623207","enum","VMFlags","7258","internal enum VMFlags // TypeDefIndex: 7258"
"623218","enum","VMOpType","7259","internal enum VMOpType // TypeDefIndex: 7259"
"623229","class","VMPreparedCommand","7260","internal class VMPreparedCommand // TypeDefIndex: 7260"
"623278","class","VMPreparedOperand","7261","internal class VMPreparedOperand // TypeDefIndex: 7261"
"623335","class","VMPreparedProgram","7262","internal class VMPreparedProgram // TypeDefIndex: 7262"
"623386","class","VMStandardFilterSignature","7263","internal class VMStandardFilterSignature // TypeDefIndex: 7263"
"623420","enum","VMStandardFilters","7264","internal enum VMStandardFilters // TypeDefIndex: 7264"
"623435","class","BitInput","7265","internal class BitInput // TypeDefIndex: 7265"
"623476","class","FragmentedWindow","7266","internal class FragmentedWindow // TypeDefIndex: 7266"
"623517","class","PackDef","7267","internal static class PackDef // TypeDefIndex: 7267"
"623553","class","Unpack.Unpack15Local","7268","internal static class Unpack.Unpack15Local // TypeDefIndex: 7268"
"623568","class","Unpack.Unpack20Local","7269","internal static class Unpack.Unpack20Local // TypeDefIndex: 7269"
"623585","class","Unpack","7270","internal sealed class Unpack : BitInput, IRarUnpack // TypeDefIndex: 7270"
"623881","class","UnpackGlobal","7271","internal static class UnpackGlobal // TypeDefIndex: 7271"
"623893","class","DecodeTable","7272","internal sealed class DecodeTable // TypeDefIndex: 7272"
"623911","struct","UnpackBlockHeader","7273","internal struct UnpackBlockHeader // TypeDefIndex: 7273"
"623923","struct","UnpackBlockTables","7274","internal struct UnpackBlockTables // TypeDefIndex: 7274"
"623939","class","UnpackFilter","7275","internal class UnpackFilter // TypeDefIndex: 7275"
"623955","class","UnpackFilter30","7276","internal class UnpackFilter30 // TypeDefIndex: 7276"
"623970","class","AudioVariables","7277","internal class AudioVariables // TypeDefIndex: 7277"
"623994","class","Unpack","7278","internal sealed class Unpack : BitInput, IRarUnpack // TypeDefIndex: 7278"
"624386","class","UnpackFilter","7279","internal class UnpackFilter // TypeDefIndex: 7279"
"624482","class","UnpackUtility","7280","internal static class UnpackUtility // TypeDefIndex: 7280"
"624499","enum","BlockTypes","7281","internal enum BlockTypes // TypeDefIndex: 7281"
"624508","class","AudioVariables","7282","internal class AudioVariables // TypeDefIndex: 7282"
"624660","class","BitDecode","7283","internal class BitDecode : Decode // TypeDefIndex: 7283"
"624669","enum","CodeType","7284","internal enum CodeType // TypeDefIndex: 7284"
"624685","class","Decode","7285","internal class Decode // TypeDefIndex: 7285"
"624733","class","DistDecode","7286","internal class DistDecode : Decode // TypeDefIndex: 7286"
"624742","enum","FilterType","7287","internal enum FilterType // TypeDefIndex: 7287"
"624758","class","LitDecode","7288","internal class LitDecode : Decode // TypeDefIndex: 7288"
"624767","class","LowDistDecode","7289","internal class LowDistDecode : Decode // TypeDefIndex: 7289"
"624776","class","MultDecode","7290","internal class MultDecode : Decode // TypeDefIndex: 7290"
"624785","class","PackDef","7291","internal static class PackDef // TypeDefIndex: 7291"
"624814","class","RepDecode","7292","internal class RepDecode : Decode // TypeDefIndex: 7292"
"624823","class","PpmdProperties","7293","public class PpmdProperties // TypeDefIndex: 7293"
"624879","class","PpmdStream","7294","public class PpmdStream : Stream // TypeDefIndex: 7294"
"624941","enum","PpmdVersion","7295","public enum PpmdVersion // TypeDefIndex: 7295"
"624951","class","Allocator","7296","internal class Allocator // TypeDefIndex: 7296"
"625033","class","Coder","7297","internal class Coder // TypeDefIndex: 7297"
"625082","struct","MemoryNode","7298","internal struct MemoryNode // TypeDefIndex: 7298"
"625166","struct","Model.PpmContext","7299","internal struct Model.PpmContext // TypeDefIndex: 7299"
"625273","class","Model","7300","internal class Model // TypeDefIndex: 7300"
"625406","enum","ModelRestorationMethod","7301","internal enum ModelRestorationMethod // TypeDefIndex: 7301"
"625417","struct","Pointer","7302","internal struct Pointer // TypeDefIndex: 7302"
"625499","struct","PpmState","7303","internal struct PpmState // TypeDefIndex: 7303"
"625577","class","See2Context","7304","internal class See2Context // TypeDefIndex: 7304"
"625601","class","FreqData","7305","internal class FreqData : Pointer // TypeDefIndex: 7305"
"625640","class","ModelPpm","7306","internal class ModelPpm // TypeDefIndex: 7306"
"625845","class","PpmContext","7307","internal class PpmContext : Pointer // TypeDefIndex: 7307"
"625956","class","Pointer","7308","internal abstract class Pointer // TypeDefIndex: 7308"
"625999","class","RangeCoder","7309","internal class RangeCoder // TypeDefIndex: 7309"
"626057","class","SubRange","7310","internal class SubRange // TypeDefIndex: 7310"
"626100","class","RarMemBlock","7311","internal class RarMemBlock : Pointer // TypeDefIndex: 7311"
"626155","class","RarNode","7312","internal class RarNode : Pointer // TypeDefIndex: 7312"
"626180","class","See2Context","7313","internal class See2Context // TypeDefIndex: 7313"
"626234","class","State","7314","internal class State : Pointer // TypeDefIndex: 7314"
"626295","class","StateRef","7315","internal class StateRef // TypeDefIndex: 7315"
"626347","class","SubAllocator","7316","internal class SubAllocator // TypeDefIndex: 7316"
"626481","class","AesDecoderStream","7317","internal class AesDecoderStream : DecoderStream2 // TypeDefIndex: 7317"
"626526","class","Bcj2DecoderStream.RangeDecoder","7318","private class Bcj2DecoderStream.RangeDecoder // TypeDefIndex: 7318"
"626546","class","Bcj2DecoderStream.StatusDecoder","7319","private class Bcj2DecoderStream.StatusDecoder // TypeDefIndex: 7319"
"626568","class","Bcj2DecoderStream.","7320","private sealed class Bcj2DecoderStream.<Run>d__20 : IEnumerable<byte>, IEnumerable, IEnumerator<byte>, IEnumerator, IDisposable // TypeDefIndex: 7320"
"626620","class","Bcj2DecoderStream","7321","internal class Bcj2DecoderStream : DecoderStream2 // TypeDefIndex: 7321"
"626665","class","BitVector","7322","internal class BitVector // TypeDefIndex: 7322"
"626708","class","Crc","7323","internal static class Crc // TypeDefIndex: 7323"
"626742","class","DecoderStream2","7324","internal abstract class DecoderStream2 : Stream // TypeDefIndex: 7324"
"626788","class","DecoderStreamHelper","7325","internal static class DecoderStreamHelper // TypeDefIndex: 7325"
"626806","class","DataErrorException","7326","internal class DataErrorException : Exception // TypeDefIndex: 7326"
"626815","class","InvalidParamException","7327","internal class InvalidParamException : Exception // TypeDefIndex: 7327"
"626824","interface","ICodeProgress","7328","internal interface ICodeProgress // TypeDefIndex: 7328"
"626833","interface","ICoder","7329","internal interface ICoder // TypeDefIndex: 7329"
"626842","enum","CoderPropId","7330","internal enum CoderPropId // TypeDefIndex: 7330"
"626864","interface","ISetCoderProperties","7331","internal interface ISetCoderProperties // TypeDefIndex: 7331"
"626873","interface","IWriteCoderProperties","7332","internal interface IWriteCoderProperties // TypeDefIndex: 7332"
"626882","interface","ISetDecoderProperties","7333","internal interface ISetDecoderProperties // TypeDefIndex: 7333"
"626891","class","LZipStream","7334","public class LZipStream : Stream // TypeDefIndex: 7334"
"626978","class","Log","7335","internal static class Log // TypeDefIndex: 7335"
"627021","struct","Base.State","7336","public struct Base.State // TypeDefIndex: 7336"
"627048","class","Base","7337","internal abstract class Base // TypeDefIndex: 7337"
"627089","class","Decoder.LenDecoder","7338","private class Decoder.LenDecoder // TypeDefIndex: 7338"
"627115","struct","Decoder.LiteralDecoder.Decoder2","7339","private struct Decoder.LiteralDecoder.Decoder2 // TypeDefIndex: 7339"
"627136","class","Decoder.LiteralDecoder","7340","private class Decoder.LiteralDecoder // TypeDefIndex: 7340"
"627166","class","Decoder","7341","internal class Decoder : ICoder, ISetDecoderProperties // TypeDefIndex: 7341"
"627221","enum","Encoder.EMatchFinderType","7342","private enum Encoder.EMatchFinderType // TypeDefIndex: 7342"
"627230","struct","Encoder.LiteralEncoder.Encoder2","7343","public struct Encoder.LiteralEncoder.Encoder2 // TypeDefIndex: 7343"
"627254","class","Encoder.LiteralEncoder","7344","private class Encoder.LiteralEncoder // TypeDefIndex: 7344"
"627278","class","Encoder.LenEncoder","7345","private class Encoder.LenEncoder // TypeDefIndex: 7345"
"627303","class","Encoder.LenPriceTableEncoder","7346","private class Encoder.LenPriceTableEncoder : Encoder.LenEncoder // TypeDefIndex: 7346"
"627332","class","Encoder.Optimal","7347","private class Encoder.Optimal // TypeDefIndex: 7347"
"627364","class","Encoder","7348","internal class Encoder : ICoder, ISetCoderProperties, IWriteCoderProperties // TypeDefIndex: 7348"
"627533","class","LzmaEncoderProperties","7349","public class LzmaEncoderProperties // TypeDefIndex: 7349"
"627555","class","LzmaStream","7350","public class LzmaStream : Stream // TypeDefIndex: 7350"
"627652","class","DecoderRegistry","7351","internal static class DecoderRegistry // TypeDefIndex: 7351"
"627672","class","CrcBuilderStream","7352","internal class CrcBuilderStream : Stream // TypeDefIndex: 7352"
"627744","class","CrcCheckStream","7353","internal class CrcCheckStream : Stream // TypeDefIndex: 7353"
"627803","interface","IPasswordProvider","7354","internal interface IPasswordProvider // TypeDefIndex: 7354"
"627812","enum","BlockType","7355","internal enum BlockType // TypeDefIndex: 7355"
"627846","class","Utils","7356","internal static class Utils // TypeDefIndex: 7356"
"627860","class","Encoder","7357","internal class Encoder // TypeDefIndex: 7357"
"627910","class","Decoder","7358","internal class Decoder // TypeDefIndex: 7358"
"627959","struct","BitEncoder","7359","internal struct BitEncoder // TypeDefIndex: 7359"
"627995","struct","BitDecoder","7360","internal struct BitDecoder // TypeDefIndex: 7360"
"628016","struct","BitTreeEncoder","7361","internal struct BitTreeEncoder // TypeDefIndex: 7361"
"628050","struct","BitTreeDecoder","7362","internal struct BitTreeDecoder // TypeDefIndex: 7362"
"628075","class","BinTree","7363","internal class BinTree : InWindow // TypeDefIndex: 7363"
"628147","class","InWindow","7364","internal class InWindow // TypeDefIndex: 7364"
"628211","class","OutWindow","7365","internal class OutWindow // TypeDefIndex: 7365"
"628284","class","BCJ2Filter","7366","internal class BCJ2Filter : Stream // TypeDefIndex: 7366"
"628369","class","BCJFilter","7367","internal class BCJFilter : Filter // TypeDefIndex: 7367"
"628393","class","Filter","7368","internal abstract class Filter : Stream // TypeDefIndex: 7368"
"628458","enum","BlockType","7369","internal enum BlockType // TypeDefIndex: 7369"
"628468","class","Deflate64Stream","7370","public sealed class Deflate64Stream : Stream // TypeDefIndex: 7370"
"628554","struct","DeflateInput.InputState","7371","internal struct DeflateInput.InputState // TypeDefIndex: 7371"
"628567","class","DeflateInput","7372","internal sealed class DeflateInput // TypeDefIndex: 7372"
"628622","class","FastEncoderStatics","7373","internal static class FastEncoderStatics // TypeDefIndex: 7373"
"628660","class","HuffmanTree","7374","internal sealed class HuffmanTree // TypeDefIndex: 7374"
"628715","class","InflaterManaged","7375","internal sealed class InflaterManaged // TypeDefIndex: 7375"
"628789","enum","InflaterState","7376","internal enum InflaterState // TypeDefIndex: 7376"
"628819","class","InputBuffer","7377","internal sealed class InputBuffer // TypeDefIndex: 7377"
"628872","class","Match","7378","internal sealed class Match // TypeDefIndex: 7378"
"628929","enum","MatchState","7379","internal enum MatchState // TypeDefIndex: 7379"
"628939","class","OutputWindow","7380","internal sealed class OutputWindow // TypeDefIndex: 7380"
"628977","class","CRC32","7381","internal class CRC32 // TypeDefIndex: 7381"
"629035","enum","DeflateManager.BlockState","7382","internal enum DeflateManager.BlockState // TypeDefIndex: 7382"
"629046","enum","DeflateManager.DeflateFlavor","7383","internal enum DeflateManager.DeflateFlavor // TypeDefIndex: 7383"
"629056","class","DeflateManager.CompressFunc","7384","internal sealed class DeflateManager.CompressFunc : MulticastDelegate // TypeDefIndex: 7384"
"629074","class","DeflateManager.Config","7385","internal class DeflateManager.Config // TypeDefIndex: 7385"
"629097","class","DeflateManager.DeflateTree","7386","private sealed class DeflateManager.DeflateTree // TypeDefIndex: 7386"
"629136","class","DeflateManager","7387","internal sealed class DeflateManager // TypeDefIndex: 7387"
"629349","class","DeflateStream","7388","public class DeflateStream : Stream // TypeDefIndex: 7388"
"629444","enum","FlushType","7389","public enum FlushType // TypeDefIndex: 7389"
"629456","class","GZipStream","7390","public class GZipStream : Stream // TypeDefIndex: 7390"
"629588","class","InfTree","7391","internal sealed class InfTree // TypeDefIndex: 7391"
"629642","enum","InflateBlocks.InflateBlockMode","7392","private enum InflateBlocks.InflateBlockMode // TypeDefIndex: 7392"
"629659","class","InflateBlocks","7393","internal sealed class InflateBlocks // TypeDefIndex: 7393"
"629713","class","InternalInflateConstants","7394","internal static class InternalInflateConstants // TypeDefIndex: 7394"
"629725","class","InflateCodes","7395","internal sealed class InflateCodes // TypeDefIndex: 7395"
"629769","enum","InflateManager.InflateManagerMode","7396","private enum InflateManager.InflateManagerMode // TypeDefIndex: 7396"
"629790","class","InflateManager","7397","internal sealed class InflateManager // TypeDefIndex: 7397"
"629852","enum","CompressionLevel","7398","public enum CompressionLevel // TypeDefIndex: 7398"
"629873","enum","CompressionStrategy","7399","public enum CompressionStrategy // TypeDefIndex: 7399"
"629883","class","ZlibException","7400","public class ZlibException : Exception // TypeDefIndex: 7400"
"629895","class","SharedUtils","7401","internal class SharedUtils // TypeDefIndex: 7401"
"629910","class","InternalConstants","7402","internal static class InternalConstants // TypeDefIndex: 7402"
"629931","class","StaticTree","7403","internal sealed class StaticTree // TypeDefIndex: 7403"
"629956","class","Adler","7404","internal sealed class Adler // TypeDefIndex: 7404"
"629975","enum","ZlibStreamFlavor","7405","internal enum ZlibStreamFlavor // TypeDefIndex: 7405"
"629985","enum","ZlibBaseStream.StreamMode","7406","internal enum ZlibBaseStream.StreamMode // TypeDefIndex: 7406"
"629995","class","ZlibBaseStream","7407","internal class ZlibBaseStream : Stream // TypeDefIndex: 7407"
"630096","class","ZlibCodec","7408","internal sealed class ZlibCodec // TypeDefIndex: 7408"
"630191","class","ZlibConstants","7409","internal static class ZlibConstants // TypeDefIndex: 7409"
"630207","class","ZlibStream","7410","public class ZlibStream : Stream // TypeDefIndex: 7410"
"630297","class","BZip2Constants","7411","internal class BZip2Constants // TypeDefIndex: 7411"
"630322","class","BZip2Stream","7412","public class BZip2Stream : Stream // TypeDefIndex: 7412"
"630397","class","CBZip2InputStream","7413","internal class CBZip2InputStream : Stream // TypeDefIndex: 7413"
"630600","class","CBZip2OutputStream.StackElem","7414","internal class CBZip2OutputStream.StackElem // TypeDefIndex: 7414"
"630614","class","CBZip2OutputStream","7415","internal class CBZip2OutputStream : Stream // TypeDefIndex: 7415"
"630803","class","CRC","7416","internal class CRC // TypeDefIndex: 7416"
"630834","class","ADCBase","7417","public static class ADCBase // TypeDefIndex: 7417"
"630860","class","ADCStream","7418","public class ADCStream : Stream // TypeDefIndex: 7418"
"630919","class","ArchiveEncoding","7419","public class ArchiveEncoding // TypeDefIndex: 7419"
"630998","class","ArchiveException","7420","public class ArchiveException : Exception // TypeDefIndex: 7420"
"631007","class","ArchiveExtractionEventArgs","7421","public class ArchiveExtractionEventArgs<T> : EventArgs // TypeDefIndex: 7421"
"631043","enum","ArchiveType","7422","public enum ArchiveType // TypeDefIndex: 7422"
"631055","class","CompressedBytesReadEventArgs","7423","public class CompressedBytesReadEventArgs : EventArgs // TypeDefIndex: 7423"
"631090","enum","CompressionType","7424","public enum CompressionType // TypeDefIndex: 7424"
"631110","class","CryptographicException","7425","public class CryptographicException : Exception // TypeDefIndex: 7425"
"631119","class","Entry","7426","public abstract class Entry : IEntry // TypeDefIndex: 7426"
"631209","class","EntryStream","7427","public class EntryStream : Stream // TypeDefIndex: 7427"
"631273","class","ExtractionException","7428","public class ExtractionException : Exception // TypeDefIndex: 7428"
"631285","class","ExtractionMethods","7429","internal static class ExtractionMethods // TypeDefIndex: 7429"
"631297","class","ExtractionOptions.SymbolicLinkWriterDelegate","7430","public sealed class ExtractionOptions.SymbolicLinkWriterDelegate : MulticastDelegate // TypeDefIndex: 7430"
"631315","class","ExtractionOptions","7431","public class ExtractionOptions // TypeDefIndex: 7431"
"631373","class","FilePart","7432","public abstract class FilePart // TypeDefIndex: 7432"
"631414","class","FilePartExtractionBeginEventArgs","7433","public class FilePartExtractionBeginEventArgs : EventArgs // TypeDefIndex: 7433"
"631460","class","FlagUtility","7434","internal static class FlagUtility // TypeDefIndex: 7434"
"631517","class","EntryExtensions","7435","internal static class EntryExtensions // TypeDefIndex: 7435"
"631527","interface","IEntry","7436","public interface IEntry // TypeDefIndex: 7436"
"631591","interface","IExtractionListener","7437","internal interface IExtractionListener // TypeDefIndex: 7437"
"631603","interface","IVolume","7438","public interface IVolume : IDisposable // TypeDefIndex: 7438"
"631607","class","IncompleteArchiveException","7439","public class IncompleteArchiveException : ArchiveException // TypeDefIndex: 7439"
"631616","class","InvalidFormatException","7440","public class InvalidFormatException : ExtractionException // TypeDefIndex: 7440"
"631628","class","MultiVolumeExtractionException","7441","public class MultiVolumeExtractionException : ExtractionException // TypeDefIndex: 7441"
"631640","class","MultipartStreamRequiredException","7442","public class MultipartStreamRequiredException : ExtractionException // TypeDefIndex: 7442"
"631649","class","OptionsBase","7443","public class OptionsBase // TypeDefIndex: 7443"
"631684","class","PasswordProtectedException","7444","public class PasswordProtectedException : ExtractionException // TypeDefIndex: 7444"
"631696","class","ReaderExtractionEventArgs","7445","public class ReaderExtractionEventArgs<T> : EventArgs // TypeDefIndex: 7445"
"631747","class","Volume","7446","public abstract class Volume : IVolume, IDisposable // TypeDefIndex: 7446"
"631786","enum","CryptoMode","7447","internal enum CryptoMode // TypeDefIndex: 7447"
"631795","class","PkwareTraditionalCryptoStream","7448","internal class PkwareTraditionalCryptoStream : Stream // TypeDefIndex: 7448"
"631853","class","PkwareTraditionalEncryptionData","7449","internal class PkwareTraditionalEncryptionData // TypeDefIndex: 7449"
"631894","class","SeekableZipFilePart","7450","internal class SeekableZipFilePart : ZipFilePart // TypeDefIndex: 7450"
"631924","class","SeekableZipHeaderFactory.","7451","private sealed class SeekableZipHeaderFactory.<ReadSeekableHeader>d__3 : IEnumerable<ZipHeader>, IEnumerable, IEnumerator<ZipHeader>, IEnumerator, IDisposable // TypeDefIndex: 7451"
"631975","class","SeekableZipHeaderFactory","7452","internal class SeekableZipHeaderFactory : ZipHeaderFactory // TypeDefIndex: 7452"
"631998","class","StreamingZipFilePart","7453","internal class StreamingZipFilePart : ZipFilePart // TypeDefIndex: 7453"
"632020","class","StreamingZipHeaderFactory.","7454","private sealed class StreamingZipHeaderFactory.<ReadStreamHeader>d__1 : IEnumerable<ZipHeader>, IEnumerable, IEnumerator<ZipHeader>, IEnumerator, IDisposable // TypeDefIndex: 7454"
"632070","class","StreamingZipHeaderFactory","7455","internal class StreamingZipHeaderFactory : ZipHeaderFactory // TypeDefIndex: 7455"
"632083","class","WinzipAesCryptoStream","7456","internal class WinzipAesCryptoStream : Stream // TypeDefIndex: 7456"
"632159","class","WinzipAesEncryptionData","7457","internal class WinzipAesEncryptionData // TypeDefIndex: 7457"
"632210","enum","WinzipAesKeySize","7458","internal enum WinzipAesKeySize // TypeDefIndex: 7458"
"632220","enum","ZipCompressionMethod","7459","internal enum ZipCompressionMethod // TypeDefIndex: 7459"
"632234","class","ZipEntry","7460","public class ZipEntry : Entry // TypeDefIndex: 7460"
"632309","class","ZipFilePart.","7461","private sealed class ZipFilePart.<>c // TypeDefIndex: 7461"
"632328","class","ZipFilePart","7462","internal abstract class ZipFilePart : FilePart // TypeDefIndex: 7462"
"632384","class","ZipHeaderFactory.","7463","private sealed class ZipHeaderFactory.<>c // TypeDefIndex: 7463"
"632403","class","ZipHeaderFactory","7464","internal class ZipHeaderFactory // TypeDefIndex: 7464"
"632435","class","ZipVolume","7465","public class ZipVolume : Volume // TypeDefIndex: 7465"
"632459","class","DirectoryEndHeader","7466","internal class DirectoryEndHeader : ZipHeader // TypeDefIndex: 7466"
"632569","class","DirectoryEntryHeader.","7467","private sealed class DirectoryEntryHeader.<>c // TypeDefIndex: 7467"
"632588","class","DirectoryEntryHeader","7468","internal class DirectoryEntryHeader : ZipFileEntry // TypeDefIndex: 7468"
"632682","enum","HeaderFlags","7469","internal enum HeaderFlags // TypeDefIndex: 7469"
"632696","class","IgnoreHeader","7470","internal class IgnoreHeader : ZipHeader // TypeDefIndex: 7470"
"632710","class","LocalEntryHeader.","7471","private sealed class LocalEntryHeader.<>c // TypeDefIndex: 7471"
"632729","class","LocalEntryHeader","7472","internal class LocalEntryHeader : ZipFileEntry // TypeDefIndex: 7472"
"632756","enum","ExtraDataType","7473","internal enum ExtraDataType // TypeDefIndex: 7473"
"632767","class","ExtraData","7474","internal class ExtraData // TypeDefIndex: 7474"
"632813","class","ExtraUnicodePathExtraField","7475","internal class ExtraUnicodePathExtraField : ExtraData // TypeDefIndex: 7475"
"632836","class","Zip64ExtendedInformationExtraField","7476","internal class Zip64ExtendedInformationExtraField : ExtraData // TypeDefIndex: 7476"
"632896","class","LocalEntryHeaderExtraFactory","7477","internal static class LocalEntryHeaderExtraFactory // TypeDefIndex: 7477"
"632905","class","SplitHeader","7478","internal class SplitHeader : ZipHeader // TypeDefIndex: 7478"
"632917","class","Zip64DirectoryEndHeader","7479","internal class Zip64DirectoryEndHeader : ZipHeader // TypeDefIndex: 7479"
"633044","class","Zip64DirectoryEndLocatorHeader","7480","internal class Zip64DirectoryEndLocatorHeader : ZipHeader // TypeDefIndex: 7480"
"633093","class","ZipFileEntry","7481","internal abstract class ZipFileEntry : ZipHeader // TypeDefIndex: 7481"
"633281","class","ZipHeader","7482","internal abstract class ZipHeader // TypeDefIndex: 7482"
"633315","enum","ZipHeaderType","7483","internal enum ZipHeaderType // TypeDefIndex: 7483"
"633330","class","TarEntry.","7484","private sealed class TarEntry.<GetEntries>d__31 : IEnumerable<TarEntry>, IEnumerable, IEnumerator<TarEntry>, IEnumerator, IDisposable // TypeDefIndex: 7484"
"633388","class","TarEntry","7485","public class TarEntry : Entry // TypeDefIndex: 7485"
"633465","class","TarFilePart","7486","internal class TarFilePart : FilePart // TypeDefIndex: 7486"
"633497","class","TarHeaderFactory.","7487","private sealed class TarHeaderFactory.<ReadHeader>d__0 : IEnumerable<TarHeader>, IEnumerable, IEnumerator<TarHeader>, IEnumerator, IDisposable // TypeDefIndex: 7487"
"633549","class","TarHeaderFactory","7488","internal static class TarHeaderFactory // TypeDefIndex: 7488"
"633562","class","TarReadOnlySubStream","7489","internal class TarReadOnlySubStream : NonDisposingStream // TypeDefIndex: 7489"
"633632","class","TarVolume","7490","public class TarVolume : Volume // TypeDefIndex: 7490"
"633641","enum","EntryType","7491","internal enum EntryType // TypeDefIndex: 7491"
"633661","class","TarHeader","7492","internal class TarHeader // TypeDefIndex: 7492"
"633819","class","ArchiveDatabase","7493","internal class ArchiveDatabase // TypeDefIndex: 7493"
"633881","class","ArchiveReader.CExtractFolderInfo","7494","internal class ArchiveReader.CExtractFolderInfo // TypeDefIndex: 7494"
"633895","class","ArchiveReader.FolderUnpackStream","7495","private class ArchiveReader.FolderUnpackStream : Stream // TypeDefIndex: 7495"
"633959","class","ArchiveReader.","7496","private sealed class ArchiveReader.<>c__DisplayClass25_0 // TypeDefIndex: 7496"
"633976","class","ArchiveReader.","7497","private sealed class ArchiveReader.<>c__DisplayClass34_0 // TypeDefIndex: 7497"
"634008","class","ArchiveReader","7498","internal class ArchiveReader // TypeDefIndex: 7498"
"634134","class","CBindPair","7499","internal class CBindPair // TypeDefIndex: 7499"
"634147","class","CCoderInfo","7500","internal class CCoderInfo // TypeDefIndex: 7500"
"634162","class","CFileItem","7501","internal class CFileItem // TypeDefIndex: 7501"
"634307","class","CFolder","7502","internal class CFolder // TypeDefIndex: 7502"
"634351","struct","CMethodId","7503","internal struct CMethodId // TypeDefIndex: 7503"
"634392","struct","CStreamSwitch","7504","internal struct CStreamSwitch : IDisposable // TypeDefIndex: 7504"
"634412","class","DataReader","7505","internal class DataReader // TypeDefIndex: 7505"
"634471","class","SevenZipEntry","7506","public class SevenZipEntry : Entry // TypeDefIndex: 7506"
"634551","class","SevenZipFilePart","7507","internal class SevenZipFilePart : FilePart // TypeDefIndex: 7507"
"634614","class","SevenZipVolume","7508","public class SevenZipVolume : Volume // TypeDefIndex: 7508"
"634623","class","RarCrcBinaryReader","7509","internal class RarCrcBinaryReader : MarkingBinaryReader // TypeDefIndex: 7509"
"634653","class","RarCryptoBinaryReader","7510","internal class RarCryptoBinaryReader : RarCrcBinaryReader // TypeDefIndex: 7510"
"634703","class","RarCryptoWrapper","7511","internal class RarCryptoWrapper : Stream // TypeDefIndex: 7511"
"634768","class","RarEntry","7512","public abstract class RarEntry : Entry // TypeDefIndex: 7512"
"634830","class","RarFilePart","7513","internal abstract class RarFilePart : FilePart // TypeDefIndex: 7513"
"634860","class","RarRijndael","7514","internal class RarRijndael : IDisposable // TypeDefIndex: 7514"
"634889","class","RarVolume.","7515","private sealed class RarVolume.<GetVolumeFileParts>d__10 : IEnumerable<RarFilePart>, IEnumerable, IEnumerator<RarFilePart>, IEnumerator, IDisposable // TypeDefIndex: 7515"
"634941","class","RarVolume","7516","public abstract class RarVolume : Volume // TypeDefIndex: 7516"
"634995","class","AvHeader","7517","internal class AvHeader : RarHeader // TypeDefIndex: 7517"
"635055","class","ArchiveCryptHeader","7518","internal class ArchiveCryptHeader : RarHeader // TypeDefIndex: 7518"
"635082","class","ArchiveHeader","7519","internal class ArchiveHeader : RarHeader // TypeDefIndex: 7519"
"635179","class","CommentHeader","7520","internal class CommentHeader : RarHeader // TypeDefIndex: 7520"
"635239","class","EndArchiveHeader","7521","internal class EndArchiveHeader : RarHeader // TypeDefIndex: 7521"
"635291","class","FileHeader","7522","internal class FileHeader : RarHeader // TypeDefIndex: 7522"
"635568","class","FileNameDecoder","7523","internal static class FileNameDecoder // TypeDefIndex: 7523"
"635580","enum","HeaderType","7524","internal enum HeaderType // TypeDefIndex: 7524"
"635599","class","HeaderCodeV","7525","internal static class HeaderCodeV // TypeDefIndex: 7525"
"635620","class","HeaderFlagsV4","7526","internal static class HeaderFlagsV4 // TypeDefIndex: 7526"
"635627","class","EncryptionFlagsV5","7527","internal static class EncryptionFlagsV5 // TypeDefIndex: 7527"
"635636","class","HeaderFlagsV5","7528","internal static class HeaderFlagsV5 // TypeDefIndex: 7528"
"635649","class","ArchiveFlagsV4","7529","internal static class ArchiveFlagsV4 // TypeDefIndex: 7529"
"635665","class","ArchiveFlagsV5","7530","internal static class ArchiveFlagsV5 // TypeDefIndex: 7530"
"635676","class","HostOsV4","7531","internal static class HostOsV4 // TypeDefIndex: 7531"
"635688","class","HostOsV5","7532","internal static class HostOsV5 // TypeDefIndex: 7532"
"635696","class","FileFlagsV4","7533","internal static class FileFlagsV4 // TypeDefIndex: 7533"
"635722","class","FileFlagsV5","7534","internal static class FileFlagsV5 // TypeDefIndex: 7534"
"635732","class","EndArchiveFlagsV4","7535","internal static class EndArchiveFlagsV4 // TypeDefIndex: 7535"
"635742","class","EndArchiveFlagsV5","7536","internal static class EndArchiveFlagsV5 // TypeDefIndex: 7536"
"635749","interface","IRarHeader","7537","internal interface IRarHeader // TypeDefIndex: 7537"
"635761","class","MarkHeader","7538","internal class MarkHeader : IRarHeader // TypeDefIndex: 7538"
"635803","class","NewSubHeaderType","7539","internal class NewSubHeaderType : IEquatable<NewSubHeaderType> // TypeDefIndex: 7539"
"635826","class","ProtectHeader","7540","internal class ProtectHeader : RarHeader // TypeDefIndex: 7540"
"635890","class","RarHeader","7541","internal class RarHeader : IRarHeader // TypeDefIndex: 7541"
"635981","class","RarHeaderFactory.","7542","private sealed class RarHeaderFactory.<ReadHeaders>d__12 : IEnumerable<IRarHeader>, IEnumerable, IEnumerator<IRarHeader>, IEnumerator, IDisposable // TypeDefIndex: 7542"
"636031","class","RarHeaderFactory","7543","internal class RarHeaderFactory // TypeDefIndex: 7543"
"636080","class","SignHeader","7544","internal class SignHeader : RarHeader // TypeDefIndex: 7544"
"636130","class","GZipEntry.","7545","private sealed class GZipEntry.<GetEntries>d__30 : IEnumerable<GZipEntry>, IEnumerable, IEnumerator<GZipEntry>, IEnumerator, IDisposable // TypeDefIndex: 7545"
"636180","class","GZipEntry","7546","public class GZipEntry : Entry // TypeDefIndex: 7546"
"636254","class","GZipFilePart","7547","internal class GZipFilePart : FilePart // TypeDefIndex: 7547"
"636303","class","GZipVolume","7548","public class GZipVolume : Volume // TypeDefIndex: 7548"
"636327","class","AbstractArchive.","7549","private sealed class AbstractArchive.<>c<TEntry, TVolume> // TypeDefIndex: 7549"
"636418","class","AbstractArchive","7550","public abstract class AbstractArchive<TEntry, TVolume> : IArchive, IDisposable, IArchiveExtractionListener, IExtractionListener // TypeDefIndex: 7550"
"636816","class","AbstractWritableArchive.","7551","private sealed class AbstractWritableArchive.<>c<TEntry, TVolume> // TypeDefIndex: 7551"
"636907","class","AbstractWritableArchive","7552","public abstract class AbstractWritableArchive<TEntry, TVolume> : AbstractArchive<TEntry, TVolume>, IWritableArchive, IArchive, IDisposable // TypeDefIndex: 7552"
"637128","class","ArchiveFactory","7553","public class ArchiveFactory // TypeDefIndex: 7553"
"637152","interface","IArchive","7554","public interface IArchive : IDisposable // TypeDefIndex: 7554"
"637223","interface","IArchiveEntry","7555","public interface IArchiveEntry : IEntry // TypeDefIndex: 7555"
"637243","class","IArchiveEntryExtensions.","7556","private sealed class IArchiveEntryExtensions.<>c__DisplayClass2_0 // TypeDefIndex: 7556"
"637260","class","IArchiveEntryExtensions","7557","public static class IArchiveEntryExtensions // TypeDefIndex: 7557"
"637280","class","IArchiveExtensions.","7558","private sealed class IArchiveExtensions.<>c // TypeDefIndex: 7558"
"637300","class","IArchiveExtensions","7559","public static class IArchiveExtensions // TypeDefIndex: 7559"
"637310","interface","IArchiveExtractionListener","7560","internal interface IArchiveExtractionListener : IExtractionListener // TypeDefIndex: 7560"
"637325","interface","IWritableArchive","7561","public interface IWritableArchive : IArchive, IDisposable // TypeDefIndex: 7561"
"637340","interface","IWritableArchiveEntry","7562","internal interface IWritableArchiveEntry // TypeDefIndex: 7562"
"637353","class","IWritableArchiveExtensions","7563","public static class IWritableArchiveExtensions // TypeDefIndex: 7563"
"637381","class","ZipArchive.","7564","private sealed class ZipArchive.<>c // TypeDefIndex: 7564"
"637405","class","ZipArchive.","7565","private sealed class ZipArchive.<LoadEntries>d__16 : IEnumerable<ZipArchiveEntry>, IEnumerable, IEnumerator<ZipArchiveEntry>, IEnumerator, IDisposable // TypeDefIndex: 7565"
"637460","class","ZipArchive","7566","public class ZipArchive : AbstractWritableArchive<ZipArchiveEntry, ZipVolume> // TypeDefIndex: 7566"
"637534","class","ZipArchiveEntry","7567","public class ZipArchiveEntry : ZipEntry, IArchiveEntry, IEntry // TypeDefIndex: 7567"
"637565","class","ZipWritableArchiveEntry","7568","internal class ZipWritableArchiveEntry : ZipArchiveEntry, IWritableArchiveEntry // TypeDefIndex: 7568"
"637650","class","TarArchive.","7569","private sealed class TarArchive.<>c // TypeDefIndex: 7569"
"637670","class","TarArchive.","7570","private sealed class TarArchive.<LoadEntries>d__11 : IEnumerable<TarArchiveEntry>, IEnumerable, IEnumerator<TarArchiveEntry>, IEnumerator, IDisposable // TypeDefIndex: 7570"
"637725","class","TarArchive","7571","public class TarArchive : AbstractWritableArchive<TarArchiveEntry, TarVolume> // TypeDefIndex: 7571"
"637780","class","TarArchiveEntry","7572","public class TarArchiveEntry : TarEntry, IArchiveEntry, IEntry // TypeDefIndex: 7572"
"637807","class","TarWritableArchiveEntry","7573","internal class TarWritableArchiveEntry : TarArchiveEntry, IWritableArchiveEntry // TypeDefIndex: 7573"
"637891","class","SevenZipArchive.SevenZipReader.","7574","private sealed class SevenZipArchive.SevenZipReader.<>c // TypeDefIndex: 7574"
"637919","class","SevenZipArchive.SevenZipReader.","7575","private sealed class SevenZipArchive.SevenZipReader.<GetEntries>d__7 : IEnumerable<SevenZipEntry>, IEnumerable, IEnumerator<SevenZipEntry>, IEnumerator, IDisposable // TypeDefIndex: 7575"
"637980","class","SevenZipArchive.SevenZipReader","7576","private class SevenZipArchive.SevenZipReader : AbstractReader<SevenZipEntry, SevenZipVolume> // TypeDefIndex: 7576"
"638008","class","SevenZipArchive.PasswordProvider","7577","private class SevenZipArchive.PasswordProvider : IPasswordProvider // TypeDefIndex: 7577"
"638025","class","SevenZipArchive.","7578","private sealed class SevenZipArchive.<>c // TypeDefIndex: 7578"
"638053","class","SevenZipArchive.","7579","private sealed class SevenZipArchive.<LoadEntries>d__11 : IEnumerable<SevenZipArchiveEntry>, IEnumerable, IEnumerator<SevenZipArchiveEntry>, IEnumerator, IDisposable // TypeDefIndex: 7579"
"638105","class","SevenZipArchive.","7580","private sealed class SevenZipArchive.<LoadVolumes>d__10 : IEnumerable<SevenZipVolume>, IEnumerable, IEnumerator<SevenZipVolume>, IEnumerator, IDisposable // TypeDefIndex: 7580"
"638158","class","SevenZipArchive","7581","public class SevenZipArchive : AbstractArchive<SevenZipArchiveEntry, SevenZipVolume> // TypeDefIndex: 7581"
"638228","class","SevenZipArchiveEntry","7582","public class SevenZipArchiveEntry : SevenZipEntry, IArchiveEntry, IEntry // TypeDefIndex: 7582"
"638259","class","FileInfoRarArchiveVolume","7583","internal class FileInfoRarArchiveVolume : RarVolume // TypeDefIndex: 7583"
"638295","class","FileInfoRarFilePart","7584","internal class FileInfoRarFilePart : SeekableFilePart // TypeDefIndex: 7584"
"638320","class","RarArchiveExtensions","7585","public static class RarArchiveExtensions // TypeDefIndex: 7585"
"638336","class","RarArchive.","7586","private sealed class RarArchive.<>c // TypeDefIndex: 7586"
"638367","class","RarArchive","7587","public class RarArchive : AbstractArchive<RarArchiveEntry, RarVolume> // TypeDefIndex: 7587"
"638436","class","RarArchiveEntry.","7588","private sealed class RarArchiveEntry.<>c // TypeDefIndex: 7588"
"638471","class","RarArchiveEntry","7589","public class RarArchiveEntry : RarEntry, IArchiveEntry, IEntry // TypeDefIndex: 7589"
"638525","class","RarArchiveEntryFactory.","7590","private sealed class RarArchiveEntryFactory.<GetEntries>d__2 : IEnumerable<RarArchiveEntry>, IEnumerable, IEnumerator<RarArchiveEntry>, IEnumerator, IDisposable // TypeDefIndex: 7590"
"638580","class","RarArchiveEntryFactory.","7591","private sealed class RarArchiveEntryFactory.<GetFileParts>d__0 : IEnumerable<RarFilePart>, IEnumerable, IEnumerator<RarFilePart>, IEnumerator, IDisposable // TypeDefIndex: 7591"
"638637","class","RarArchiveEntryFactory.","7592","private sealed class RarArchiveEntryFactory.<GetMatchedFileParts>d__1 : IEnumerable<IEnumerable<RarFilePart>>, IEnumerable, IEnumerator<IEnumerable<RarFilePart>>, IEnumerator, IDisposable // TypeDefIndex: 7592"
"638689","class","RarArchiveEntryFactory","7593","internal static class RarArchiveEntryFactory // TypeDefIndex: 7593"
"638708","class","RarArchiveVolumeFactory.","7594","private sealed class RarArchiveVolumeFactory.<GetParts>d__0 : IEnumerable<RarVolume>, IEnumerable, IEnumerator<RarVolume>, IEnumerator, IDisposable // TypeDefIndex: 7594"
"638763","class","RarArchiveVolumeFactory.","7595","private sealed class RarArchiveVolumeFactory.<GetParts>d__1 : IEnumerable<RarVolume>, IEnumerable, IEnumerator<RarVolume>, IEnumerator, IDisposable // TypeDefIndex: 7595"
"638815","class","RarArchiveVolumeFactory","7596","internal static class RarArchiveVolumeFactory // TypeDefIndex: 7596"
"638841","class","SeekableFilePart","7597","internal class SeekableFilePart : RarFilePart // TypeDefIndex: 7597"
"638863","class","StreamRarArchiveVolume","7598","internal class StreamRarArchiveVolume : RarVolume // TypeDefIndex: 7598"
"638880","class","GZipArchive.","7599","private sealed class GZipArchive.<>c // TypeDefIndex: 7599"
"638900","class","GZipArchive.","7600","private sealed class GZipArchive.<LoadEntries>d__16 : IEnumerable<GZipArchiveEntry>, IEnumerable, IEnumerator<GZipArchiveEntry>, IEnumerator, IDisposable // TypeDefIndex: 7600"
"638949","class","GZipArchive","7601","public class GZipArchive : AbstractWritableArchive<GZipArchiveEntry, GZipVolume> // TypeDefIndex: 7601"
"639010","class","GZipArchiveEntry","7602","public class GZipArchiveEntry : GZipEntry, IArchiveEntry, IEntry // TypeDefIndex: 7602"
"639037","class","GZipWritableArchiveEntry","7603","internal class GZipWritableArchiveEntry : GZipArchiveEntry, IWritableArchiveEntry // TypeDefIndex: 7603"
"639120","class","MessagePackObjectAttribute","7604","public class MessagePackObjectAttribute : Attribute // TypeDefIndex: 7604"
"639145","class","KeyAttribute","7605","public class KeyAttribute : Attribute // TypeDefIndex: 7605"
"639184","class","IgnoreMemberAttribute","7606","public class IgnoreMemberAttribute : Attribute // TypeDefIndex: 7606"
"639194","class","UnionAttribute","7607","public class UnionAttribute : Attribute // TypeDefIndex: 7607"
"639230","class","SerializationConstructorAttribute","7608","public class SerializationConstructorAttribute : Attribute // TypeDefIndex: 7608"
"639240","class","MessagePackFormatterAttribute","7609","public class MessagePackFormatterAttribute : Attribute // TypeDefIndex: 7609"
"639278","struct","Float32Bits","7610","internal struct Float32Bits // TypeDefIndex: 7610"
"639297","struct","Float64Bits","7611","internal struct Float64Bits // TypeDefIndex: 7611"
"639320","interface","IFormatterResolver","7612","public interface IFormatterResolver // TypeDefIndex: 7612"
"639336","class","FormatterResolverExtensions","7613","public static class FormatterResolverExtensions // TypeDefIndex: 7613"
"639511","class","FormatterNotRegisteredException","7614","public class FormatterNotRegisteredException : Exception // TypeDefIndex: 7614"
"639520","interface","IMessagePackSerializationCallbackReceiver","7615","public interface IMessagePackSerializationCallbackReceiver // TypeDefIndex: 7615"
"639532","enum","TinyJsonToken","7616","internal enum TinyJsonToken // TypeDefIndex: 7616"
"639549","enum","ValueType","7617","internal enum ValueType // TypeDefIndex: 7617"
"639564","class","TinyJsonException","7618","internal class TinyJsonException : Exception // TypeDefIndex: 7618"
"639573","class","TinyJsonReader","7619","internal class TinyJsonReader : IDisposable // TypeDefIndex: 7619"
"639693","class","LZ4MessagePackSerializer","7620","public static class LZ4MessagePackSerializer // TypeDefIndex: 7620"
"639878","class","MessagePackBinary.StreamDecodeMemoryPool","7621","private static class MessagePackBinary.StreamDecodeMemoryPool // TypeDefIndex: 7621"
"639891","class","MessagePackBinary","7622","public static class MessagePackBinary // TypeDefIndex: 7622"
"640363","struct","ExtensionResult","7623","public struct ExtensionResult // TypeDefIndex: 7623"
"640400","struct","ExtensionHeader","7624","public struct ExtensionHeader // TypeDefIndex: 7624"
"640437","enum","MessagePackType","7625","public enum MessagePackType // TypeDefIndex: 7625"
"640454","class","MessagePackCode","7626","public static class MessagePackCode // TypeDefIndex: 7626"
"640515","class","ReservedMessagePackExtensionTypeCode","7627","public static class ReservedMessagePackExtensionTypeCode // TypeDefIndex: 7627"
"640522","class","MessagePackRange","7628","public static class MessagePackRange // TypeDefIndex: 7628"
"640535","class","MessagePackSerializer","7629","public static class MessagePackSerializer // TypeDefIndex: 7629"
"640737","struct","Nil","7630","public struct Nil : IEquatable<Nil> // TypeDefIndex: 7630"
"640761","class","StringEncoding","7631","internal static class StringEncoding // TypeDefIndex: 7631"
"640773","class","Vector2Formatter","7632","public sealed class Vector2Formatter : IMessagePackFormatter<Vector2>, IMessagePackFormatter // TypeDefIndex: 7632"
"640788","class","Vector3Formatter","7633","public sealed class Vector3Formatter : IMessagePackFormatter<Vector3>, IMessagePackFormatter // TypeDefIndex: 7633"
"640803","class","Vector4Formatter","7634","public sealed class Vector4Formatter : IMessagePackFormatter<Vector4>, IMessagePackFormatter // TypeDefIndex: 7634"
"640818","class","QuaternionFormatter","7635","public sealed class QuaternionFormatter : IMessagePackFormatter<Quaternion>, IMessagePackFormatter // TypeDefIndex: 7635"
"640833","class","ColorFormatter","7636","public sealed class ColorFormatter : IMessagePackFormatter<Color>, IMessagePackFormatter // TypeDefIndex: 7636"
"640848","class","BoundsFormatter","7637","public sealed class BoundsFormatter : IMessagePackFormatter<Bounds>, IMessagePackFormatter // TypeDefIndex: 7637"
"640863","class","RectFormatter","7638","public sealed class RectFormatter : IMessagePackFormatter<Rect>, IMessagePackFormatter // TypeDefIndex: 7638"
"640878","class","WrapModeFormatter","7639","public sealed class WrapModeFormatter : IMessagePackFormatter<WrapMode>, IMessagePackFormatter // TypeDefIndex: 7639"
"640893","class","GradientModeFormatter","7640","public sealed class GradientModeFormatter : IMessagePackFormatter<GradientMode>, IMessagePackFormatter // TypeDefIndex: 7640"
"640908","class","KeyframeFormatter","7641","public sealed class KeyframeFormatter : IMessagePackFormatter<Keyframe>, IMessagePackFormatter // TypeDefIndex: 7641"
"640923","class","AnimationCurveFormatter","7642","public sealed class AnimationCurveFormatter : IMessagePackFormatter<AnimationCurve>, IMessagePackFormatter // TypeDefIndex: 7642"
"640938","class","Matrix4x4Formatter","7643","public sealed class Matrix4x4Formatter : IMessagePackFormatter<Matrix4x4>, IMessagePackFormatter // TypeDefIndex: 7643"
"640953","class","GradientColorKeyFormatter","7644","public sealed class GradientColorKeyFormatter : IMessagePackFormatter<GradientColorKey>, IMessagePackFormatter // TypeDefIndex: 7644"
"640968","class","GradientAlphaKeyFormatter","7645","public sealed class GradientAlphaKeyFormatter : IMessagePackFormatter<GradientAlphaKey>, IMessagePackFormatter // TypeDefIndex: 7645"
"640983","class","GradientFormatter","7646","public sealed class GradientFormatter : IMessagePackFormatter<Gradient>, IMessagePackFormatter // TypeDefIndex: 7646"
"640998","class","Color32Formatter","7647","public sealed class Color32Formatter : IMessagePackFormatter<Color32>, IMessagePackFormatter // TypeDefIndex: 7647"
"641013","class","RectOffsetFormatter","7648","public sealed class RectOffsetFormatter : IMessagePackFormatter<RectOffset>, IMessagePackFormatter // TypeDefIndex: 7648"
"641028","class","LayerMaskFormatter","7649","public sealed class LayerMaskFormatter : IMessagePackFormatter<LayerMask>, IMessagePackFormatter // TypeDefIndex: 7649"
"641043","class","Vector2IntFormatter","7650","public sealed class Vector2IntFormatter : IMessagePackFormatter<Vector2Int>, IMessagePackFormatter // TypeDefIndex: 7650"
"641058","class","Vector3IntFormatter","7651","public sealed class Vector3IntFormatter : IMessagePackFormatter<Vector3Int>, IMessagePackFormatter // TypeDefIndex: 7651"
"641073","class","RangeIntFormatter","7652","public sealed class RangeIntFormatter : IMessagePackFormatter<RangeInt>, IMessagePackFormatter // TypeDefIndex: 7652"
"641088","class","RectIntFormatter","7653","public sealed class RectIntFormatter : IMessagePackFormatter<RectInt>, IMessagePackFormatter // TypeDefIndex: 7653"
"641103","class","BoundsIntFormatter","7654","public sealed class BoundsIntFormatter : IMessagePackFormatter<BoundsInt>, IMessagePackFormatter // TypeDefIndex: 7654"
"641118","class","UnityResolver.FormatterCache","7655","private static class UnityResolver.FormatterCache<T> // TypeDefIndex: 7655"
"641291","class","UnityResolver","7656","public class UnityResolver : IFormatterResolver // TypeDefIndex: 7656"
"641470","class","UnityResolveryResolverGetFormatterHelper","7657","internal static class UnityResolveryResolverGetFormatterHelper // TypeDefIndex: 7657"
"641485","class","AttributeFormatterResolver.FormatterCache","7658","private static class AttributeFormatterResolver.FormatterCache<T> // TypeDefIndex: 7658"
"641658","class","AttributeFormatterResolver","7659","public sealed class AttributeFormatterResolver : IFormatterResolver // TypeDefIndex: 7659"
"641837","class","BuiltinResolver.FormatterCache","7660","private static class BuiltinResolver.FormatterCache<T> // TypeDefIndex: 7660"
"642010","class","BuiltinResolver","7661","public sealed class BuiltinResolver : IFormatterResolver // TypeDefIndex: 7661"
"642189","class","CompositeResolver.FormatterCache","7662","private static class CompositeResolver.FormatterCache<T> // TypeDefIndex: 7662"
"642362","class","CompositeResolver","7663","public sealed class CompositeResolver : IFormatterResolver // TypeDefIndex: 7663"
"642562","class","DynamicEnumAsStringResolver.FormatterCache","7664","private static class DynamicEnumAsStringResolver.FormatterCache<T> // TypeDefIndex: 7664"
"642735","class","DynamicEnumAsStringResolver","7665","public sealed class DynamicEnumAsStringResolver : IFormatterResolver // TypeDefIndex: 7665"
"642914","class","DynamicGenericResolver.FormatterCache","7666","private static class DynamicGenericResolver.FormatterCache<T> // TypeDefIndex: 7666"
"643087","class","DynamicGenericResolver","7667","public sealed class DynamicGenericResolver : IFormatterResolver // TypeDefIndex: 7667"
"643266","class","NativeDateTimeResolver.FormatterCache","7668","private static class NativeDateTimeResolver.FormatterCache<T> // TypeDefIndex: 7668"
"643439","class","NativeDateTimeResolver","7669","public sealed class NativeDateTimeResolver : IFormatterResolver // TypeDefIndex: 7669"
"643618","class","OldSpecResolver.FormatterCache","7670","private static class OldSpecResolver.FormatterCache<T> // TypeDefIndex: 7670"
"643791","class","OldSpecResolver","7671","public sealed class OldSpecResolver : IFormatterResolver // TypeDefIndex: 7671"
"643970","class","PrimitiveObjectResolver.FormatterCache","7672","private static class PrimitiveObjectResolver.FormatterCache<T> // TypeDefIndex: 7672"
"644143","class","PrimitiveObjectResolver","7673","public sealed class PrimitiveObjectResolver : IFormatterResolver // TypeDefIndex: 7673"
"644322","class","StandardResolver.FormatterCache","7674","private static class StandardResolver.FormatterCache<T> // TypeDefIndex: 7674"
"644495","class","StandardResolver","7675","public sealed class StandardResolver : IFormatterResolver // TypeDefIndex: 7675"
"644674","class","ContractlessStandardResolver.FormatterCache","7676","private static class ContractlessStandardResolver.FormatterCache<T> // TypeDefIndex: 7676"
"644847","class","ContractlessStandardResolver","7677","public sealed class ContractlessStandardResolver : IFormatterResolver // TypeDefIndex: 7677"
"645026","class","StandardResolverAllowPrivate.FormatterCache","7678","private static class StandardResolverAllowPrivate.FormatterCache<T> // TypeDefIndex: 7678"
"645199","class","StandardResolverAllowPrivate","7679","public sealed class StandardResolverAllowPrivate : IFormatterResolver // TypeDefIndex: 7679"
"645378","class","ContractlessStandardResolverAllowPrivate.FormatterCache","7680","private static class ContractlessStandardResolverAllowPrivate.FormatterCache<T> // TypeDefIndex: 7680"
"645551","class","ContractlessStandardResolverAllowPrivate","7681","public sealed class ContractlessStandardResolverAllowPrivate : IFormatterResolver // TypeDefIndex: 7681"
"645730","interface","IMapHeaderDecoder","7682","internal interface IMapHeaderDecoder // TypeDefIndex: 7682"
"645739","class","FixMapHeader","7683","internal sealed class FixMapHeader : IMapHeaderDecoder // TypeDefIndex: 7683"
"645757","class","Map16Header","7684","internal sealed class Map16Header : IMapHeaderDecoder // TypeDefIndex: 7684"
"645775","class","Map32Header","7685","internal sealed class Map32Header : IMapHeaderDecoder // TypeDefIndex: 7685"
"645793","class","InvalidMapHeader","7686","internal sealed class InvalidMapHeader : IMapHeaderDecoder // TypeDefIndex: 7686"
"645811","interface","IArrayHeaderDecoder","7687","internal interface IArrayHeaderDecoder // TypeDefIndex: 7687"
"645820","class","FixArrayHeader","7688","internal sealed class FixArrayHeader : IArrayHeaderDecoder // TypeDefIndex: 7688"
"645838","class","Array16Header","7689","internal sealed class Array16Header : IArrayHeaderDecoder // TypeDefIndex: 7689"
"645856","class","Array32Header","7690","internal sealed class Array32Header : IArrayHeaderDecoder // TypeDefIndex: 7690"
"645874","class","InvalidArrayHeader","7691","internal sealed class InvalidArrayHeader : IArrayHeaderDecoder // TypeDefIndex: 7691"
"645892","interface","IBooleanDecoder","7692","internal interface IBooleanDecoder // TypeDefIndex: 7692"
"645901","class","True","7693","internal sealed class True : IBooleanDecoder // TypeDefIndex: 7693"
"645919","class","False","7694","internal sealed class False : IBooleanDecoder // TypeDefIndex: 7694"
"645937","class","InvalidBoolean","7695","internal sealed class InvalidBoolean : IBooleanDecoder // TypeDefIndex: 7695"
"645955","interface","IByteDecoder","7696","internal interface IByteDecoder // TypeDefIndex: 7696"
"645964","class","FixByte","7697","internal sealed class FixByte : IByteDecoder // TypeDefIndex: 7697"
"645982","class","UInt8Byte","7698","internal sealed class UInt8Byte : IByteDecoder // TypeDefIndex: 7698"
"646000","class","InvalidByte","7699","internal sealed class InvalidByte : IByteDecoder // TypeDefIndex: 7699"
"646018","interface","IBytesDecoder","7700","internal interface IBytesDecoder // TypeDefIndex: 7700"
"646027","class","NilBytes","7701","internal sealed class NilBytes : IBytesDecoder // TypeDefIndex: 7701"
"646045","class","Bin8Bytes","7702","internal sealed class Bin8Bytes : IBytesDecoder // TypeDefIndex: 7702"
"646063","class","Bin16Bytes","7703","internal sealed class Bin16Bytes : IBytesDecoder // TypeDefIndex: 7703"
"646081","class","Bin32Bytes","7704","internal sealed class Bin32Bytes : IBytesDecoder // TypeDefIndex: 7704"
"646099","class","InvalidBytes","7705","internal sealed class InvalidBytes : IBytesDecoder // TypeDefIndex: 7705"
"646117","interface","IBytesSegmentDecoder","7706","internal interface IBytesSegmentDecoder // TypeDefIndex: 7706"
"646126","class","NilBytesSegment","7707","internal sealed class NilBytesSegment : IBytesSegmentDecoder // TypeDefIndex: 7707"
"646144","class","Bin8BytesSegment","7708","internal sealed class Bin8BytesSegment : IBytesSegmentDecoder // TypeDefIndex: 7708"
"646162","class","Bin16BytesSegment","7709","internal sealed class Bin16BytesSegment : IBytesSegmentDecoder // TypeDefIndex: 7709"
"646180","class","Bin32BytesSegment","7710","internal sealed class Bin32BytesSegment : IBytesSegmentDecoder // TypeDefIndex: 7710"
"646198","class","InvalidBytesSegment","7711","internal sealed class InvalidBytesSegment : IBytesSegmentDecoder // TypeDefIndex: 7711"
"646216","interface","ISByteDecoder","7712","internal interface ISByteDecoder // TypeDefIndex: 7712"
"646225","class","FixSByte","7713","internal sealed class FixSByte : ISByteDecoder // TypeDefIndex: 7713"
"646243","class","Int8SByte","7714","internal sealed class Int8SByte : ISByteDecoder // TypeDefIndex: 7714"
"646261","class","InvalidSByte","7715","internal sealed class InvalidSByte : ISByteDecoder // TypeDefIndex: 7715"
"646279","interface","ISingleDecoder","7716","internal interface ISingleDecoder // TypeDefIndex: 7716"
"646288","class","FixNegativeFloat","7717","internal sealed class FixNegativeFloat : ISingleDecoder // TypeDefIndex: 7717"
"646306","class","FixFloat","7718","internal sealed class FixFloat : ISingleDecoder // TypeDefIndex: 7718"
"646324","class","Int8Single","7719","internal sealed class Int8Single : ISingleDecoder // TypeDefIndex: 7719"
"646342","class","Int16Single","7720","internal sealed class Int16Single : ISingleDecoder // TypeDefIndex: 7720"
"646360","class","Int32Single","7721","internal sealed class Int32Single : ISingleDecoder // TypeDefIndex: 7721"
"646378","class","Int64Single","7722","internal sealed class Int64Single : ISingleDecoder // TypeDefIndex: 7722"
"646396","class","UInt8Single","7723","internal sealed class UInt8Single : ISingleDecoder // TypeDefIndex: 7723"
"646414","class","UInt16Single","7724","internal sealed class UInt16Single : ISingleDecoder // TypeDefIndex: 7724"
"646432","class","UInt32Single","7725","internal sealed class UInt32Single : ISingleDecoder // TypeDefIndex: 7725"
"646450","class","UInt64Single","7726","internal sealed class UInt64Single : ISingleDecoder // TypeDefIndex: 7726"
"646468","class","Float32Single","7727","internal sealed class Float32Single : ISingleDecoder // TypeDefIndex: 7727"
"646486","class","InvalidSingle","7728","internal sealed class InvalidSingle : ISingleDecoder // TypeDefIndex: 7728"
"646504","interface","IDoubleDecoder","7729","internal interface IDoubleDecoder // TypeDefIndex: 7729"
"646513","class","FixNegativeDouble","7730","internal sealed class FixNegativeDouble : IDoubleDecoder // TypeDefIndex: 7730"
"646531","class","FixDouble","7731","internal sealed class FixDouble : IDoubleDecoder // TypeDefIndex: 7731"
"646549","class","Int8Double","7732","internal sealed class Int8Double : IDoubleDecoder // TypeDefIndex: 7732"
"646567","class","Int16Double","7733","internal sealed class Int16Double : IDoubleDecoder // TypeDefIndex: 7733"
"646585","class","Int32Double","7734","internal sealed class Int32Double : IDoubleDecoder // TypeDefIndex: 7734"
"646603","class","Int64Double","7735","internal sealed class Int64Double : IDoubleDecoder // TypeDefIndex: 7735"
"646621","class","UInt8Double","7736","internal sealed class UInt8Double : IDoubleDecoder // TypeDefIndex: 7736"
"646639","class","UInt16Double","7737","internal sealed class UInt16Double : IDoubleDecoder // TypeDefIndex: 7737"
"646657","class","UInt32Double","7738","internal sealed class UInt32Double : IDoubleDecoder // TypeDefIndex: 7738"
"646675","class","UInt64Double","7739","internal sealed class UInt64Double : IDoubleDecoder // TypeDefIndex: 7739"
"646693","class","Float32Double","7740","internal sealed class Float32Double : IDoubleDecoder // TypeDefIndex: 7740"
"646711","class","Float64Double","7741","internal sealed class Float64Double : IDoubleDecoder // TypeDefIndex: 7741"
"646729","class","InvalidDouble","7742","internal sealed class InvalidDouble : IDoubleDecoder // TypeDefIndex: 7742"
"646747","interface","IInt16Decoder","7743","internal interface IInt16Decoder // TypeDefIndex: 7743"
"646756","class","FixNegativeInt16","7744","internal sealed class FixNegativeInt16 : IInt16Decoder // TypeDefIndex: 7744"
"646774","class","FixInt16","7745","internal sealed class FixInt16 : IInt16Decoder // TypeDefIndex: 7745"
"646792","class","UInt8Int16","7746","internal sealed class UInt8Int16 : IInt16Decoder // TypeDefIndex: 7746"
"646810","class","UInt16Int16","7747","internal sealed class UInt16Int16 : IInt16Decoder // TypeDefIndex: 7747"
"646828","class","Int8Int16","7748","internal sealed class Int8Int16 : IInt16Decoder // TypeDefIndex: 7748"
"646846","class","Int16Int16","7749","internal sealed class Int16Int16 : IInt16Decoder // TypeDefIndex: 7749"
"646864","class","InvalidInt16","7750","internal sealed class InvalidInt16 : IInt16Decoder // TypeDefIndex: 7750"
"646882","interface","IInt32Decoder","7751","internal interface IInt32Decoder // TypeDefIndex: 7751"
"646891","class","FixNegativeInt32","7752","internal sealed class FixNegativeInt32 : IInt32Decoder // TypeDefIndex: 7752"
"646909","class","FixInt32","7753","internal sealed class FixInt32 : IInt32Decoder // TypeDefIndex: 7753"
"646927","class","UInt8Int32","7754","internal sealed class UInt8Int32 : IInt32Decoder // TypeDefIndex: 7754"
"646945","class","UInt16Int32","7755","internal sealed class UInt16Int32 : IInt32Decoder // TypeDefIndex: 7755"
"646963","class","UInt32Int32","7756","internal sealed class UInt32Int32 : IInt32Decoder // TypeDefIndex: 7756"
"646981","class","Int8Int32","7757","internal sealed class Int8Int32 : IInt32Decoder // TypeDefIndex: 7757"
"646999","class","Int16Int32","7758","internal sealed class Int16Int32 : IInt32Decoder // TypeDefIndex: 7758"
"647017","class","Int32Int32","7759","internal sealed class Int32Int32 : IInt32Decoder // TypeDefIndex: 7759"
"647035","class","InvalidInt32","7760","internal sealed class InvalidInt32 : IInt32Decoder // TypeDefIndex: 7760"
"647053","interface","IInt64Decoder","7761","internal interface IInt64Decoder // TypeDefIndex: 7761"
"647062","class","FixNegativeInt64","7762","internal sealed class FixNegativeInt64 : IInt64Decoder // TypeDefIndex: 7762"
"647080","class","FixInt64","7763","internal sealed class FixInt64 : IInt64Decoder // TypeDefIndex: 7763"
"647098","class","UInt8Int64","7764","internal sealed class UInt8Int64 : IInt64Decoder // TypeDefIndex: 7764"
"647116","class","UInt16Int64","7765","internal sealed class UInt16Int64 : IInt64Decoder // TypeDefIndex: 7765"
"647134","class","UInt32Int64","7766","internal sealed class UInt32Int64 : IInt64Decoder // TypeDefIndex: 7766"
"647152","class","UInt64Int64","7767","internal sealed class UInt64Int64 : IInt64Decoder // TypeDefIndex: 7767"
"647170","class","Int8Int64","7768","internal sealed class Int8Int64 : IInt64Decoder // TypeDefIndex: 7768"
"647188","class","Int16Int64","7769","internal sealed class Int16Int64 : IInt64Decoder // TypeDefIndex: 7769"
"647206","class","Int32Int64","7770","internal sealed class Int32Int64 : IInt64Decoder // TypeDefIndex: 7770"
"647224","class","Int64Int64","7771","internal sealed class Int64Int64 : IInt64Decoder // TypeDefIndex: 7771"
"647242","class","InvalidInt64","7772","internal sealed class InvalidInt64 : IInt64Decoder // TypeDefIndex: 7772"
"647260","interface","IUInt16Decoder","7773","internal interface IUInt16Decoder // TypeDefIndex: 7773"
"647269","class","FixUInt16","7774","internal sealed class FixUInt16 : IUInt16Decoder // TypeDefIndex: 7774"
"647287","class","UInt8UInt16","7775","internal sealed class UInt8UInt16 : IUInt16Decoder // TypeDefIndex: 7775"
"647305","class","UInt16UInt16","7776","internal sealed class UInt16UInt16 : IUInt16Decoder // TypeDefIndex: 7776"
"647323","class","InvalidUInt16","7777","internal sealed class InvalidUInt16 : IUInt16Decoder // TypeDefIndex: 7777"
"647341","interface","IUInt32Decoder","7778","internal interface IUInt32Decoder // TypeDefIndex: 7778"
"647350","class","FixUInt32","7779","internal sealed class FixUInt32 : IUInt32Decoder // TypeDefIndex: 7779"
"647368","class","UInt8UInt32","7780","internal sealed class UInt8UInt32 : IUInt32Decoder // TypeDefIndex: 7780"
"647386","class","UInt16UInt32","7781","internal sealed class UInt16UInt32 : IUInt32Decoder // TypeDefIndex: 7781"
"647404","class","UInt32UInt32","7782","internal sealed class UInt32UInt32 : IUInt32Decoder // TypeDefIndex: 7782"
"647422","class","InvalidUInt32","7783","internal sealed class InvalidUInt32 : IUInt32Decoder // TypeDefIndex: 7783"
"647440","interface","IUInt64Decoder","7784","internal interface IUInt64Decoder // TypeDefIndex: 7784"
"647449","class","FixUInt64","7785","internal sealed class FixUInt64 : IUInt64Decoder // TypeDefIndex: 7785"
"647467","class","UInt8UInt64","7786","internal sealed class UInt8UInt64 : IUInt64Decoder // TypeDefIndex: 7786"
"647485","class","UInt16UInt64","7787","internal sealed class UInt16UInt64 : IUInt64Decoder // TypeDefIndex: 7787"
"647503","class","UInt32UInt64","7788","internal sealed class UInt32UInt64 : IUInt64Decoder // TypeDefIndex: 7788"
"647521","class","UInt64UInt64","7789","internal sealed class UInt64UInt64 : IUInt64Decoder // TypeDefIndex: 7789"
"647539","class","InvalidUInt64","7790","internal sealed class InvalidUInt64 : IUInt64Decoder // TypeDefIndex: 7790"
"647557","interface","IStringDecoder","7791","internal interface IStringDecoder // TypeDefIndex: 7791"
"647566","class","NilString","7792","internal sealed class NilString : IStringDecoder // TypeDefIndex: 7792"
"647584","class","FixString","7793","internal sealed class FixString : IStringDecoder // TypeDefIndex: 7793"
"647602","class","Str8String","7794","internal sealed class Str8String : IStringDecoder // TypeDefIndex: 7794"
"647620","class","Str16String","7795","internal sealed class Str16String : IStringDecoder // TypeDefIndex: 7795"
"647638","class","Str32String","7796","internal sealed class Str32String : IStringDecoder // TypeDefIndex: 7796"
"647656","class","InvalidString","7797","internal sealed class InvalidString : IStringDecoder // TypeDefIndex: 7797"
"647674","interface","IStringSegmentDecoder","7798","internal interface IStringSegmentDecoder // TypeDefIndex: 7798"
"647683","class","NilStringSegment","7799","internal sealed class NilStringSegment : IStringSegmentDecoder // TypeDefIndex: 7799"
"647701","class","FixStringSegment","7800","internal sealed class FixStringSegment : IStringSegmentDecoder // TypeDefIndex: 7800"
"647719","class","Str8StringSegment","7801","internal sealed class Str8StringSegment : IStringSegmentDecoder // TypeDefIndex: 7801"
"647737","class","Str16StringSegment","7802","internal sealed class Str16StringSegment : IStringSegmentDecoder // TypeDefIndex: 7802"
"647755","class","Str32StringSegment","7803","internal sealed class Str32StringSegment : IStringSegmentDecoder // TypeDefIndex: 7803"
"647773","class","InvalidStringSegment","7804","internal sealed class InvalidStringSegment : IStringSegmentDecoder // TypeDefIndex: 7804"
"647791","interface","IExtDecoder","7805","internal interface IExtDecoder // TypeDefIndex: 7805"
"647800","class","FixExt1","7806","internal sealed class FixExt1 : IExtDecoder // TypeDefIndex: 7806"
"647818","class","FixExt2","7807","internal sealed class FixExt2 : IExtDecoder // TypeDefIndex: 7807"
"647836","class","FixExt4","7808","internal sealed class FixExt4 : IExtDecoder // TypeDefIndex: 7808"
"647854","class","FixExt8","7809","internal sealed class FixExt8 : IExtDecoder // TypeDefIndex: 7809"
"647872","class","FixExt16","7810","internal sealed class FixExt16 : IExtDecoder // TypeDefIndex: 7810"
"647890","class","Ext8","7811","internal sealed class Ext8 : IExtDecoder // TypeDefIndex: 7811"
"647908","class","Ext16","7812","internal sealed class Ext16 : IExtDecoder // TypeDefIndex: 7812"
"647926","class","Ext32","7813","internal sealed class Ext32 : IExtDecoder // TypeDefIndex: 7813"
"647944","class","InvalidExt","7814","internal sealed class InvalidExt : IExtDecoder // TypeDefIndex: 7814"
"647962","interface","IExtHeaderDecoder","7815","internal interface IExtHeaderDecoder // TypeDefIndex: 7815"
"647971","class","FixExt1Header","7816","internal sealed class FixExt1Header : IExtHeaderDecoder // TypeDefIndex: 7816"
"647989","class","FixExt2Header","7817","internal sealed class FixExt2Header : IExtHeaderDecoder // TypeDefIndex: 7817"
"648007","class","FixExt4Header","7818","internal sealed class FixExt4Header : IExtHeaderDecoder // TypeDefIndex: 7818"
"648025","class","FixExt8Header","7819","internal sealed class FixExt8Header : IExtHeaderDecoder // TypeDefIndex: 7819"
"648043","class","FixExt16Header","7820","internal sealed class FixExt16Header : IExtHeaderDecoder // TypeDefIndex: 7820"
"648061","class","Ext8Header","7821","internal sealed class Ext8Header : IExtHeaderDecoder // TypeDefIndex: 7821"
"648079","class","Ext16Header","7822","internal sealed class Ext16Header : IExtHeaderDecoder // TypeDefIndex: 7822"
"648097","class","Ext32Header","7823","internal sealed class Ext32Header : IExtHeaderDecoder // TypeDefIndex: 7823"
"648115","class","InvalidExtHeader","7824","internal sealed class InvalidExtHeader : IExtHeaderDecoder // TypeDefIndex: 7824"
"648133","interface","IDateTimeDecoder","7825","internal interface IDateTimeDecoder // TypeDefIndex: 7825"
"648142","class","FixExt4DateTime","7826","internal sealed class FixExt4DateTime : IDateTimeDecoder // TypeDefIndex: 7826"
"648160","class","FixExt8DateTime","7827","internal sealed class FixExt8DateTime : IDateTimeDecoder // TypeDefIndex: 7827"
"648178","class","Ext8DateTime","7828","internal sealed class Ext8DateTime : IDateTimeDecoder // TypeDefIndex: 7828"
"648196","class","InvalidDateTime","7829","internal sealed class InvalidDateTime : IDateTimeDecoder // TypeDefIndex: 7829"
"648214","interface","IReadNextDecoder","7830","internal interface IReadNextDecoder // TypeDefIndex: 7830"
"648223","class","ReadNext1","7831","internal sealed class ReadNext1 : IReadNextDecoder // TypeDefIndex: 7831"
"648241","class","ReadNext2","7832","internal sealed class ReadNext2 : IReadNextDecoder // TypeDefIndex: 7832"
"648259","class","ReadNext3","7833","internal sealed class ReadNext3 : IReadNextDecoder // TypeDefIndex: 7833"
"648277","class","ReadNext4","7834","internal sealed class ReadNext4 : IReadNextDecoder // TypeDefIndex: 7834"
"648295","class","ReadNext5","7835","internal sealed class ReadNext5 : IReadNextDecoder // TypeDefIndex: 7835"
"648313","class","ReadNext6","7836","internal sealed class ReadNext6 : IReadNextDecoder // TypeDefIndex: 7836"
"648331","class","ReadNext9","7837","internal sealed class ReadNext9 : IReadNextDecoder // TypeDefIndex: 7837"
"648349","class","ReadNext10","7838","internal sealed class ReadNext10 : IReadNextDecoder // TypeDefIndex: 7838"
"648367","class","ReadNext18","7839","internal sealed class ReadNext18 : IReadNextDecoder // TypeDefIndex: 7839"
"648385","class","ReadNextMap","7840","internal sealed class ReadNextMap : IReadNextDecoder // TypeDefIndex: 7840"
"648403","class","ReadNextArray","7841","internal sealed class ReadNextArray : IReadNextDecoder // TypeDefIndex: 7841"
"648421","class","ReadNextFixStr","7842","internal sealed class ReadNextFixStr : IReadNextDecoder // TypeDefIndex: 7842"
"648439","class","ReadNextStr8","7843","internal sealed class ReadNextStr8 : IReadNextDecoder // TypeDefIndex: 7843"
"648457","class","ReadNextStr16","7844","internal sealed class ReadNextStr16 : IReadNextDecoder // TypeDefIndex: 7844"
"648475","class","ReadNextStr32","7845","internal sealed class ReadNextStr32 : IReadNextDecoder // TypeDefIndex: 7845"
"648493","class","ReadNextBin8","7846","internal sealed class ReadNextBin8 : IReadNextDecoder // TypeDefIndex: 7846"
"648511","class","ReadNextBin16","7847","internal sealed class ReadNextBin16 : IReadNextDecoder // TypeDefIndex: 7847"
"648529","class","ReadNextBin32","7848","internal sealed class ReadNextBin32 : IReadNextDecoder // TypeDefIndex: 7848"
"648547","class","ReadNextExt8","7849","internal sealed class ReadNextExt8 : IReadNextDecoder // TypeDefIndex: 7849"
"648565","class","ReadNextExt16","7850","internal sealed class ReadNextExt16 : IReadNextDecoder // TypeDefIndex: 7850"
"648583","class","ReadNextExt32","7851","internal sealed class ReadNextExt32 : IReadNextDecoder // TypeDefIndex: 7851"
"648601","class","LZ4Codec.HashTablePool","7852","internal static class LZ4Codec.HashTablePool // TypeDefIndex: 7852"
"648624","class","LZ4Codec","7853","public static class LZ4Codec // TypeDefIndex: 7853"
"648752","class","BufferPool","7854","internal sealed class BufferPool : ArrayPool<byte> // TypeDefIndex: 7854"
"648767","class","ArrayPool","7855","internal class ArrayPool<T> // TypeDefIndex: 7855"
"648813","class","AutomataDictionary.AutomataNode.","7856","private sealed class AutomataDictionary.AutomataNode.<YieldChildren>d__16 : IEnumerable<AutomataDictionary.AutomataNode>, IEnumerable, IEnumerator<AutomataDictionary.AutomataNode>, IEnumerator, IDisposable // TypeDefIndex: 7856"
"648861","class","AutomataDictionary.AutomataNode","7857","private class AutomataDictionary.AutomataNode : IComparable<AutomataDictionary.AutomataNode> // TypeDefIndex: 7857"
"648909","class","AutomataDictionary.","7858","private sealed class AutomataDictionary.<YieldCore>d__8 : IEnumerable<KeyValuePair<string, int>>, IEnumerable, IEnumerator<KeyValuePair<string, int>>, IEnumerator, IDisposable // TypeDefIndex: 7858"
"648966","class","AutomataDictionary","7859","public class AutomataDictionary : IEnumerable<KeyValuePair<string, int>>, IEnumerable // TypeDefIndex: 7859"
"649000","class","AutomataKeyGen.PointerDelegate","7860","public sealed class AutomataKeyGen.PointerDelegate<T> : MulticastDelegate // TypeDefIndex: 7860"
"649038","class","AutomataKeyGen","7861","public static class AutomataKeyGen // TypeDefIndex: 7861"
"649047","class","ByteArrayComparer","7862","public static class ByteArrayComparer // TypeDefIndex: 7862"
"649059","struct","ByteArrayStringHashTable.Entry","7863","private struct ByteArrayStringHashTable.Entry // TypeDefIndex: 7863"
"649073","class","ByteArrayStringHashTable.","7864","private sealed class ByteArrayStringHashTable.<GetEnumerator>d__11 : IEnumerator<KeyValuePair<string, int>>, IEnumerator, IDisposable // TypeDefIndex: 7864"
"649115","class","ByteArrayStringHashTable","7865","public class ByteArrayStringHashTable : IEnumerable<KeyValuePair<string, int>>, IEnumerable // TypeDefIndex: 7865"
"649160","class","ExpressionUtility","7866","public static class ExpressionUtility // TypeDefIndex: 7866"
"649228","struct","FarmHash.pair","7867","private struct FarmHash.pair // TypeDefIndex: 7867"
"649241","class","FarmHash","7868","public static class FarmHash // TypeDefIndex: 7868"
"649335","struct","GuidBits","7869","internal struct GuidBits // TypeDefIndex: 7869"
"649381","class","ReflectionExtensions","7870","internal static class ReflectionExtensions // TypeDefIndex: 7870"
"649415","class","ThreadsafeTypeKeyHashTable.Entry","7871","private class ThreadsafeTypeKeyHashTable.Entry<TValue> // TypeDefIndex: 7871"
"649461","class","ThreadsafeTypeKeyHashTable.","7872","private sealed class ThreadsafeTypeKeyHashTable.<>c__DisplayClass5_0<TValue> // TypeDefIndex: 7872"
"649492","class","ThreadsafeTypeKeyHashTable","7873","internal class ThreadsafeTypeKeyHashTable<TValue> // TypeDefIndex: 7873"
"649614","class","LZ4MemoryPool","7874","internal static class LZ4MemoryPool // TypeDefIndex: 7874"
"649627","class","DateTimeConstants","7875","internal static class DateTimeConstants // TypeDefIndex: 7875"
"649641","class","InternalMemoryPool","7876","internal static class InternalMemoryPool // TypeDefIndex: 7876"
"649654","class","BuiltinResolverGetFormatterHelper","7877","internal static class BuiltinResolverGetFormatterHelper // TypeDefIndex: 7877"
"649671","class","DynamicGenericResolverGetFormatterHelper.","7878","private sealed class DynamicGenericResolverGetFormatterHelper.<>c // TypeDefIndex: 7878"
"649710","class","DynamicGenericResolverGetFormatterHelper","7879","internal static class DynamicGenericResolverGetFormatterHelper // TypeDefIndex: 7879"
"649728","class","RuntimeTypeHandleEqualityComparer","7880","public class RuntimeTypeHandleEqualityComparer : IEqualityComparer<RuntimeTypeHandle> // TypeDefIndex: 7880"
"649749","class","MessagePackDynamicUnionResolverException","7881","internal class MessagePackDynamicUnionResolverException : Exception // TypeDefIndex: 7881"
"649758","class","NativeDateTimeResolverGetFormatterHelper","7882","internal static class NativeDateTimeResolverGetFormatterHelper // TypeDefIndex: 7882"
"649767","class","OldSpecResolverGetFormatterHelper","7883","internal static class OldSpecResolverGetFormatterHelper // TypeDefIndex: 7883"
"649776","class","StandardResolverHelper","7884","internal static class StandardResolverHelper // TypeDefIndex: 7884"
"649788","class","StandardResolverCore.FormatterCache","7885","private static class StandardResolverCore.FormatterCache<T> // TypeDefIndex: 7885"
"649961","class","StandardResolverCore","7886","internal sealed class StandardResolverCore : IFormatterResolver // TypeDefIndex: 7886"
"650141","class","ContractlessStandardResolverCore.FormatterCache","7887","private static class ContractlessStandardResolverCore.FormatterCache<T> // TypeDefIndex: 7887"
"650314","class","ContractlessStandardResolverCore","7888","internal sealed class ContractlessStandardResolverCore : IFormatterResolver // TypeDefIndex: 7888"
"650494","class","StandardResolverAllowPrivateCore.FormatterCache","7889","private static class StandardResolverAllowPrivateCore.FormatterCache<T> // TypeDefIndex: 7889"
"650667","class","StandardResolverAllowPrivateCore","7890","internal sealed class StandardResolverAllowPrivateCore : IFormatterResolver // TypeDefIndex: 7890"
"650847","class","ContractlessStandardResolverAllowPrivateCore.FormatterCache","7891","private static class ContractlessStandardResolverAllowPrivateCore.FormatterCache<T> // TypeDefIndex: 7891"
"651020","class","ContractlessStandardResolverAllowPrivateCore","7892","internal sealed class ContractlessStandardResolverAllowPrivateCore : IFormatterResolver // TypeDefIndex: 7892"
"651200","class","ArrayFormatter","7893","public sealed class ArrayFormatter<T> : IMessagePackFormatter<T[]>, IMessagePackFormatter // TypeDefIndex: 7893"
"651581","class","ByteArraySegmentFormatter","7894","public sealed class ByteArraySegmentFormatter : IMessagePackFormatter<ArraySegment<byte>>, IMessagePackFormatter // TypeDefIndex: 7894"
"651602","class","ArraySegmentFormatter","7895","public sealed class ArraySegmentFormatter<T> : IMessagePackFormatter<ArraySegment<T>>, IMessagePackFormatter // TypeDefIndex: 7895"
"651632","class","ListFormatter","7896","public sealed class ListFormatter<T> : IMessagePackFormatter<List<T>>, IMessagePackFormatter // TypeDefIndex: 7896"
"652130","class","CollectionFormatterBase","7897","public abstract class CollectionFormatterBase<TElement, TIntermediate, TEnumerator, TCollection> : IMessagePackFormatter<TCollection>, IMessagePackFormatter // TypeDefIndex: 7897"
"652200","class","CollectionFormatterBase","7898","public abstract class CollectionFormatterBase<TElement, TIntermediate, TCollection> : CollectionFormatterBase<TElement, TIntermediate, IEnumerator<TElement>, TCollection> // TypeDefIndex: 7898"
"652222","class","CollectionFormatterBase","7899","public abstract class CollectionFormatterBase<TElement, TCollection> : CollectionFormatterBase<TElement, TCollection, TCollection> // TypeDefIndex: 7899"
"652244","class","GenericCollectionFormatter","7900","public sealed class GenericCollectionFormatter<TElement, TCollection> : CollectionFormatterBase<TElement, TCollection> // TypeDefIndex: 7900"
"652274","class","LinkedListFormatter","7901","public sealed class LinkedListFormatter<T> : CollectionFormatterBase<T, LinkedList<T>, LinkedList.Enumerator<T>, LinkedList<T>> // TypeDefIndex: 7901"
"652320","class","QeueueFormatter","7902","public sealed class QeueueFormatter<T> : CollectionFormatterBase<T, Queue<T>, Queue.Enumerator<T>, Queue<T>> // TypeDefIndex: 7902"
"652374","class","StackFormatter","7903","public sealed class StackFormatter<T> : CollectionFormatterBase<T, T[], Stack.Enumerator<T>, Stack<T>> // TypeDefIndex: 7903"
"652428","class","HashSetFormatter","7904","public sealed class HashSetFormatter<T> : CollectionFormatterBase<T, HashSet<T>, HashSet.Enumerator<T>, HashSet<T>> // TypeDefIndex: 7904"
"652482","class","ReadOnlyCollectionFormatter","7905","public sealed class ReadOnlyCollectionFormatter<T> : CollectionFormatterBase<T, T[], ReadOnlyCollection<T>> // TypeDefIndex: 7905"
"652520","class","InterfaceListFormatter","7906","public sealed class InterfaceListFormatter<T> : CollectionFormatterBase<T, T[], IList<T>> // TypeDefIndex: 7906"
"652558","class","InterfaceCollectionFormatter","7907","public sealed class InterfaceCollectionFormatter<T> : CollectionFormatterBase<T, T[], ICollection<T>> // TypeDefIndex: 7907"
"652596","class","InterfaceEnumerableFormatter","7908","public sealed class InterfaceEnumerableFormatter<T> : CollectionFormatterBase<T, T[], IEnumerable<T>> // TypeDefIndex: 7908"
"652634","class","InterfaceGroupingFormatter","7909","public sealed class InterfaceGroupingFormatter<TKey, TElement> : IMessagePackFormatter<IGrouping<TKey, TElement>>, IMessagePackFormatter // TypeDefIndex: 7909"
"652664","class","InterfaceLookupFormatter","7910","public sealed class InterfaceLookupFormatter<TKey, TElement> : CollectionFormatterBase<IGrouping<TKey, TElement>, Dictionary<TKey, IGrouping<TKey, TElement>>, ILookup<TKey, TElement>> // TypeDefIndex: 7910"
"652702","class","Grouping","7911","internal class Grouping<TKey, TElement> : IGrouping<TKey, TElement>, IEnumerable<TElement>, IEnumerable // TypeDefIndex: 7911"
"652748","class","Lookup","7912","internal class Lookup<TKey, TElement> : ILookup<TKey, TElement>, IEnumerable<IGrouping<TKey, TElement>>, IEnumerable // TypeDefIndex: 7912"
"652809","class","NonGenericListFormatter","7913","public sealed class NonGenericListFormatter<T> : IMessagePackFormatter<T>, IMessagePackFormatter // TypeDefIndex: 7913"
"652839","class","NonGenericInterfaceListFormatter","7914","public sealed class NonGenericInterfaceListFormatter : IMessagePackFormatter<IList>, IMessagePackFormatter // TypeDefIndex: 7914"
"652860","class","NonGenericDictionaryFormatter","7915","public sealed class NonGenericDictionaryFormatter<T> : IMessagePackFormatter<T>, IMessagePackFormatter // TypeDefIndex: 7915"
"652890","class","NonGenericInterfaceDictionaryFormatter","7916","public sealed class NonGenericInterfaceDictionaryFormatter : IMessagePackFormatter<IDictionary>, IMessagePackFormatter // TypeDefIndex: 7916"
"652911","class","ObservableCollectionFormatter","7917","public sealed class ObservableCollectionFormatter<T> : CollectionFormatterBase<T, ObservableCollection<T>> // TypeDefIndex: 7917"
"652941","class","ReadOnlyObservableCollectionFormatter","7918","public sealed class ReadOnlyObservableCollectionFormatter<T> : CollectionFormatterBase<T, ObservableCollection<T>, ReadOnlyObservableCollection<T>> // TypeDefIndex: 7918"
"652979","class","InterfaceReadOnlyListFormatter","7919","public sealed class InterfaceReadOnlyListFormatter<T> : CollectionFormatterBase<T, T[], IReadOnlyList<T>> // TypeDefIndex: 7919"
"653017","class","InterfaceReadOnlyCollectionFormatter","7920","public sealed class InterfaceReadOnlyCollectionFormatter<T> : CollectionFormatterBase<T, T[], IReadOnlyCollection<T>> // TypeDefIndex: 7920"
"653055","class","InterfaceSetFormatter","7921","public sealed class InterfaceSetFormatter<T> : CollectionFormatterBase<T, HashSet<T>, ISet<T>> // TypeDefIndex: 7921"
"653093","class","ConcurrentBagFormatter","7922","public sealed class ConcurrentBagFormatter<T> : CollectionFormatterBase<T, ConcurrentBag<T>> // TypeDefIndex: 7922"
"653131","class","ConcurrentQueueFormatter","7923","public sealed class ConcurrentQueueFormatter<T> : CollectionFormatterBase<T, ConcurrentQueue<T>> // TypeDefIndex: 7923"
"653169","class","ConcurrentStackFormatter","7924","public sealed class ConcurrentStackFormatter<T> : CollectionFormatterBase<T, T[], ConcurrentStack<T>> // TypeDefIndex: 7924"
"653215","class","DictionaryFormatterBase","7925","public abstract class DictionaryFormatterBase<TKey, TValue, TIntermediate, TEnumerator, TDictionary> : IMessagePackFormatter<TDictionary>, IMessagePackFormatter // TypeDefIndex: 7925"
"653277","class","DictionaryFormatterBase","7926","public abstract class DictionaryFormatterBase<TKey, TValue, TIntermediate, TDictionary> : DictionaryFormatterBase<TKey, TValue, TIntermediate, IEnumerator<KeyValuePair<TKey, TValue>>, TDictionary> // TypeDefIndex: 7926"
"653299","class","DictionaryFormatterBase","7927","public abstract class DictionaryFormatterBase<TKey, TValue, TDictionary> : DictionaryFormatterBase<TKey, TValue, TDictionary, TDictionary> // TypeDefIndex: 7927"
"653321","class","DictionaryFormatter","7928","public sealed class DictionaryFormatter<TKey, TValue> : DictionaryFormatterBase<TKey, TValue, Dictionary<TKey, TValue>, Dictionary.Enumerator<TKey, TValue>, Dictionary<TKey, TValue>> // TypeDefIndex: 7928"
"653367","class","GenericDictionaryFormatter","7929","public sealed class GenericDictionaryFormatter<TKey, TValue, TDictionary> : DictionaryFormatterBase<TKey, TValue, TDictionary> // TypeDefIndex: 7929"
"653397","class","InterfaceDictionaryFormatter","7930","public sealed class InterfaceDictionaryFormatter<TKey, TValue> : DictionaryFormatterBase<TKey, TValue, Dictionary<TKey, TValue>, IDictionary<TKey, TValue>> // TypeDefIndex: 7930"
"653435","class","SortedListFormatter","7931","public sealed class SortedListFormatter<TKey, TValue> : DictionaryFormatterBase<TKey, TValue, SortedList<TKey, TValue>> // TypeDefIndex: 7931"
"653465","class","SortedDictionaryFormatter","7932","public sealed class SortedDictionaryFormatter<TKey, TValue> : DictionaryFormatterBase<TKey, TValue, SortedDictionary<TKey, TValue>, SortedDictionary.Enumerator<TKey, TValue>, SortedDictionary<TKey, TValue>> // TypeDefIndex: 7932"
"653511","class","ReadOnlyDictionaryFormatter","7933","public sealed class ReadOnlyDictionaryFormatter<TKey, TValue> : DictionaryFormatterBase<TKey, TValue, Dictionary<TKey, TValue>, ReadOnlyDictionary<TKey, TValue>> // TypeDefIndex: 7933"
"653549","class","InterfaceReadOnlyDictionaryFormatter","7934","public sealed class InterfaceReadOnlyDictionaryFormatter<TKey, TValue> : DictionaryFormatterBase<TKey, TValue, Dictionary<TKey, TValue>, IReadOnlyDictionary<TKey, TValue>> // TypeDefIndex: 7934"
"653587","class","ConcurrentDictionaryFormatter","7935","public sealed class ConcurrentDictionaryFormatter<TKey, TValue> : DictionaryFormatterBase<TKey, TValue, ConcurrentDictionary<TKey, TValue>> // TypeDefIndex: 7935"
"653617","class","DynamicObjectTypeFallbackFormatter.SerializeMethod","7936","private sealed class DynamicObjectTypeFallbackFormatter.SerializeMethod : MulticastDelegate // TypeDefIndex: 7936"
"653637","class","DynamicObjectTypeFallbackFormatter.","7937","private sealed class DynamicObjectTypeFallbackFormatter.<>c // TypeDefIndex: 7937"
"653656","class","DynamicObjectTypeFallbackFormatter","7938","public sealed class DynamicObjectTypeFallbackFormatter : IMessagePackFormatter<object>, IMessagePackFormatter // TypeDefIndex: 7938"
"653675","class","EnumAsStringFormatter","7939","public sealed class EnumAsStringFormatter<T> : IMessagePackFormatter<T>, IMessagePackFormatter // TypeDefIndex: 7939"
"654177","class","ForceInt16BlockFormatter","7940","public sealed class ForceInt16BlockFormatter : IMessagePackFormatter<short>, IMessagePackFormatter // TypeDefIndex: 7940"
"654198","class","NullableForceInt16BlockFormatter","7941","public sealed class NullableForceInt16BlockFormatter : IMessagePackFormatter<Nullable<short>>, IMessagePackFormatter // TypeDefIndex: 7941"
"654219","class","ForceInt16BlockArrayFormatter","7942","public sealed class ForceInt16BlockArrayFormatter : IMessagePackFormatter<short[]>, IMessagePackFormatter // TypeDefIndex: 7942"
"654240","class","ForceInt32BlockFormatter","7943","public sealed class ForceInt32BlockFormatter : IMessagePackFormatter<int>, IMessagePackFormatter // TypeDefIndex: 7943"
"654261","class","NullableForceInt32BlockFormatter","7944","public sealed class NullableForceInt32BlockFormatter : IMessagePackFormatter<Nullable<int>>, IMessagePackFormatter // TypeDefIndex: 7944"
"654282","class","ForceInt32BlockArrayFormatter","7945","public sealed class ForceInt32BlockArrayFormatter : IMessagePackFormatter<int[]>, IMessagePackFormatter // TypeDefIndex: 7945"
"654303","class","ForceInt64BlockFormatter","7946","public sealed class ForceInt64BlockFormatter : IMessagePackFormatter<long>, IMessagePackFormatter // TypeDefIndex: 7946"
"654324","class","NullableForceInt64BlockFormatter","7947","public sealed class NullableForceInt64BlockFormatter : IMessagePackFormatter<Nullable<long>>, IMessagePackFormatter // TypeDefIndex: 7947"
"654345","class","ForceInt64BlockArrayFormatter","7948","public sealed class ForceInt64BlockArrayFormatter : IMessagePackFormatter<long[]>, IMessagePackFormatter // TypeDefIndex: 7948"
"654366","class","ForceUInt16BlockFormatter","7949","public sealed class ForceUInt16BlockFormatter : IMessagePackFormatter<ushort>, IMessagePackFormatter // TypeDefIndex: 7949"
"654387","class","NullableForceUInt16BlockFormatter","7950","public sealed class NullableForceUInt16BlockFormatter : IMessagePackFormatter<Nullable<ushort>>, IMessagePackFormatter // TypeDefIndex: 7950"
"654408","class","ForceUInt16BlockArrayFormatter","7951","public sealed class ForceUInt16BlockArrayFormatter : IMessagePackFormatter<ushort[]>, IMessagePackFormatter // TypeDefIndex: 7951"
"654429","class","ForceUInt32BlockFormatter","7952","public sealed class ForceUInt32BlockFormatter : IMessagePackFormatter<uint>, IMessagePackFormatter // TypeDefIndex: 7952"
"654450","class","NullableForceUInt32BlockFormatter","7953","public sealed class NullableForceUInt32BlockFormatter : IMessagePackFormatter<Nullable<uint>>, IMessagePackFormatter // TypeDefIndex: 7953"
"654471","class","ForceUInt32BlockArrayFormatter","7954","public sealed class ForceUInt32BlockArrayFormatter : IMessagePackFormatter<uint[]>, IMessagePackFormatter // TypeDefIndex: 7954"
"654492","class","ForceUInt64BlockFormatter","7955","public sealed class ForceUInt64BlockFormatter : IMessagePackFormatter<ulong>, IMessagePackFormatter // TypeDefIndex: 7955"
"654513","class","NullableForceUInt64BlockFormatter","7956","public sealed class NullableForceUInt64BlockFormatter : IMessagePackFormatter<Nullable<ulong>>, IMessagePackFormatter // TypeDefIndex: 7956"
"654534","class","ForceUInt64BlockArrayFormatter","7957","public sealed class ForceUInt64BlockArrayFormatter : IMessagePackFormatter<ulong[]>, IMessagePackFormatter // TypeDefIndex: 7957"
"654555","class","ForceByteBlockFormatter","7958","public sealed class ForceByteBlockFormatter : IMessagePackFormatter<byte>, IMessagePackFormatter // TypeDefIndex: 7958"
"654576","class","NullableForceByteBlockFormatter","7959","public sealed class NullableForceByteBlockFormatter : IMessagePackFormatter<Nullable<byte>>, IMessagePackFormatter // TypeDefIndex: 7959"
"654597","class","ForceSByteBlockFormatter","7960","public sealed class ForceSByteBlockFormatter : IMessagePackFormatter<sbyte>, IMessagePackFormatter // TypeDefIndex: 7960"
"654618","class","NullableForceSByteBlockFormatter","7961","public sealed class NullableForceSByteBlockFormatter : IMessagePackFormatter<Nullable<sbyte>>, IMessagePackFormatter // TypeDefIndex: 7961"
"654639","class","ForceSByteBlockArrayFormatter","7962","public sealed class ForceSByteBlockArrayFormatter : IMessagePackFormatter<sbyte[]>, IMessagePackFormatter // TypeDefIndex: 7962"
"654660","interface","IMessagePackFormatter","7963","public interface IMessagePackFormatter // TypeDefIndex: 7963"
"654664","interface","IMessagePackFormatter","7964","public interface IMessagePackFormatter<T> : IMessagePackFormatter // TypeDefIndex: 7964"
"654686","class","IgnoreFormatter","7965","public sealed class IgnoreFormatter<T> : IMessagePackFormatter<T>, IMessagePackFormatter // TypeDefIndex: 7965"
"654716","class","TwoDimentionalArrayFormatter","7966","public sealed class TwoDimentionalArrayFormatter<T> : IMessagePackFormatter<T[,]>, IMessagePackFormatter // TypeDefIndex: 7966"
"654749","class","ThreeDimentionalArrayFormatter","7967","public sealed class ThreeDimentionalArrayFormatter<T> : IMessagePackFormatter<T[,,]>, IMessagePackFormatter // TypeDefIndex: 7967"
"654782","class","FourDimentionalArrayFormatter","7968","public sealed class FourDimentionalArrayFormatter<T> : IMessagePackFormatter<T[,,,]>, IMessagePackFormatter // TypeDefIndex: 7968"
"654815","class","NullableFormatter","7969","public sealed class NullableFormatter<T> : IMessagePackFormatter<Nullable<T>>, IMessagePackFormatter // TypeDefIndex: 7969"
"654845","class","StaticNullableFormatter","7970","public sealed class StaticNullableFormatter<T> : IMessagePackFormatter<Nullable<T>>, IMessagePackFormatter // TypeDefIndex: 7970"
"655103","class","NativeDateTimeFormatter","7971","public sealed class NativeDateTimeFormatter : IMessagePackFormatter<DateTime>, IMessagePackFormatter // TypeDefIndex: 7971"
"655124","class","NativeDateTimeArrayFormatter","7972","public sealed class NativeDateTimeArrayFormatter : IMessagePackFormatter<DateTime[]>, IMessagePackFormatter // TypeDefIndex: 7972"
"655145","class","OldSpecStringFormatter","7973","public sealed class OldSpecStringFormatter : IMessagePackFormatter<string>, IMessagePackFormatter // TypeDefIndex: 7973"
"655166","class","OldSpecBinaryFormatter","7974","public sealed class OldSpecBinaryFormatter : IMessagePackFormatter<byte[]>, IMessagePackFormatter // TypeDefIndex: 7974"
"655187","class","Int16Formatter","7975","public sealed class Int16Formatter : IMessagePackFormatter<short>, IMessagePackFormatter // TypeDefIndex: 7975"
"655208","class","NullableInt16Formatter","7976","public sealed class NullableInt16Formatter : IMessagePackFormatter<Nullable<short>>, IMessagePackFormatter // TypeDefIndex: 7976"
"655229","class","Int16ArrayFormatter","7977","public sealed class Int16ArrayFormatter : IMessagePackFormatter<short[]>, IMessagePackFormatter // TypeDefIndex: 7977"
"655250","class","Int32Formatter","7978","public sealed class Int32Formatter : IMessagePackFormatter<int>, IMessagePackFormatter // TypeDefIndex: 7978"
"655271","class","NullableInt32Formatter","7979","public sealed class NullableInt32Formatter : IMessagePackFormatter<Nullable<int>>, IMessagePackFormatter // TypeDefIndex: 7979"
"655292","class","Int32ArrayFormatter","7980","public sealed class Int32ArrayFormatter : IMessagePackFormatter<int[]>, IMessagePackFormatter // TypeDefIndex: 7980"
"655313","class","Int64Formatter","7981","public sealed class Int64Formatter : IMessagePackFormatter<long>, IMessagePackFormatter // TypeDefIndex: 7981"
"655334","class","NullableInt64Formatter","7982","public sealed class NullableInt64Formatter : IMessagePackFormatter<Nullable<long>>, IMessagePackFormatter // TypeDefIndex: 7982"
"655355","class","Int64ArrayFormatter","7983","public sealed class Int64ArrayFormatter : IMessagePackFormatter<long[]>, IMessagePackFormatter // TypeDefIndex: 7983"
"655376","class","UInt16Formatter","7984","public sealed class UInt16Formatter : IMessagePackFormatter<ushort>, IMessagePackFormatter // TypeDefIndex: 7984"
"655397","class","NullableUInt16Formatter","7985","public sealed class NullableUInt16Formatter : IMessagePackFormatter<Nullable<ushort>>, IMessagePackFormatter // TypeDefIndex: 7985"
"655418","class","UInt16ArrayFormatter","7986","public sealed class UInt16ArrayFormatter : IMessagePackFormatter<ushort[]>, IMessagePackFormatter // TypeDefIndex: 7986"
"655439","class","UInt32Formatter","7987","public sealed class UInt32Formatter : IMessagePackFormatter<uint>, IMessagePackFormatter // TypeDefIndex: 7987"
"655460","class","NullableUInt32Formatter","7988","public sealed class NullableUInt32Formatter : IMessagePackFormatter<Nullable<uint>>, IMessagePackFormatter // TypeDefIndex: 7988"
"655481","class","UInt32ArrayFormatter","7989","public sealed class UInt32ArrayFormatter : IMessagePackFormatter<uint[]>, IMessagePackFormatter // TypeDefIndex: 7989"
"655502","class","UInt64Formatter","7990","public sealed class UInt64Formatter : IMessagePackFormatter<ulong>, IMessagePackFormatter // TypeDefIndex: 7990"
"655523","class","NullableUInt64Formatter","7991","public sealed class NullableUInt64Formatter : IMessagePackFormatter<Nullable<ulong>>, IMessagePackFormatter // TypeDefIndex: 7991"
"655544","class","UInt64ArrayFormatter","7992","public sealed class UInt64ArrayFormatter : IMessagePackFormatter<ulong[]>, IMessagePackFormatter // TypeDefIndex: 7992"
"655565","class","SingleFormatter","7993","public sealed class SingleFormatter : IMessagePackFormatter<float>, IMessagePackFormatter // TypeDefIndex: 7993"
"655586","class","NullableSingleFormatter","7994","public sealed class NullableSingleFormatter : IMessagePackFormatter<Nullable<float>>, IMessagePackFormatter // TypeDefIndex: 7994"
"655607","class","SingleArrayFormatter","7995","public sealed class SingleArrayFormatter : IMessagePackFormatter<float[]>, IMessagePackFormatter // TypeDefIndex: 7995"
"655628","class","DoubleFormatter","7996","public sealed class DoubleFormatter : IMessagePackFormatter<double>, IMessagePackFormatter // TypeDefIndex: 7996"
"655649","class","NullableDoubleFormatter","7997","public sealed class NullableDoubleFormatter : IMessagePackFormatter<Nullable<double>>, IMessagePackFormatter // TypeDefIndex: 7997"
"655670","class","DoubleArrayFormatter","7998","public sealed class DoubleArrayFormatter : IMessagePackFormatter<double[]>, IMessagePackFormatter // TypeDefIndex: 7998"
"655691","class","BooleanFormatter","7999","public sealed class BooleanFormatter : IMessagePackFormatter<bool>, IMessagePackFormatter // TypeDefIndex: 7999"
"655712","class","NullableBooleanFormatter","8000","public sealed class NullableBooleanFormatter : IMessagePackFormatter<Nullable<bool>>, IMessagePackFormatter // TypeDefIndex: 8000"
"655733","class","BooleanArrayFormatter","8001","public sealed class BooleanArrayFormatter : IMessagePackFormatter<bool[]>, IMessagePackFormatter // TypeDefIndex: 8001"
"655754","class","ByteFormatter","8002","public sealed class ByteFormatter : IMessagePackFormatter<byte>, IMessagePackFormatter // TypeDefIndex: 8002"
"655775","class","NullableByteFormatter","8003","public sealed class NullableByteFormatter : IMessagePackFormatter<Nullable<byte>>, IMessagePackFormatter // TypeDefIndex: 8003"
"655796","class","SByteFormatter","8004","public sealed class SByteFormatter : IMessagePackFormatter<sbyte>, IMessagePackFormatter // TypeDefIndex: 8004"
"655817","class","NullableSByteFormatter","8005","public sealed class NullableSByteFormatter : IMessagePackFormatter<Nullable<sbyte>>, IMessagePackFormatter // TypeDefIndex: 8005"
"655838","class","SByteArrayFormatter","8006","public sealed class SByteArrayFormatter : IMessagePackFormatter<sbyte[]>, IMessagePackFormatter // TypeDefIndex: 8006"
"655859","class","CharFormatter","8007","public sealed class CharFormatter : IMessagePackFormatter<char>, IMessagePackFormatter // TypeDefIndex: 8007"
"655880","class","NullableCharFormatter","8008","public sealed class NullableCharFormatter : IMessagePackFormatter<Nullable<char>>, IMessagePackFormatter // TypeDefIndex: 8008"
"655901","class","CharArrayFormatter","8009","public sealed class CharArrayFormatter : IMessagePackFormatter<char[]>, IMessagePackFormatter // TypeDefIndex: 8009"
"655922","class","DateTimeFormatter","8010","public sealed class DateTimeFormatter : IMessagePackFormatter<DateTime>, IMessagePackFormatter // TypeDefIndex: 8010"
"655943","class","NullableDateTimeFormatter","8011","public sealed class NullableDateTimeFormatter : IMessagePackFormatter<Nullable<DateTime>>, IMessagePackFormatter // TypeDefIndex: 8011"
"655964","class","DateTimeArrayFormatter","8012","public sealed class DateTimeArrayFormatter : IMessagePackFormatter<DateTime[]>, IMessagePackFormatter // TypeDefIndex: 8012"
"655985","class","PrimitiveObjectFormatter","8013","public sealed class PrimitiveObjectFormatter : IMessagePackFormatter<object>, IMessagePackFormatter // TypeDefIndex: 8013"
"656010","class","ByteArrayFormatter","8014","public sealed class ByteArrayFormatter : IMessagePackFormatter<byte[]>, IMessagePackFormatter // TypeDefIndex: 8014"
"656031","class","NullableStringFormatter","8015","public sealed class NullableStringFormatter : IMessagePackFormatter<string>, IMessagePackFormatter // TypeDefIndex: 8015"
"656052","class","NullableStringArrayFormatter","8016","public sealed class NullableStringArrayFormatter : IMessagePackFormatter<string[]>, IMessagePackFormatter // TypeDefIndex: 8016"
"656073","class","DecimalFormatter","8017","public sealed class DecimalFormatter : IMessagePackFormatter<Decimal>, IMessagePackFormatter // TypeDefIndex: 8017"
"656094","class","TimeSpanFormatter","8018","public sealed class TimeSpanFormatter : IMessagePackFormatter<TimeSpan>, IMessagePackFormatter // TypeDefIndex: 8018"
"656115","class","DateTimeOffsetFormatter","8019","public sealed class DateTimeOffsetFormatter : IMessagePackFormatter<DateTimeOffset>, IMessagePackFormatter // TypeDefIndex: 8019"
"656136","class","GuidFormatter","8020","public sealed class GuidFormatter : IMessagePackFormatter<Guid>, IMessagePackFormatter // TypeDefIndex: 8020"
"656157","class","UriFormatter","8021","public sealed class UriFormatter : IMessagePackFormatter<Uri>, IMessagePackFormatter // TypeDefIndex: 8021"
"656178","class","VersionFormatter","8022","public sealed class VersionFormatter : IMessagePackFormatter<Version>, IMessagePackFormatter // TypeDefIndex: 8022"
"656199","class","KeyValuePairFormatter","8023","public sealed class KeyValuePairFormatter<TKey, TValue> : IMessagePackFormatter<KeyValuePair<TKey, TValue>>, IMessagePackFormatter // TypeDefIndex: 8023"
"656229","class","StringBuilderFormatter","8024","public sealed class StringBuilderFormatter : IMessagePackFormatter<StringBuilder>, IMessagePackFormatter // TypeDefIndex: 8024"
"656250","class","BitArrayFormatter","8025","public sealed class BitArrayFormatter : IMessagePackFormatter<BitArray>, IMessagePackFormatter // TypeDefIndex: 8025"
"656271","class","BigIntegerFormatter","8026","public sealed class BigIntegerFormatter : IMessagePackFormatter<BigInteger>, IMessagePackFormatter // TypeDefIndex: 8026"
"656292","class","ComplexFormatter","8027","public sealed class ComplexFormatter : IMessagePackFormatter<Complex>, IMessagePackFormatter // TypeDefIndex: 8027"
"656314","class","LazyFormatter.","8028","private sealed class LazyFormatter.<>c__DisplayClass1_0<T> // TypeDefIndex: 8028"
"656339","class","LazyFormatter","8029","public sealed class LazyFormatter<T> : IMessagePackFormatter<Lazy<T>>, IMessagePackFormatter // TypeDefIndex: 8029"
"656369","class","TupleFormatter","8030","public sealed class TupleFormatter<T1> : IMessagePackFormatter<Tuple<T1>>, IMessagePackFormatter // TypeDefIndex: 8030"
"656399","class","TupleFormatter","8031","public sealed class TupleFormatter<T1, T2> : IMessagePackFormatter<Tuple<T1, T2>>, IMessagePackFormatter // TypeDefIndex: 8031"
"656429","class","TupleFormatter","8032","public sealed class TupleFormatter<T1, T2, T3> : IMessagePackFormatter<Tuple<T1, T2, T3>>, IMessagePackFormatter // TypeDefIndex: 8032"
"656459","class","TupleFormatter","8033","public sealed class TupleFormatter<T1, T2, T3, T4> : IMessagePackFormatter<Tuple<T1, T2, T3, T4>>, IMessagePackFormatter // TypeDefIndex: 8033"
"656489","class","TupleFormatter","8034","public sealed class TupleFormatter<T1, T2, T3, T4, T5> : IMessagePackFormatter<Tuple<T1, T2, T3, T4, T5>>, IMessagePackFormatter // TypeDefIndex: 8034"
"656519","class","TupleFormatter","8035","public sealed class TupleFormatter<T1, T2, T3, T4, T5, T6> : IMessagePackFormatter<Tuple<T1, T2, T3, T4, T5, T6>>, IMessagePackFormatter // TypeDefIndex: 8035"
"656549","class","TupleFormatter","8036","public sealed class TupleFormatter<T1, T2, T3, T4, T5, T6, T7> : IMessagePackFormatter<Tuple<T1, T2, T3, T4, T5, T6, T7>>, IMessagePackFormatter // TypeDefIndex: 8036"
"656579","class","TupleFormatter","8037","public sealed class TupleFormatter<T1, T2, T3, T4, T5, T6, T7, TRest> : IMessagePackFormatter<Tuple<T1, T2, T3, T4, T5, T6, T7, TRest>>, IMessagePackFormatter // TypeDefIndex: 8037"
"656609","class","NativeGuidFormatter","8038","public sealed class NativeGuidFormatter : IMessagePackFormatter<Guid>, IMessagePackFormatter // TypeDefIndex: 8038"
"656630","class","NativeDecimalFormatter","8039","public sealed class NativeDecimalFormatter : IMessagePackFormatter<Decimal>, IMessagePackFormatter // TypeDefIndex: 8039"
"656651","class","ValueTupleFormatter","8040","public sealed class ValueTupleFormatter<T1> : IMessagePackFormatter<ValueTuple<T1>>, IMessagePackFormatter // TypeDefIndex: 8040"
"656681","class","ValueTupleFormatter","8041","public sealed class ValueTupleFormatter<T1, T2> : IMessagePackFormatter<ValueTuple<T1, T2>>, IMessagePackFormatter // TypeDefIndex: 8041"
"656711","class","ValueTupleFormatter","8042","public sealed class ValueTupleFormatter<T1, T2, T3> : IMessagePackFormatter<ValueTuple<T1, T2, T3>>, IMessagePackFormatter // TypeDefIndex: 8042"
"656741","class","ValueTupleFormatter","8043","public sealed class ValueTupleFormatter<T1, T2, T3, T4> : IMessagePackFormatter<ValueTuple<T1, T2, T3, T4>>, IMessagePackFormatter // TypeDefIndex: 8043"
"656771","class","ValueTupleFormatter","8044","public sealed class ValueTupleFormatter<T1, T2, T3, T4, T5> : IMessagePackFormatter<ValueTuple<T1, T2, T3, T4, T5>>, IMessagePackFormatter // TypeDefIndex: 8044"
"656801","class","ValueTupleFormatter","8045","public sealed class ValueTupleFormatter<T1, T2, T3, T4, T5, T6> : IMessagePackFormatter<ValueTuple<T1, T2, T3, T4, T5, T6>>, IMessagePackFormatter // TypeDefIndex: 8045"
"656831","class","ValueTupleFormatter","8046","public sealed class ValueTupleFormatter<T1, T2, T3, T4, T5, T6, T7> : IMessagePackFormatter<ValueTuple<T1, T2, T3, T4, T5, T6, T7>>, IMessagePackFormatter // TypeDefIndex: 8046"
"656861","class","ValueTupleFormatter","8047","public sealed class ValueTupleFormatter<T1, T2, T3, T4, T5, T6, T7, TRest> : IMessagePackFormatter<ValueTuple<T1, T2, T3, T4, T5, T6, T7, TRest>>, IMessagePackFormatter // TypeDefIndex: 8047"
"656891","class","NilFormatter","8048","public class NilFormatter : IMessagePackFormatter<Nil>, IMessagePackFormatter // TypeDefIndex: 8048"
"656912","class","NullableNilFormatter","8049","public class NullableNilFormatter : IMessagePackFormatter<Nullable<Nil>>, IMessagePackFormatter // TypeDefIndex: 8049"
"656933","enum","JsonType","8050","public enum JsonType // TypeDefIndex: 8050"
"656949","interface","IJsonWrapper","8051","public interface IJsonWrapper : IList, ICollection, IEnumerable, IOrderedDictionary, IDictionary // TypeDefIndex: 8051"
"657038","class","JsonData","8052","public class JsonData : IJsonWrapper, IList, ICollection, IEnumerable, IOrderedDictionary, IDictionary, IEquatable<JsonData> // TypeDefIndex: 8052"
"657397","class","OrderedDictionaryEnumerator","8053","internal class OrderedDictionaryEnumerator : IDictionaryEnumerator, IEnumerator // TypeDefIndex: 8053"
"657433","class","JsonException","8054","public class JsonException : ApplicationException // TypeDefIndex: 8054"
"657460","struct","PropertyMetadata","8055","internal struct PropertyMetadata // TypeDefIndex: 8055"
"657469","struct","ArrayMetadata","8056","internal struct ArrayMetadata // TypeDefIndex: 8056"
"657503","struct","ObjectMetadata","8057","internal struct ObjectMetadata // TypeDefIndex: 8057"
"657537","class","ExporterFunc","8058","internal sealed class ExporterFunc : MulticastDelegate // TypeDefIndex: 8058"
"657555","class","ExporterFunc","8059","public sealed class ExporterFunc<T> : MulticastDelegate // TypeDefIndex: 8059"
"657593","class","ImporterFunc","8060","internal sealed class ImporterFunc : MulticastDelegate // TypeDefIndex: 8060"
"657611","class","ImporterFunc","8061","public sealed class ImporterFunc<TJson, TValue> : MulticastDelegate // TypeDefIndex: 8061"
"657649","class","WrapperFactory","8062","public sealed class WrapperFactory : MulticastDelegate // TypeDefIndex: 8062"
"657669","class","JsonMapper.","8063","private sealed class JsonMapper.<>c // TypeDefIndex: 8063"
"657801","class","JsonMapper.","8064","private sealed class JsonMapper.<>c__DisplayClass39_0<T> // TypeDefIndex: 8064"
"657827","class","JsonMapper.","8065","private sealed class JsonMapper.<>c__DisplayClass40_0<TJson, TValue> // TypeDefIndex: 8065"
"657852","class","JsonMapper","8066","public class JsonMapper // TypeDefIndex: 8066"
"657988","class","JsonMockWrapper","8067","public class JsonMockWrapper : IJsonWrapper, IList, ICollection, IEnumerable, IOrderedDictionary, IDictionary // TypeDefIndex: 8067"
"658187","enum","JsonToken","8068","public enum JsonToken // TypeDefIndex: 8068"
"658207","class","JsonReader","8069","public class JsonReader // TypeDefIndex: 8069"
"658306","class","JsonSkipAttribute","8070","public sealed class JsonSkipAttribute : Attribute // TypeDefIndex: 8070"
"658315","enum","Condition","8071","internal enum Condition // TypeDefIndex: 8071"
"658327","class","WriterContext","8072","internal class WriterContext // TypeDefIndex: 8072"
"658343","class","JsonWriter","8073","public class JsonWriter // TypeDefIndex: 8073"
"658481","class","FsmContext","8074","internal class FsmContext // TypeDefIndex: 8074"
"658496","class","Lexer.StateHandler","8075","private sealed class Lexer.StateHandler : MulticastDelegate // TypeDefIndex: 8075"
"658514","class","Lexer","8076","internal class Lexer // TypeDefIndex: 8076"
"658675","enum","ParserToken","8077","internal enum ParserToken // TypeDefIndex: 8077"
"658701","class","GpmMultilanguage","8078","public static class GpmMultilanguage // TypeDefIndex: 8078"
"658743","class","MultilanguageCallback","8079","public sealed class MultilanguageCallback : MulticastDelegate // TypeDefIndex: 8079"
"658761","enum","MultilanguageResultCode","8080","public enum MultilanguageResultCode // TypeDefIndex: 8080"
"658778","class","MultilanguageImplementation.","8081","private sealed class MultilanguageImplementation.<>c__DisplayClass6_0 // TypeDefIndex: 8081"
"658795","class","MultilanguageImplementation","8082","public class MultilanguageImplementation // TypeDefIndex: 8082"
"658851","interface","IMultilanguageLoader","8083","public interface IMultilanguageLoader // TypeDefIndex: 8083"
"658860","enum","MultilanguageLoader.LoadType","8084","public enum MultilanguageLoader.LoadType // TypeDefIndex: 8084"
"658872","class","MultilanguageLoader.","8085","private sealed class MultilanguageLoader.<>c__DisplayClass5_0 // TypeDefIndex: 8085"
"658889","class","MultilanguageLoader.","8086","private sealed class MultilanguageLoader.<>c__DisplayClass6_0 // TypeDefIndex: 8086"
"658906","class","MultilanguageLoader.","8087","private sealed class MultilanguageLoader.<>c__DisplayClass7_0 // TypeDefIndex: 8087"
"658927","class","MultilanguageLoader.","8088","private sealed class MultilanguageLoader.<DownloadFile>d__8 : IEnumerator<object>, IEnumerator, IDisposable // TypeDefIndex: 8088"
"658970","class","MultilanguageLoader","8089","internal class MultilanguageLoader : IMultilanguageLoader // TypeDefIndex: 8089"
"659006","class","MultilanguageServiceData","8090","public class MultilanguageServiceData // TypeDefIndex: 8090"
"659043","class","MultilanguageUtil","8091","internal static class MultilanguageUtil // TypeDefIndex: 8091"
"659052","class","MultilanguageXml.DefaultData","8092","public class MultilanguageXml.DefaultData // TypeDefIndex: 8092"
"659067","class","MultilanguageXml.StringList.StringData.LanguageList","8093","public class MultilanguageXml.StringList.StringData.LanguageList // TypeDefIndex: 8093"
"659080","class","MultilanguageXml.StringList.StringData","8094","public class MultilanguageXml.StringList.StringData // TypeDefIndex: 8094"
"659095","class","MultilanguageXml.StringList","8095","public class MultilanguageXml.StringList // TypeDefIndex: 8095"
"659109","class","MultilanguageXml","8096","public class MultilanguageXml // TypeDefIndex: 8096"
"659124","enum","GpmLogger.LogLevelType","8097","public enum GpmLogger.LogLevelType // TypeDefIndex: 8097"
"659136","class","GpmLogger","8098","public static class GpmLogger // TypeDefIndex: 8098"
"659186","class","GpmIndicator","8099","public sealed class GpmIndicator // TypeDefIndex: 8099"
"659201","class","GpmIndicatorData","8100","public class GpmIndicatorData // TypeDefIndex: 8100"
"659223","class","BaseIndicator.","8101","private sealed class BaseIndicator.<>c__DisplayClass3_0 // TypeDefIndex: 8101"
"659240","class","BaseIndicator.","8102","private sealed class BaseIndicator.<>c__DisplayClass4_0 // TypeDefIndex: 8102"
"659257","class","BaseIndicator.","8103","private sealed class BaseIndicator.<ExecuteQueue>d__14 : IEnumerator<object>, IEnumerator, IDisposable // TypeDefIndex: 8103"
"659295","class","BaseIndicator","8104","public class BaseIndicator // TypeDefIndex: 8104"
"659370","class","Launching","8105","public static class Launching // TypeDefIndex: 8105"
"659378","class","EditorIndicator","8106","public class EditorIndicator : BaseIndicator // TypeDefIndex: 8106"
"659387","class","EditorCoroutineObject","8107","public class EditorCoroutineObject : ICoroutineObject // TypeDefIndex: 8107"
"659399","interface","ICoroutineObject","8108","public interface ICoroutineObject // TypeDefIndex: 8108"
"659408","class","InAppCoroutineObject","8109","public class InAppCoroutineObject : ICoroutineObject // TypeDefIndex: 8109"
"659423","class","IndicatorImplementation","8110","public class IndicatorImplementation // TypeDefIndex: 8110"
"659456","class","InAppIndicator","8111","public sealed class InAppIndicator : BaseIndicator // TypeDefIndex: 8111"
"659465","class","IndicatorField","8112","public static class IndicatorField // TypeDefIndex: 8112"
"659491","class","LaunchingRequest","8113","public class LaunchingRequest // TypeDefIndex: 8113"
"659509","class","LogNCrashRequest","8114","public class LogNCrashRequest // TypeDefIndex: 8114"
"659527","class","Config.Launching","8115","public class Config.Launching // TypeDefIndex: 8115"
"659543","class","Config","8116","public class Config // TypeDefIndex: 8116"
"659555","class","LaunchingInfo.Header","8117","public class LaunchingInfo.Header // TypeDefIndex: 8117"
"659569","class","LaunchingInfo.Launching.Indicator.Zone","8118","public class LaunchingInfo.Launching.Indicator.Zone // TypeDefIndex: 8118"
"659584","class","LaunchingInfo.Launching.Indicator","8119","public class LaunchingInfo.Launching.Indicator // TypeDefIndex: 8119"
"659597","class","LaunchingInfo.Launching","8120","public class LaunchingInfo.Launching // TypeDefIndex: 8120"
"659609","class","LaunchingInfo","8121","public class LaunchingInfo // TypeDefIndex: 8121"
"659622","class","QueueItem","8122","public class QueueItem // TypeDefIndex: 8122"
"659639","enum","CompressResultCode","8123","public enum CompressResultCode // TypeDefIndex: 8123"
"659651","enum","CompressFormat","8124","public enum CompressFormat // TypeDefIndex: 8124"
"659663","class","GpmCompress","8125","public static class GpmCompress // TypeDefIndex: 8125"
"659675","class","CompressImplementation.UnityPackage","8126","public static class CompressImplementation.UnityPackage // TypeDefIndex: 8126"
"659684","class","CompressImplementation","8127","internal static class CompressImplementation // TypeDefIndex: 8127"
"659969","class","SystemCertificateProvider","8167","internal class SystemCertificateProvider : ISystemCertificateProvider // TypeDefIndex: 8167"
"660013","class","SystemDependencyProvider","8168","internal class SystemDependencyProvider : ISystemDependencyProvider // TypeDefIndex: 8168"
"660053","class","X509Pal","8169","internal static class X509Pal // TypeDefIndex: 8169"
"660065","class","X509PalImplMono","8170","internal class X509PalImplMono : X509PalImpl // TypeDefIndex: 8170"
"660083","class","X509PalImpl","8171","internal abstract class X509PalImpl // TypeDefIndex: 8171"
"660132","class","MonoPInvokeCallbackAttribute","8172","internal sealed class MonoPInvokeCallbackAttribute : Attribute // TypeDefIndex: 8172"
"660141","class","CertHelper","8173","internal static class CertHelper // TypeDefIndex: 8173"
"660153","class","Debug","8174","internal static class Debug // TypeDefIndex: 8174"
"660165","enum","UnityTls.unitytls_error_code","8175","public enum UnityTls.unitytls_error_code // TypeDefIndex: 8175"
"660196","enum","UnityTls.unitytls_log_level","8176","public enum UnityTls.unitytls_log_level // TypeDefIndex: 8176"
"660211","struct","UnityTls.unitytls_errorstate","8177","public struct UnityTls.unitytls_errorstate // TypeDefIndex: 8177"
"660220","struct","UnityTls.unitytls_key","8178","public struct UnityTls.unitytls_key // TypeDefIndex: 8178"
"660224","struct","UnityTls.unitytls_key_ref","8179","public struct UnityTls.unitytls_key_ref // TypeDefIndex: 8179"
"660231","struct","UnityTls.unitytls_x509_ref","8180","public struct UnityTls.unitytls_x509_ref // TypeDefIndex: 8180"
"660238","struct","UnityTls.unitytls_x509list","8181","public struct UnityTls.unitytls_x509list // TypeDefIndex: 8181"
"660242","struct","UnityTls.unitytls_x509list_ref","8182","public struct UnityTls.unitytls_x509list_ref // TypeDefIndex: 8182"
"660250","enum","UnityTls.unitytls_x509verify_result","8183","public enum UnityTls.unitytls_x509verify_result // TypeDefIndex: 8183"
"660290","class","UnityTls.unitytls_x509verify_callback","8184","public sealed class UnityTls.unitytls_x509verify_callback : MulticastDelegate // TypeDefIndex: 8184"
"660302","struct","UnityTls.unitytls_tlsctx","8185","public struct UnityTls.unitytls_tlsctx // TypeDefIndex: 8185"
"660306","struct","UnityTls.unitytls_x509name","8186","public struct UnityTls.unitytls_x509name // TypeDefIndex: 8186"
"660310","enum","UnityTls.unitytls_ciphersuite","8187","public enum UnityTls.unitytls_ciphersuite // TypeDefIndex: 8187"
"660318","enum","UnityTls.unitytls_protocol","8188","public enum UnityTls.unitytls_protocol // TypeDefIndex: 8188"
"660329","struct","UnityTls.unitytls_tlsctx_protocolrange","8189","public struct UnityTls.unitytls_tlsctx_protocolrange // TypeDefIndex: 8189"
"660338","class","UnityTls.unitytls_tlsctx_write_callback","8190","public sealed class UnityTls.unitytls_tlsctx_write_callback : MulticastDelegate // TypeDefIndex: 8190"
"660351","class","UnityTls.unitytls_tlsctx_read_callback","8191","public sealed class UnityTls.unitytls_tlsctx_read_callback : MulticastDelegate // TypeDefIndex: 8191"
"660364","class","UnityTls.unitytls_tlsctx_trace_callback","8192","public sealed class UnityTls.unitytls_tlsctx_trace_callback : MulticastDelegate // TypeDefIndex: 8192"
"660377","class","UnityTls.unitytls_tlsctx_certificate_callback","8193","public sealed class UnityTls.unitytls_tlsctx_certificate_callback : MulticastDelegate // TypeDefIndex: 8193"
"660390","class","UnityTls.unitytls_tlsctx_x509verify_callback","8194","public sealed class UnityTls.unitytls_tlsctx_x509verify_callback : MulticastDelegate // TypeDefIndex: 8194"
"660402","struct","UnityTls.unitytls_tlsctx_callbacks","8195","public struct UnityTls.unitytls_tlsctx_callbacks // TypeDefIndex: 8195"
"660412","class","UnityTls.unitytls_interface_struct.unitytls_errorstate_create_t","8196","public sealed class UnityTls.unitytls_interface_struct.unitytls_errorstate_create_t : MulticastDelegate // TypeDefIndex: 8196"
"660425","class","UnityTls.unitytls_interface_struct.unitytls_errorstate_raise_error_t","8197","public sealed class UnityTls.unitytls_interface_struct.unitytls_errorstate_raise_error_t : MulticastDelegate // TypeDefIndex: 8197"
"660438","class","UnityTls.unitytls_interface_struct.unitytls_key_get_ref_t","8198","public sealed class UnityTls.unitytls_interface_struct.unitytls_key_get_ref_t : MulticastDelegate // TypeDefIndex: 8198"
"660451","class","UnityTls.unitytls_interface_struct.unitytls_key_parse_der_t","8199","public sealed class UnityTls.unitytls_interface_struct.unitytls_key_parse_der_t : MulticastDelegate // TypeDefIndex: 8199"
"660464","class","UnityTls.unitytls_interface_struct.unitytls_key_parse_pem_t","8200","public sealed class UnityTls.unitytls_interface_struct.unitytls_key_parse_pem_t : MulticastDelegate // TypeDefIndex: 8200"
"660477","class","UnityTls.unitytls_interface_struct.unitytls_key_free_t","8201","public sealed class UnityTls.unitytls_interface_struct.unitytls_key_free_t : MulticastDelegate // TypeDefIndex: 8201"
"660490","class","UnityTls.unitytls_interface_struct.unitytls_x509_export_der_t","8202","public sealed class UnityTls.unitytls_interface_struct.unitytls_x509_export_der_t : MulticastDelegate // TypeDefIndex: 8202"
"660503","class","UnityTls.unitytls_interface_struct.unitytls_x509list_get_ref_t","8203","public sealed class UnityTls.unitytls_interface_struct.unitytls_x509list_get_ref_t : MulticastDelegate // TypeDefIndex: 8203"
"660516","class","UnityTls.unitytls_interface_struct.unitytls_x509list_get_x509_t","8204","public sealed class UnityTls.unitytls_interface_struct.unitytls_x509list_get_x509_t : MulticastDelegate // TypeDefIndex: 8204"
"660529","class","UnityTls.unitytls_interface_struct.unitytls_x509list_create_t","8205","public sealed class UnityTls.unitytls_interface_struct.unitytls_x509list_create_t : MulticastDelegate // TypeDefIndex: 8205"
"660542","class","UnityTls.unitytls_interface_struct.unitytls_x509list_append_t","8206","public sealed class UnityTls.unitytls_interface_struct.unitytls_x509list_append_t : MulticastDelegate // TypeDefIndex: 8206"
"660555","class","UnityTls.unitytls_interface_struct.unitytls_x509list_append_der_t","8207","public sealed class UnityTls.unitytls_interface_struct.unitytls_x509list_append_der_t : MulticastDelegate // TypeDefIndex: 8207"
"660568","class","UnityTls.unitytls_interface_struct.unitytls_x509list_free_t","8208","public sealed class UnityTls.unitytls_interface_struct.unitytls_x509list_free_t : MulticastDelegate // TypeDefIndex: 8208"
"660581","class","UnityTls.unitytls_interface_struct.unitytls_x509verify_default_ca_t","8209","public sealed class UnityTls.unitytls_interface_struct.unitytls_x509verify_default_ca_t : MulticastDelegate // TypeDefIndex: 8209"
"660594","class","UnityTls.unitytls_interface_struct.unitytls_x509verify_explicit_ca_t","8210","public sealed class UnityTls.unitytls_interface_struct.unitytls_x509verify_explicit_ca_t : MulticastDelegate // TypeDefIndex: 8210"
"660607","class","UnityTls.unitytls_interface_struct.unitytls_tlsctx_create_server_t","8211","public sealed class UnityTls.unitytls_interface_struct.unitytls_tlsctx_create_server_t : MulticastDelegate // TypeDefIndex: 8211"
"660620","class","UnityTls.unitytls_interface_struct.unitytls_tlsctx_create_client_t","8212","public sealed class UnityTls.unitytls_interface_struct.unitytls_tlsctx_create_client_t : MulticastDelegate // TypeDefIndex: 8212"
"660633","class","UnityTls.unitytls_interface_struct.unitytls_tlsctx_server_require_client_authentication_t","8213","public sealed class UnityTls.unitytls_interface_struct.unitytls_tlsctx_server_require_client_authentication_t : MulticastDelegate // TypeDefIndex: 8213"
"660646","class","UnityTls.unitytls_interface_struct.unitytls_tlsctx_set_certificate_callback_t","8214","public sealed class UnityTls.unitytls_interface_struct.unitytls_tlsctx_set_certificate_callback_t : MulticastDelegate // TypeDefIndex: 8214"
"660659","class","UnityTls.unitytls_interface_struct.unitytls_tlsctx_set_trace_callback_t","8215","public sealed class UnityTls.unitytls_interface_struct.unitytls_tlsctx_set_trace_callback_t : MulticastDelegate // TypeDefIndex: 8215"
"660672","class","UnityTls.unitytls_interface_struct.unitytls_tlsctx_set_x509verify_callback_t","8216","public sealed class UnityTls.unitytls_interface_struct.unitytls_tlsctx_set_x509verify_callback_t : MulticastDelegate // TypeDefIndex: 8216"
"660685","class","UnityTls.unitytls_interface_struct.unitytls_tlsctx_set_supported_ciphersuites_t","8217","public sealed class UnityTls.unitytls_interface_struct.unitytls_tlsctx_set_supported_ciphersuites_t : MulticastDelegate // TypeDefIndex: 8217"
"660698","class","UnityTls.unitytls_interface_struct.unitytls_tlsctx_get_ciphersuite_t","8218","public sealed class UnityTls.unitytls_interface_struct.unitytls_tlsctx_get_ciphersuite_t : MulticastDelegate // TypeDefIndex: 8218"
"660711","class","UnityTls.unitytls_interface_struct.unitytls_tlsctx_get_protocol_t","8219","public sealed class UnityTls.unitytls_interface_struct.unitytls_tlsctx_get_protocol_t : MulticastDelegate // TypeDefIndex: 8219"
"660724","class","UnityTls.unitytls_interface_struct.unitytls_tlsctx_process_handshake_t","8220","public sealed class UnityTls.unitytls_interface_struct.unitytls_tlsctx_process_handshake_t : MulticastDelegate // TypeDefIndex: 8220"
"660737","class","UnityTls.unitytls_interface_struct.unitytls_tlsctx_read_t","8221","public sealed class UnityTls.unitytls_interface_struct.unitytls_tlsctx_read_t : MulticastDelegate // TypeDefIndex: 8221"
"660750","class","UnityTls.unitytls_interface_struct.unitytls_tlsctx_write_t","8222","public sealed class UnityTls.unitytls_interface_struct.unitytls_tlsctx_write_t : MulticastDelegate // TypeDefIndex: 8222"
"660763","class","UnityTls.unitytls_interface_struct.unitytls_tlsctx_notify_close_t","8223","public sealed class UnityTls.unitytls_interface_struct.unitytls_tlsctx_notify_close_t : MulticastDelegate // TypeDefIndex: 8223"
"660776","class","UnityTls.unitytls_interface_struct.unitytls_tlsctx_free_t","8224","public sealed class UnityTls.unitytls_interface_struct.unitytls_tlsctx_free_t : MulticastDelegate // TypeDefIndex: 8224"
"660789","class","UnityTls.unitytls_interface_struct.unitytls_random_generate_bytes_t","8225","public sealed class UnityTls.unitytls_interface_struct.unitytls_random_generate_bytes_t : MulticastDelegate // TypeDefIndex: 8225"
"660802","class","UnityTls.unitytls_interface_struct.unitytls_x509verify_result_to_string_t","8226","public sealed class UnityTls.unitytls_interface_struct.unitytls_x509verify_result_to_string_t : MulticastDelegate // TypeDefIndex: 8226"
"660815","class","UnityTls.unitytls_interface_struct.unitytls_tlsctx_set_trace_level_t","8227","public sealed class UnityTls.unitytls_interface_struct.unitytls_tlsctx_set_trace_level_t : MulticastDelegate // TypeDefIndex: 8227"
"660827","class","UnityTls.unitytls_interface_struct","8228","public class UnityTls.unitytls_interface_struct // TypeDefIndex: 8228"
"660873","class","UnityTls","8229","internal static class UnityTls // TypeDefIndex: 8229"
"660895","class","UnityTlsContext","8230","internal class UnityTlsContext : MobileTlsContext // TypeDefIndex: 8230"
"660995","class","UnityTlsConversions","8231","internal static class UnityTlsConversions // TypeDefIndex: 8231"
"661019","class","UnityTlsProvider","8232","internal class UnityTlsProvider : MobileTlsProvider // TypeDefIndex: 8232"
"661068","class","UnityTlsStream","8233","internal class UnityTlsStream : MobileAuthenticatedStream // TypeDefIndex: 8233"
"661080","class","X509ChainImplUnityTls","8234","internal class X509ChainImplUnityTls : X509ChainImpl // TypeDefIndex: 8234"
"661130","class","BufferOffsetSize","8235","internal class BufferOffsetSize // TypeDefIndex: 8235"
"661159","class","BufferOffsetSize2","8236","internal class BufferOffsetSize2 : BufferOffsetSize // TypeDefIndex: 8236"
"661180","enum","AsyncOperationStatus","8237","internal enum AsyncOperationStatus // TypeDefIndex: 8237"
"661191","class","AsyncProtocolResult","8238","internal class AsyncProtocolResult // TypeDefIndex: 8238"
"661222","struct","AsyncProtocolRequest.","8239","private struct AsyncProtocolRequest.<StartOperation>d__23 : IAsyncStateMachine // TypeDefIndex: 8239"
"661243","struct","AsyncProtocolRequest.","8240","private struct AsyncProtocolRequest.<ProcessOperation>d__24 : IAsyncStateMachine // TypeDefIndex: 8240"
"661267","struct","AsyncProtocolRequest.","8241","private struct AsyncProtocolRequest.<InnerRead>d__25 : IAsyncStateMachine // TypeDefIndex: 8241"
"661289","class","AsyncProtocolRequest","8242","internal abstract class AsyncProtocolRequest // TypeDefIndex: 8242"
"661359","class","AsyncHandshakeRequest","8243","internal class AsyncHandshakeRequest : AsyncProtocolRequest // TypeDefIndex: 8243"
"661371","class","AsyncReadOrWriteRequest","8244","internal abstract class AsyncReadOrWriteRequest : AsyncProtocolRequest // TypeDefIndex: 8244"
"661405","class","AsyncReadRequest","8245","internal class AsyncReadRequest : AsyncReadOrWriteRequest // TypeDefIndex: 8245"
"661417","class","AsyncWriteRequest","8246","internal class AsyncWriteRequest : AsyncReadOrWriteRequest // TypeDefIndex: 8246"
"661430","class","ChainValidationHelper.","8247","private sealed class ChainValidationHelper.<>c__DisplayClass11_0 // TypeDefIndex: 8247"
"661445","class","ChainValidationHelper","8248","internal class ChainValidationHelper : ICertificateValidator // TypeDefIndex: 8248"
"661496","enum","MobileAuthenticatedStream.Operation","8249","private enum MobileAuthenticatedStream.Operation // TypeDefIndex: 8249"
"661510","enum","MobileAuthenticatedStream.OperationType","8250","private enum MobileAuthenticatedStream.OperationType // TypeDefIndex: 8250"
"661522","struct","MobileAuthenticatedStream.","8251","private struct MobileAuthenticatedStream.<ProcessAuthentication>d__48 : IAsyncStateMachine // TypeDefIndex: 8251"
"661545","struct","MobileAuthenticatedStream.","8252","private struct MobileAuthenticatedStream.<StartOperation>d__57 : IAsyncStateMachine // TypeDefIndex: 8252"
"661568","class","MobileAuthenticatedStream.","8253","private sealed class MobileAuthenticatedStream.<>c__DisplayClass66_0 // TypeDefIndex: 8253"
"661585","struct","MobileAuthenticatedStream.","8254","private struct MobileAuthenticatedStream.<InnerRead>d__66 : IAsyncStateMachine // TypeDefIndex: 8254"
"661608","struct","MobileAuthenticatedStream.","8255","private struct MobileAuthenticatedStream.<InnerWrite>d__67 : IAsyncStateMachine // TypeDefIndex: 8255"
"661629","class","MobileAuthenticatedStream","8256","internal abstract class MobileAuthenticatedStream : AuthenticatedStream, IDisposable // TypeDefIndex: 8256"
"661839","class","MobileTlsContext","8257","internal abstract class MobileTlsContext : IDisposable // TypeDefIndex: 8257"
"661965","class","MobileTlsProvider","8258","internal abstract class MobileTlsProvider : MonoTlsProvider // TypeDefIndex: 8258"
"661980","class","MonoSslAuthenticationOptions","8259","internal abstract class MonoSslAuthenticationOptions // TypeDefIndex: 8259"
"662047","class","MonoSslClientAuthenticationOptions","8260","internal sealed class MonoSslClientAuthenticationOptions : MonoSslAuthenticationOptions // TypeDefIndex: 8260"
"662114","class","MonoSslServerAuthenticationOptions","8261","internal sealed class MonoSslServerAuthenticationOptions : MonoSslAuthenticationOptions // TypeDefIndex: 8261"
"662181","class","MonoTlsProviderFactory","8262","internal static class MonoTlsProviderFactory // TypeDefIndex: 8262"
"662225","struct","MonoTlsStream.","8263","private struct MonoTlsStream.<CreateStream>d__18 : IAsyncStateMachine // TypeDefIndex: 8263"
"662247","class","MonoTlsStream","8264","internal class MonoTlsStream : IDisposable // TypeDefIndex: 8264"
"662296","class","NoReflectionHelper","8265","internal static class NoReflectionHelper // TypeDefIndex: 8265"
"662305","class","SystemCertificateValidator","8266","internal static class SystemCertificateValidator // TypeDefIndex: 8266"
"662322","class","CallbackHelpers.","8267","private sealed class CallbackHelpers.<>c__DisplayClass0_0 // TypeDefIndex: 8267"
"662338","class","CallbackHelpers.","8268","private sealed class CallbackHelpers.<>c__DisplayClass6_0 // TypeDefIndex: 8268"
"662353","class","CallbackHelpers","8269","internal static class CallbackHelpers // TypeDefIndex: 8269"
"662365","class","NtlmSession","8270","internal class NtlmSession // TypeDefIndex: 8270"
"662382","class","NtlmClient.","8271","private sealed class NtlmClient.<>c // TypeDefIndex: 8271"
"662401","class","NtlmClient","8272","internal class NtlmClient : IAuthenticationModule // TypeDefIndex: 8272"
"662430","class","OidLookup.","8273","private sealed class OidLookup.<>c // TypeDefIndex: 8273"
"662451","class","OidLookup","8274","internal static class OidLookup // TypeDefIndex: 8274"
"662482","enum","GeneralNameType","8275","internal enum GeneralNameType // TypeDefIndex: 8275"
"662499","struct","CertificateData.AlgorithmIdentifier","8276","internal struct CertificateData.AlgorithmIdentifier // TypeDefIndex: 8276"
"662508","class","CertificateData.","8277","private sealed class CertificateData.<ReadReverseRdns>d__21 : IEnumerable<KeyValuePair<string, string>>, IEnumerable, IEnumerator<KeyValuePair<string, string>>, IDisposable, IEnumerator // TypeDefIndex: 8277"
"662558","struct","CertificateData","8278","internal struct CertificateData // TypeDefIndex: 8278"
"662598","class","NativeMethods","8279","internal static class NativeMethods // TypeDefIndex: 8279"
"662622","class","SafeProcessHandle","8280","public sealed class SafeProcessHandle : SafeHandleZeroOrMinusOneIsInvalid // TypeDefIndex: 8280"
"662643","class","IPv4AddressHelper","8281","internal static class IPv4AddressHelper // TypeDefIndex: 8281"
"662670","class","IPv6AddressHelper","8282","internal static class IPv6AddressHelper // TypeDefIndex: 8282"
"662700","class","NotImplemented","8283","internal static class NotImplemented // TypeDefIndex: 8283"
"662709","class","PasteArguments","8284","internal static class PasteArguments // TypeDefIndex: 8284"
"662722","class","StringExtensions","8285","internal static class StringExtensions // TypeDefIndex: 8285"
"662732","class","UriBuilder","8286","public class UriBuilder // TypeDefIndex: 8286"
"662789","class","SecurityUtils","8287","internal static class SecurityUtils // TypeDefIndex: 8287"
"662826","class","InvariantComparer","8288","internal class InvariantComparer : IComparer // TypeDefIndex: 8288"
"662845","class","IriHelper","8289","internal static class IriHelper // TypeDefIndex: 8289"
"662864","enum","Uri.Flags","8290","private enum Uri.Flags // TypeDefIndex: 8290"
"662926","class","Uri.UriInfo","8291","private class Uri.UriInfo // TypeDefIndex: 8291"
"662943","struct","Uri.Offset","8292","private struct Uri.Offset // TypeDefIndex: 8292"
"662957","class","Uri.MoreInfo","8293","private class Uri.MoreInfo // TypeDefIndex: 8293"
"662975","enum","Uri.Check","8294","private enum Uri.Check // TypeDefIndex: 8294"
"662993","class","Uri","8295","public class Uri : ISerializable // TypeDefIndex: 8295"
"663456","class","UriFormatException","8296","public class UriFormatException : FormatException, ISerializable // TypeDefIndex: 8296"
"663477","enum","UriKind","8297","public enum UriKind // TypeDefIndex: 8297"
"663488","enum","UriComponents","8298","public enum UriComponents // TypeDefIndex: 8298"
"663512","enum","UriFormat","8299","public enum UriFormat // TypeDefIndex: 8299"
"663522","enum","UriIdnScope","8300","public enum UriIdnScope // TypeDefIndex: 8300"
"663532","enum","ParsingError","8301","internal enum ParsingError // TypeDefIndex: 8301"
"663554","enum","UnescapeMode","8302","internal enum UnescapeMode // TypeDefIndex: 8302"
"663568","class","UriHelper","8303","internal static class UriHelper // TypeDefIndex: 8303"
"663616","enum","UriHostNameType","8304","public enum UriHostNameType // TypeDefIndex: 8304"
"663628","enum","UriParser.UriQuirksVersion","8305","private enum UriParser.UriQuirksVersion // TypeDefIndex: 8305"
"663637","class","UriParser.BuiltInUriParser","8306","private class UriParser.BuiltInUriParser : UriParser // TypeDefIndex: 8306"
"663646","class","UriParser","8307","public abstract class UriParser // TypeDefIndex: 8307"
"663781","class","DomainNameHelper","8308","internal class DomainNameHelper // TypeDefIndex: 8308"
"663820","class","UncNameHelper","8309","internal class UncNameHelper // TypeDefIndex: 8309"
"663833","enum","UriSyntaxFlags","8310","internal enum UriSyntaxFlags // TypeDefIndex: 8310"
"663869","class","LocalAppContextSwitches","8311","internal static class LocalAppContextSwitches // TypeDefIndex: 8311"
"663876","enum","IOOperation","8312","internal enum IOOperation // TypeDefIndex: 8312"
"663885","class","IOAsyncCallback","8313","internal sealed class IOAsyncCallback : MulticastDelegate // TypeDefIndex: 8313"
"663897","class","IOAsyncResult","8314","internal abstract class IOAsyncResult : IAsyncResult // TypeDefIndex: 8314"
"663950","class","IOSelectorJob","8315","internal class IOSelectorJob : IThreadPoolWorkItem // TypeDefIndex: 8315"
"663973","class","IOSelector","8316","internal static class IOSelector // TypeDefIndex: 8316"
"663982","class","UriTypeConverter","8317","public class UriTypeConverter : TypeConverter // TypeDefIndex: 8317"
"664007","class","FrameworkName","8318","public sealed class FrameworkName : IEquatable<FrameworkName> // TypeDefIndex: 8318"
"664052","class","Capture","8319","public class Capture // TypeDefIndex: 8319"
"664115","class","CaptureCollection.Enumerator","8320","private sealed class CaptureCollection.Enumerator : IEnumerator<Capture>, IDisposable, IEnumerator // TypeDefIndex: 8320"
"664150","class","CaptureCollection","8321","public class CaptureCollection : IList<Capture>, ICollection<Capture>, IEnumerable<Capture>, IEnumerable, IReadOnlyList<Capture>, IReadOnlyCollection<Capture>, IList, ICollection // TypeDefIndex: 8321"
"664267","class","CollectionDebuggerProxy","8322","internal sealed class CollectionDebuggerProxy<T> // TypeDefIndex: 8322"
"664272","class","Group","8323","public class Group : Capture // TypeDefIndex: 8323"
"664305","class","GroupCollection.Enumerator","8324","private sealed class GroupCollection.Enumerator : IEnumerator<Group>, IDisposable, IEnumerator // TypeDefIndex: 8324"
"664341","class","GroupCollection","8325","public class GroupCollection : IList<Group>, ICollection<Group>, IEnumerable<Group>, IEnumerable, IReadOnlyList<Group>, IReadOnlyCollection<Group>, IList, ICollection // TypeDefIndex: 8325"
"664463","class","Match","8326","public class Match : Group // TypeDefIndex: 8326"
"664535","class","MatchSparse","8327","internal class MatchSparse : Match // TypeDefIndex: 8327"
"664554","class","MatchCollection.Enumerator","8328","private sealed class MatchCollection.Enumerator : IEnumerator<Match>, IDisposable, IEnumerator // TypeDefIndex: 8328"
"664590","class","MatchCollection","8329","public class MatchCollection : IList<Match>, ICollection<Match>, IEnumerable<Match>, IEnumerable, IReadOnlyList<Match>, IReadOnlyCollection<Match>, IList, ICollection // TypeDefIndex: 8329"
"664712","class","ExclusiveReference","8330","internal sealed class ExclusiveReference // TypeDefIndex: 8330"
"664733","struct","Regex.CachedCodeEntryKey","8331","internal struct Regex.CachedCodeEntryKey : IEquatable<Regex.CachedCodeEntryKey> // TypeDefIndex: 8331"
"664759","class","Regex.CachedCodeEntry","8332","internal sealed class Regex.CachedCodeEntry // TypeDefIndex: 8332"
"664780","class","Regex","8333","public class Regex : ISerializable // TypeDefIndex: 8333"
"664965","class","MatchEvaluator","8334","public sealed class MatchEvaluator : MulticastDelegate // TypeDefIndex: 8334"
"664977","class","RegexBoyerMoore","8335","internal sealed class RegexBoyerMoore // TypeDefIndex: 8335"
"665007","struct","RegexCharClass.LowerCaseMapping","8336","private struct RegexCharClass.LowerCaseMapping // TypeDefIndex: 8336"
"665022","class","RegexCharClass.SingleRangeComparer","8337","private sealed class RegexCharClass.SingleRangeComparer : IComparer<RegexCharClass.SingleRange> // TypeDefIndex: 8337"
"665041","struct","RegexCharClass.SingleRange","8338","private struct RegexCharClass.SingleRange // TypeDefIndex: 8338"
"665054","class","RegexCharClass","8339","internal sealed class RegexCharClass // TypeDefIndex: 8339"
"665202","class","RegexCode","8340","internal sealed class RegexCode // TypeDefIndex: 8340"
"665275","struct","RegexFCD","8341","internal struct RegexFCD // TypeDefIndex: 8341"
"665336","class","RegexFC","8342","internal sealed class RegexFC // TypeDefIndex: 8342"
"665374","class","RegexInterpreter","8343","internal sealed class RegexInterpreter : RegexRunner // TypeDefIndex: 8343"
"665509","class","RegexMatchTimeoutException","8344","public class RegexMatchTimeoutException : TimeoutException, ISerializable // TypeDefIndex: 8344"
"665552","class","RegexNode","8345","internal sealed class RegexNode // TypeDefIndex: 8345"
"665629","enum","RegexOptions","8346","public enum RegexOptions // TypeDefIndex: 8346"
"665646","class","RegexParser","8347","internal sealed class RegexParser // TypeDefIndex: 8347"
"665900","struct","RegexPrefix","8348","internal struct RegexPrefix // TypeDefIndex: 8348"
"665937","class","RegexReplacement","8349","internal sealed class RegexReplacement // TypeDefIndex: 8349"
"665976","class","RegexRunner","8350","public abstract class RegexRunner // TypeDefIndex: 8350"
"666078","class","RegexRunnerFactory","8351","public abstract class RegexRunnerFactory // TypeDefIndex: 8351"
"666090","class","RegexTree","8352","internal sealed class RegexTree // TypeDefIndex: 8352"
"666110","struct","RegexWriter","8353","internal struct RegexWriter // TypeDefIndex: 8353"
"666158","class","GeneratedCodeAttribute","8354","public sealed class GeneratedCodeAttribute : Attribute // TypeDefIndex: 8354"
"666172","class","BooleanSwitch","8355","public class BooleanSwitch : Switch // TypeDefIndex: 8355"
"666181","class","Switch","8356","public abstract class Switch // TypeDefIndex: 8356"
"666208","class","SwitchLevelAttribute","8357","public sealed class SwitchLevelAttribute : Attribute // TypeDefIndex: 8357"
"666226","enum","TraceLevel","8358","public enum TraceLevel // TypeDefIndex: 8358"
"666239","class","TraceSwitch","8359","public class TraceSwitch : Switch // TypeDefIndex: 8359"
"666248","class","AsyncStreamReader","8360","internal class AsyncStreamReader // TypeDefIndex: 8360"
"666274","enum","Process.StreamReadMode","8361","private enum Process.StreamReadMode // TypeDefIndex: 8361"
"666284","enum","Process.State","8362","private enum Process.State // TypeDefIndex: 8362"
"666299","struct","Process.ProcInfo","8363","private struct Process.ProcInfo // TypeDefIndex: 8363"
"666315","class","Process","8364","public class Process : Component // TypeDefIndex: 8364"
"666496","class","ProcessInfo","8365","internal class ProcessInfo // TypeDefIndex: 8365"
"666501","class","ProcessModuleCollection","8366","public class ProcessModuleCollection : ReadOnlyCollectionBase // TypeDefIndex: 8366"
"666506","class","ProcessStartInfo","8367","public sealed class ProcessStartInfo // TypeDefIndex: 8367"
"666668","class","ProcessThreadCollection","8368","public class ProcessThreadCollection : ReadOnlyCollectionBase // TypeDefIndex: 8368"
"666672","class","ProcessWaitHandle","8369","internal class ProcessWaitHandle : WaitHandle // TypeDefIndex: 8369"
"666682","class","MonitoringDescriptionAttribute","8370","public class MonitoringDescriptionAttribute : DescriptionAttribute // TypeDefIndex: 8370"
"666697","enum","ProcessWindowStyle","8371","public enum ProcessWindowStyle // TypeDefIndex: 8371"
"666708","class","Stopwatch","8372","public class Stopwatch // TypeDefIndex: 8372"
"666758","class","ExcludeFromCodeCoverageAttribute","8373","public sealed class ExcludeFromCodeCoverageAttribute : Attribute // TypeDefIndex: 8373"
"666768","class","AuthenticationException","8374","public class AuthenticationException : SystemException // TypeDefIndex: 8374"
"666784","enum","SslProtocols","8375","public enum SslProtocols // TypeDefIndex: 8375"
"666802","class","ServiceNameCollection","8376","public class ServiceNameCollection : ReadOnlyCollectionBase // TypeDefIndex: 8376"
"666809","class","ExtendedProtectionPolicy","8377","public class ExtendedProtectionPolicy : ISerializable // TypeDefIndex: 8377"
"666830","class","ExtendedProtectionPolicyTypeConverter","8378","public class ExtendedProtectionPolicyTypeConverter : TypeConverter // TypeDefIndex: 8378"
"666845","enum","PolicyEnforcement","8379","public enum PolicyEnforcement // TypeDefIndex: 8379"
"666855","enum","DerSequenceReader.DerTag","8380","internal enum DerSequenceReader.DerTag // TypeDefIndex: 8380"
"666879","class","DerSequenceReader.","8381","private sealed class DerSequenceReader.<>c // TypeDefIndex: 8381"
"666906","class","DerSequenceReader","8382","internal class DerSequenceReader // TypeDefIndex: 8382"
"667023","class","Oid","8383","public sealed class Oid // TypeDefIndex: 8383"
"667066","class","OidCollection","8384","public sealed class OidCollection : ICollection, IEnumerable // TypeDefIndex: 8384"
"667108","class","OidEnumerator","8385","public sealed class OidEnumerator : IEnumerator // TypeDefIndex: 8385"
"667137","enum","OidGroup","8386","public enum OidGroup // TypeDefIndex: 8386"
"667155","enum","AsnDecodeStatus","8387","internal enum AsnDecodeStatus // TypeDefIndex: 8387"
"667168","class","AsnEncodedData","8388","public class AsnEncodedData // TypeDefIndex: 8388"
"667237","enum","OpenFlags","8389","public enum OpenFlags // TypeDefIndex: 8389"
"667249","enum","StoreLocation","8390","public enum StoreLocation // TypeDefIndex: 8390"
"667258","enum","StoreName","8391","public enum StoreName // TypeDefIndex: 8391"
"667274","enum","X500DistinguishedNameFlags","8392","public enum X500DistinguishedNameFlags // TypeDefIndex: 8392"
"667292","enum","X509ChainStatusFlags","8393","public enum X509ChainStatusFlags // TypeDefIndex: 8393"
"667325","enum","X509FindType","8394","public enum X509FindType // TypeDefIndex: 8394"
"667348","enum","X509KeyUsageFlags","8395","public enum X509KeyUsageFlags // TypeDefIndex: 8395"
"667365","enum","X509NameType","8396","public enum X509NameType // TypeDefIndex: 8396"
"667378","enum","X509RevocationFlag","8397","public enum X509RevocationFlag // TypeDefIndex: 8397"
"667388","enum","X509RevocationMode","8398","public enum X509RevocationMode // TypeDefIndex: 8398"
"667398","enum","X509SubjectKeyIdentifierHashAlgorithm","8399","public enum X509SubjectKeyIdentifierHashAlgorithm // TypeDefIndex: 8399"
"667409","enum","X509VerificationFlags","8400","public enum X509VerificationFlags // TypeDefIndex: 8400"
"667430","class","PublicKey","8401","public sealed class PublicKey // TypeDefIndex: 8401"
"667476","class","X500DistinguishedName","8402","public sealed class X500DistinguishedName : AsnEncodedData // TypeDefIndex: 8402"
"667513","class","X509BasicConstraintsExtension","8403","public sealed class X509BasicConstraintsExtension : X509Extension // TypeDefIndex: 8403"
"667563","class","X509Certificate2","8404","public class X509Certificate2 : X509Certificate // TypeDefIndex: 8404"
"667677","class","X509Certificate2Collection","8405","public class X509Certificate2Collection : X509CertificateCollection // TypeDefIndex: 8405"
"667721","class","X509Certificate2Enumerator","8406","public sealed class X509Certificate2Enumerator : IEnumerator // TypeDefIndex: 8406"
"667752","class","X509Certificate2Impl","8407","internal abstract class X509Certificate2Impl : X509CertificateImpl // TypeDefIndex: 8407"
"667806","class","X509Certificate2ImplMono","8408","internal class X509Certificate2ImplMono : X509Certificate2ImplUnix // TypeDefIndex: 8408"
"667881","class","X509Certificate2ImplUnix","8409","internal abstract class X509Certificate2ImplUnix : X509Certificate2Impl // TypeDefIndex: 8409"
"667968","class","X509CertificateCollection.X509CertificateEnumerator","8410","public class X509CertificateCollection.X509CertificateEnumerator : IEnumerator // TypeDefIndex: 8410"
"668001","class","X509CertificateCollection","8411","public class X509CertificateCollection : CollectionBase // TypeDefIndex: 8411"
"668029","class","X509CertificateImplCollection","8412","internal class X509CertificateImplCollection : IDisposable // TypeDefIndex: 8412"
"668069","class","X509Chain","8413","public class X509Chain : IDisposable // TypeDefIndex: 8413"
"668124","class","X509ChainElement","8414","public class X509ChainElement // TypeDefIndex: 8414"
"668166","class","X509ChainElementCollection","8415","public sealed class X509ChainElementCollection : ICollection, IEnumerable // TypeDefIndex: 8415"
"668214","class","X509ChainElementEnumerator","8416","public sealed class X509ChainElementEnumerator : IEnumerator // TypeDefIndex: 8416"
"668242","class","X509ChainImpl","8417","internal abstract class X509ChainImpl : IDisposable // TypeDefIndex: 8417"
"668286","class","X509ChainImplMono","8418","internal class X509ChainImplMono : X509ChainImpl // TypeDefIndex: 8418"
"668434","class","X509ChainPolicy","8419","public sealed class X509ChainPolicy // TypeDefIndex: 8419"
"668485","struct","X509ChainStatus","8420","public struct X509ChainStatus // TypeDefIndex: 8420"
"668514","class","X509EnhancedKeyUsageExtension","8421","public sealed class X509EnhancedKeyUsageExtension : X509Extension // TypeDefIndex: 8421"
"668551","class","X509Extension","8422","public class X509Extension : AsnEncodedData // TypeDefIndex: 8422"
"668582","class","X509ExtensionCollection","8423","public sealed class X509ExtensionCollection : ICollection, IEnumerable // TypeDefIndex: 8423"
"668628","class","X509ExtensionEnumerator","8424","public sealed class X509ExtensionEnumerator : IEnumerator // TypeDefIndex: 8424"
"668656","class","X509Helper2","8425","internal static class X509Helper2 // TypeDefIndex: 8425"
"668678","class","X509KeyUsageExtension","8426","public sealed class X509KeyUsageExtension : X509Extension // TypeDefIndex: 8426"
"668721","class","X509Store","8427","public sealed class X509Store : IDisposable // TypeDefIndex: 8427"
"668760","class","X509SubjectKeyIdentifierExtension","8428","public sealed class X509SubjectKeyIdentifierExtension : X509Extension // TypeDefIndex: 8428"
"668819","class","DefaultValueAttribute","8429","public class DefaultValueAttribute : Attribute // TypeDefIndex: 8429"
"668856","class","EditorBrowsableAttribute","8430","public sealed class EditorBrowsableAttribute : Attribute // TypeDefIndex: 8430"
"668874","enum","EditorBrowsableState","8431","public enum EditorBrowsableState // TypeDefIndex: 8431"
"668885","class","BrowsableAttribute","8432","public sealed class BrowsableAttribute : Attribute // TypeDefIndex: 8432"
"668921","class","ComponentCollection","8433","public class ComponentCollection : ReadOnlyCollectionBase // TypeDefIndex: 8433"
"668934","class","DescriptionAttribute","8434","public class DescriptionAttribute : Attribute // TypeDefIndex: 8434"
"668979","class","DesignOnlyAttribute","8435","public sealed class DesignOnlyAttribute : Attribute // TypeDefIndex: 8435"
"669015","class","DesignerCategoryAttribute","8436","public sealed class DesignerCategoryAttribute : Attribute // TypeDefIndex: 8436"
"669058","enum","DesignerSerializationVisibility","8437","public enum DesignerSerializationVisibility // TypeDefIndex: 8437"
"669069","class","DesignerSerializationVisibilityAttribute","8438","public sealed class DesignerSerializationVisibilityAttribute : Attribute // TypeDefIndex: 8438"
"669106","class","DisplayNameAttribute","8439","public class DisplayNameAttribute : Attribute // TypeDefIndex: 8439"
"669150","class","EventHandlerList.ListEntry","8440","private sealed class EventHandlerList.ListEntry // TypeDefIndex: 8440"
"669160","class","EventHandlerList","8441","public sealed class EventHandlerList // TypeDefIndex: 8441"
"669179","interface","IContainer","8442","public interface IContainer : IDisposable // TypeDefIndex: 8442"
"669194","interface","ISite","8443","public interface ISite : IServiceProvider // TypeDefIndex: 8443"
"669214","interface","ISynchronizeInvoke","8444","public interface ISynchronizeInvoke // TypeDefIndex: 8444"
"669230","class","InvalidEnumArgumentException","8445","public class InvalidEnumArgumentException : ArgumentException // TypeDefIndex: 8445"
"669246","class","ReadOnlyAttribute","8446","public sealed class ReadOnlyAttribute : Attribute // TypeDefIndex: 8446"
"669282","class","AmbientValueAttribute","8447","public sealed class AmbientValueAttribute : Attribute // TypeDefIndex: 8447"
"669299","class","ArrayConverter.ArrayPropertyDescriptor","8448","private class ArrayConverter.ArrayPropertyDescriptor : TypeConverter.SimplePropertyDescriptor // TypeDefIndex: 8448"
"669317","class","ArrayConverter","8449","public class ArrayConverter : CollectionConverter // TypeDefIndex: 8449"
"669335","struct","AttributeCollection.AttributeEntry","8450","private struct AttributeCollection.AttributeEntry // TypeDefIndex: 8450"
"669344","class","AttributeCollection","8451","public class AttributeCollection : ICollection, IEnumerable // TypeDefIndex: 8451"
"669406","class","AttributeProviderAttribute","8452","public class AttributeProviderAttribute : Attribute // TypeDefIndex: 8452"
"669430","class","BaseNumberConverter","8453","public abstract class BaseNumberConverter : TypeConverter // TypeDefIndex: 8453"
"669470","class","BooleanConverter","8454","public class BooleanConverter : TypeConverter // TypeDefIndex: 8454"
"669497","class","ByteConverter","8455","public class ByteConverter : BaseNumberConverter // TypeDefIndex: 8455"
"669521","class","CharConverter","8456","public class CharConverter : TypeConverter // TypeDefIndex: 8456"
"669539","enum","CollectionChangeAction","8457","public enum CollectionChangeAction // TypeDefIndex: 8457"
"669549","class","CollectionChangeEventArgs","8458","public class CollectionChangeEventArgs : EventArgs // TypeDefIndex: 8458"
"669576","class","CollectionChangeEventHandler","8459","public sealed class CollectionChangeEventHandler : MulticastDelegate // TypeDefIndex: 8459"
"669588","class","CultureInfoConverter.CultureComparer","8460","private class CultureInfoConverter.CultureComparer : IComparer // TypeDefIndex: 8460"
"669603","class","CultureInfoConverter.CultureInfoMapper","8461","private static class CultureInfoConverter.CultureInfoMapper // TypeDefIndex: 8461"
"669621","class","CultureInfoConverter","8462","public class CultureInfoConverter : TypeConverter // TypeDefIndex: 8462"
"669664","class","CustomTypeDescriptor","8463","public abstract class CustomTypeDescriptor : ICustomTypeDescriptor // TypeDefIndex: 8463"
"669691","class","DateTimeConverter","8464","public class DateTimeConverter : TypeConverter // TypeDefIndex: 8464"
"669712","class","DecimalConverter","8465","public class DecimalConverter : BaseNumberConverter // TypeDefIndex: 8465"
"669747","class","DefaultEventAttribute","8466","public sealed class DefaultEventAttribute : Attribute // TypeDefIndex: 8466"
"669778","class","DefaultPropertyAttribute","8467","public sealed class DefaultPropertyAttribute : Attribute // TypeDefIndex: 8467"
"669808","class","DelegatingTypeDescriptionProvider","8468","internal sealed class DelegatingTypeDescriptionProvider : TypeDescriptionProvider // TypeDefIndex: 8468"
"669845","class","ToolboxItemAttribute","8469","public class ToolboxItemAttribute : Attribute // TypeDefIndex: 8469"
"669881","class","DesignTimeVisibleAttribute","8470","public sealed class DesignTimeVisibleAttribute : Attribute // TypeDefIndex: 8470"
"669916","class","DoubleConverter","8471","public class DoubleConverter : BaseNumberConverter // TypeDefIndex: 8471"
"669945","class","EditorAttribute","8472","public sealed class EditorAttribute : Attribute // TypeDefIndex: 8472"
"669983","class","EventDescriptor","8473","public abstract class EventDescriptor : MemberDescriptor // TypeDefIndex: 8473"
"669987","class","EventDescriptorCollection.ArraySubsetEnumerator","8474","private class EventDescriptorCollection.ArraySubsetEnumerator : IEnumerator // TypeDefIndex: 8474"
"670014","class","EventDescriptorCollection","8475","public class EventDescriptorCollection : ICollection, IEnumerable, IList // TypeDefIndex: 8475"
"670145","class","ExpandableObjectConverter","8476","public class ExpandableObjectConverter : TypeConverter // TypeDefIndex: 8476"
"670160","class","ExtendedPropertyDescriptor","8477","internal sealed class ExtendedPropertyDescriptor : PropertyDescriptor // TypeDefIndex: 8477"
"670207","class","ExtenderProvidedPropertyAttribute","8478","public sealed class ExtenderProvidedPropertyAttribute : Attribute // TypeDefIndex: 8478"
"670265","class","GuidConverter","8479","public class GuidConverter : TypeConverter // TypeDefIndex: 8479"
"670286","interface","IBindingList","8480","public interface IBindingList : IList, ICollection, IEnumerable // TypeDefIndex: 8480"
"670290","interface","ICustomTypeDescriptor","8481","public interface ICustomTypeDescriptor // TypeDefIndex: 8481"
"670311","interface","IExtenderProvider","8482","public interface IExtenderProvider // TypeDefIndex: 8482"
"670320","interface","ITypeDescriptorContext","8483","public interface ITypeDescriptorContext : IServiceProvider // TypeDefIndex: 8483"
"670332","class","Int16Converter","8484","public class Int16Converter : BaseNumberConverter // TypeDefIndex: 8484"
"670356","class","Int32Converter","8485","public class Int32Converter : BaseNumberConverter // TypeDefIndex: 8485"
"670380","class","Int64Converter","8486","public class Int64Converter : BaseNumberConverter // TypeDefIndex: 8486"
"670405","class","ListBindableAttribute","8487","public sealed class ListBindableAttribute : Attribute // TypeDefIndex: 8487"
"670441","class","ListChangedEventArgs","8488","public class ListChangedEventArgs : EventArgs // TypeDefIndex: 8488"
"670486","class","ListChangedEventHandler","8489","public sealed class ListChangedEventHandler : MulticastDelegate // TypeDefIndex: 8489"
"670498","enum","ListChangedType","8490","public enum ListChangedType // TypeDefIndex: 8490"
"670515","class","MarshalByValueComponent","8491","public class MarshalByValueComponent : IComponent, IDisposable, IServiceProvider // TypeDefIndex: 8491"
"670555","class","MultilineStringConverter","8492","public class MultilineStringConverter : TypeConverter // TypeDefIndex: 8492"
"670573","class","NullableConverter","8493","public class NullableConverter : TypeConverter // TypeDefIndex: 8493"
"670643","class","PropertyDescriptor","8494","public abstract class PropertyDescriptor : MemberDescriptor // TypeDefIndex: 8494"
"670716","class","PropertyDescriptorCollection.PropertyDescriptorEnumerator","8495","private class PropertyDescriptorCollection.PropertyDescriptorEnumerator : IDictionaryEnumerator, IEnumerator // TypeDefIndex: 8495"
"670754","class","PropertyDescriptorCollection","8496","public class PropertyDescriptorCollection : ICollection, IEnumerable, IList, IDictionary // TypeDefIndex: 8496"
"670940","class","ProvidePropertyAttribute","8497","public sealed class ProvidePropertyAttribute : Attribute // TypeDefIndex: 8497"
"670964","class","ReferenceConverter.ReferenceComparer","8498","private class ReferenceConverter.ReferenceComparer : IComparer // TypeDefIndex: 8498"
"670979","class","ReferenceConverter","8499","public class ReferenceConverter : TypeConverter // TypeDefIndex: 8499"
"671016","class","RefreshEventArgs","8500","public class RefreshEventArgs : EventArgs // TypeDefIndex: 8500"
"671029","class","RefreshEventHandler","8501","public sealed class RefreshEventHandler : MulticastDelegate // TypeDefIndex: 8501"
"671041","class","SByteConverter","8502","public class SByteConverter : BaseNumberConverter // TypeDefIndex: 8502"
"671066","class","SettingsBindableAttribute","8503","public sealed class SettingsBindableAttribute : Attribute // TypeDefIndex: 8503"
"671097","class","SingleConverter","8504","public class SingleConverter : BaseNumberConverter // TypeDefIndex: 8504"
"671125","class","StringConverter","8505","public class StringConverter : TypeConverter // TypeDefIndex: 8505"
"671140","class","TimeSpanConverter","8506","public class TimeSpanConverter : TypeConverter // TypeDefIndex: 8506"
"671162","class","TypeConverterAttribute","8507","public sealed class TypeConverterAttribute : Attribute // TypeDefIndex: 8507"
"671198","class","TypeDescriptionProvider.EmptyCustomTypeDescriptor","8508","private sealed class TypeDescriptionProvider.EmptyCustomTypeDescriptor : CustomTypeDescriptor // TypeDefIndex: 8508"
"671207","class","TypeDescriptionProvider","8509","public abstract class TypeDescriptionProvider // TypeDefIndex: 8509"
"671248","class","TypeDescriptionProviderAttribute","8510","public sealed class TypeDescriptionProviderAttribute : Attribute // TypeDefIndex: 8510"
"671268","class","TypeListConverter","8511","public abstract class TypeListConverter : TypeConverter // TypeDefIndex: 8511"
"671302","class","UInt16Converter","8512","public class UInt16Converter : BaseNumberConverter // TypeDefIndex: 8512"
"671326","class","UInt32Converter","8513","public class UInt32Converter : BaseNumberConverter // TypeDefIndex: 8513"
"671350","class","UInt64Converter","8514","public class UInt64Converter : BaseNumberConverter // TypeDefIndex: 8514"
"671374","interface","IChangeTracking","8515","public interface IChangeTracking // TypeDefIndex: 8515"
"671389","interface","IRevertibleChangeTracking","8516","public interface IRevertibleChangeTracking : IChangeTracking // TypeDefIndex: 8516"
"671398","interface","INotifyPropertyChanged","8517","public interface INotifyPropertyChanged // TypeDefIndex: 8517"
"671412","class","PropertyChangedEventArgs","8518","public class PropertyChangedEventArgs : EventArgs // TypeDefIndex: 8518"
"671424","class","PropertyChangedEventHandler","8519","public sealed class PropertyChangedEventHandler : MulticastDelegate // TypeDefIndex: 8519"
"671436","class","PropertyChangingEventArgs","8520","public class PropertyChangingEventArgs : EventArgs // TypeDefIndex: 8520"
"671448","class","PropertyChangingEventHandler","8521","public sealed class PropertyChangingEventHandler : MulticastDelegate // TypeDefIndex: 8521"
"671461","class","CategoryAttribute","8522","public class CategoryAttribute : Attribute // TypeDefIndex: 8522"
"671500","class","CollectionConverter","8523","public class CollectionConverter : TypeConverter // TypeDefIndex: 8523"
"671521","class","Component","8524","public class Component : MarshalByRefObject, IComponent, IDisposable // TypeDefIndex: 8524"
"671575","class","ComponentConverter","8525","public class ComponentConverter : ReferenceConverter // TypeDefIndex: 8525"
"671590","class","DateTimeOffsetConverter","8526","public class DateTimeOffsetConverter : TypeConverter // TypeDefIndex: 8526"
"671611","class","EnumConverter","8527","public class EnumConverter : TypeConverter // TypeDefIndex: 8527"
"671668","interface","IComponent","8528","public interface IComponent : IDisposable // TypeDefIndex: 8528"
"671681","class","MemberDescriptor","8529","public abstract class MemberDescriptor // TypeDefIndex: 8529"
"671762","class","ReflectPropertyDescriptor","8530","internal sealed class ReflectPropertyDescriptor : PropertyDescriptor // TypeDefIndex: 8530"
"671892","class","ReflectTypeDescriptionProvider.ReflectedTypeData","8531","private class ReflectTypeDescriptionProvider.ReflectedTypeData // TypeDefIndex: 8531"
"671932","class","ReflectTypeDescriptionProvider","8532","internal sealed class ReflectTypeDescriptionProvider : TypeDescriptionProvider // TypeDefIndex: 8532"
"672041","class","TypeConverter.SimplePropertyDescriptor","8533","protected abstract class TypeConverter.SimplePropertyDescriptor : PropertyDescriptor // TypeDefIndex: 8533"
"672081","class","TypeConverter.StandardValuesCollection","8534","public class TypeConverter.StandardValuesCollection : ICollection, IEnumerable // TypeDefIndex: 8534"
"672129","class","TypeConverter","8535","public class TypeConverter // TypeDefIndex: 8535"
"672262","class","TypeDescriptor.AttributeFilterCacheItem","8536","private sealed class TypeDescriptor.AttributeFilterCacheItem // TypeDefIndex: 8536"
"672278","class","TypeDescriptor.FilterCacheItem","8537","private sealed class TypeDescriptor.FilterCacheItem // TypeDefIndex: 8537"
"672294","interface","TypeDescriptor.IUnimplemented","8538","private interface TypeDescriptor.IUnimplemented // TypeDefIndex: 8538"
"672298","class","TypeDescriptor.MemberDescriptorComparer","8539","private sealed class TypeDescriptor.MemberDescriptorComparer : IComparer // TypeDefIndex: 8539"
"672316","class","TypeDescriptor.MergedTypeDescriptor","8540","private sealed class TypeDescriptor.MergedTypeDescriptor : ICustomTypeDescriptor // TypeDefIndex: 8540"
"672344","struct","TypeDescriptor.TypeDescriptionNode.DefaultExtendedTypeDescriptor","8541","private struct TypeDescriptor.TypeDescriptionNode.DefaultExtendedTypeDescriptor : ICustomTypeDescriptor // TypeDefIndex: 8541"
"672372","struct","TypeDescriptor.TypeDescriptionNode.DefaultTypeDescriptor","8542","private struct TypeDescriptor.TypeDescriptionNode.DefaultTypeDescriptor : ICustomTypeDescriptor // TypeDefIndex: 8542"
"672401","class","TypeDescriptor.TypeDescriptionNode","8543","private sealed class TypeDescriptor.TypeDescriptionNode : TypeDescriptionProvider // TypeDefIndex: 8543"
"672433","class","TypeDescriptor.TypeDescriptorComObject","8544","private sealed class TypeDescriptor.TypeDescriptorComObject // TypeDefIndex: 8544"
"672437","class","TypeDescriptor.TypeDescriptorInterface","8545","private sealed class TypeDescriptor.TypeDescriptorInterface // TypeDefIndex: 8545"
"672441","class","TypeDescriptor","8546","public sealed class TypeDescriptor // TypeDefIndex: 8546"
"672590","class","Win32Exception","8547","public class Win32Exception : ExternalException, ISerializable // TypeDefIndex: 8547"
"672624","class","NotifyParentPropertyAttribute","8548","public sealed class NotifyParentPropertyAttribute : Attribute // TypeDefIndex: 8548"
"672657","enum","RefreshProperties","8549","public enum RefreshProperties // TypeDefIndex: 8549"
"672668","class","RefreshPropertiesAttribute","8550","public sealed class RefreshPropertiesAttribute : Attribute // TypeDefIndex: 8550"
"672701","class","WeakHashtable.WeakKeyComparer","8551","private class WeakHashtable.WeakKeyComparer : IEqualityComparer // TypeDefIndex: 8551"
"672716","class","WeakHashtable","8552","internal sealed class WeakHashtable : Hashtable // TypeDefIndex: 8552"
"672738","class","CheckoutException","8553","public class CheckoutException : ExternalException // TypeDefIndex: 8553"
"672759","interface","IComponentChangeService","8554","public interface IComponentChangeService // TypeDefIndex: 8554"
"672771","interface","IDesigner","8555","public interface IDesigner : IDisposable // TypeDefIndex: 8555"
"672775","interface","IDesignerHost","8556","public interface IDesignerHost : IServiceProvider // TypeDefIndex: 8556"
"672790","interface","IDictionaryService","8557","public interface IDictionaryService // TypeDefIndex: 8557"
"672802","interface","IExtenderListService","8558","public interface IExtenderListService // TypeDefIndex: 8558"
"672811","interface","IReferenceService","8559","public interface IReferenceService // TypeDefIndex: 8559"
"672826","interface","ITypeDescriptorFilterService","8560","public interface ITypeDescriptorFilterService // TypeDefIndex: 8560"
"672841","class","DesignerOptionService.DesignerOptionCollection.WrappedPropertyDescriptor","8561","private sealed class DesignerOptionService.DesignerOptionCollection.WrappedPropertyDescriptor : PropertyDescriptor // TypeDefIndex: 8561"
"672890","class","DesignerOptionService.DesignerOptionCollection","8562","public sealed class DesignerOptionService.DesignerOptionCollection : ICollection // TypeDefIndex: 8562"
"672934","class","DesignerOptionService.DesignerOptionConverter.OptionPropertyDescriptor","8563","private class DesignerOptionService.DesignerOptionConverter.OptionPropertyDescriptor : PropertyDescriptor // TypeDefIndex: 8563"
"672975","class","DesignerOptionService.DesignerOptionConverter","8564","internal sealed class DesignerOptionService.DesignerOptionConverter : TypeConverter // TypeDefIndex: 8564"
"672993","class","DesignerOptionService","8565","public abstract class DesignerOptionService // TypeDefIndex: 8565"
"673002","class","InstanceDescriptor","8566","public sealed class InstanceDescriptor // TypeDefIndex: 8566"
"673039","class","RootDesignerSerializerAttribute","8567","public sealed class RootDesignerSerializerAttribute : Attribute // TypeDefIndex: 8567"
"673069","class","HashtableExtensions","8568","internal static class HashtableExtensions // TypeDefIndex: 8568"
"673088","class","ObservableCollection.SimpleMonitor","8569","private sealed class ObservableCollection.SimpleMonitor<T> : IDisposable // TypeDefIndex: 8569"
"673117","class","ObservableCollection","8570","public class ObservableCollection<T> : Collection<T>, INotifyCollectionChanged, INotifyPropertyChanged // TypeDefIndex: 8570"
"673313","class","EventArgsCache","8571","internal static class EventArgsCache // TypeDefIndex: 8571"
"673330","class","ReadOnlyObservableCollection","8572","public class ReadOnlyObservableCollection<T> : ReadOnlyCollection<T>, INotifyCollectionChanged, INotifyPropertyChanged // TypeDefIndex: 8572"
"673451","struct","BitVector32","8573","public struct BitVector32 // TypeDefIndex: 8573"
"673488","interface","IOrderedDictionary","8574","public interface IOrderedDictionary : IDictionary, ICollection, IEnumerable // TypeDefIndex: 8574"
"673512","class","ListDictionary.NodeEnumerator","8575","private class ListDictionary.NodeEnumerator : IDictionaryEnumerator, IEnumerator // TypeDefIndex: 8575"
"673551","class","ListDictionary.NodeKeyValueCollection.NodeKeyValueEnumerator","8576","private class ListDictionary.NodeKeyValueCollection.NodeKeyValueEnumerator : IEnumerator // TypeDefIndex: 8576"
"673579","class","ListDictionary.NodeKeyValueCollection","8577","private class ListDictionary.NodeKeyValueCollection : ICollection, IEnumerable // TypeDefIndex: 8577"
"673613","class","ListDictionary.DictionaryNode","8578","public class ListDictionary.DictionaryNode // TypeDefIndex: 8578"
"673629","class","ListDictionary","8579","public class ListDictionary : IDictionary, ICollection, IEnumerable // TypeDefIndex: 8579"
"673708","class","NameValueCollection","8580","public class NameValueCollection : NameObjectCollectionBase // TypeDefIndex: 8580"
"673779","class","OrderedDictionary.OrderedDictionaryEnumerator","8581","private class OrderedDictionary.OrderedDictionaryEnumerator : IDictionaryEnumerator, IEnumerator // TypeDefIndex: 8581"
"673816","class","OrderedDictionary.OrderedDictionaryKeyValueCollection","8582","private class OrderedDictionary.OrderedDictionaryKeyValueCollection : ICollection, IEnumerable // TypeDefIndex: 8582"
"673851","class","OrderedDictionary","8583","public class OrderedDictionary : IOrderedDictionary, IDictionary, ICollection, IEnumerable, ISerializable, IDeserializationCallback // TypeDefIndex: 8583"
"673971","class","StringCollection","8584","public class StringCollection : IList, ICollection, IEnumerable // TypeDefIndex: 8584"
"674066","class","StringDictionary","8585","public class StringDictionary : IEnumerable // TypeDefIndex: 8585"
"674090","interface","INotifyCollectionChanged","8586","public interface INotifyCollectionChanged // TypeDefIndex: 8586"
"674104","enum","NotifyCollectionChangedAction","8587","public enum NotifyCollectionChangedAction // TypeDefIndex: 8587"
"674116","class","NotifyCollectionChangedEventArgs","8588","public class NotifyCollectionChangedEventArgs : EventArgs // TypeDefIndex: 8588"
"674153","class","NotifyCollectionChangedEventHandler","8589","public sealed class NotifyCollectionChangedEventHandler : MulticastDelegate // TypeDefIndex: 8589"
"674166","class","ReadOnlyList","8590","internal sealed class ReadOnlyList : IList, ICollection, IEnumerable // TypeDefIndex: 8590"
"674235","class","CaseSensitiveStringDictionary","8591","internal class CaseSensitiveStringDictionary : StringDictionary // TypeDefIndex: 8591"
"674253","class","NameObjectCollectionBase.NameObjectEntry","8592","internal class NameObjectCollectionBase.NameObjectEntry // TypeDefIndex: 8592"
"674267","class","NameObjectCollectionBase.NameObjectKeysEnumerator","8593","internal class NameObjectCollectionBase.NameObjectKeysEnumerator : IEnumerator // TypeDefIndex: 8593"
"674294","class","NameObjectCollectionBase","8594","public abstract class NameObjectCollectionBase : ICollection, IEnumerable, ISerializable, IDeserializationCallback // TypeDefIndex: 8594"
"674393","class","CompatibleComparer","8595","internal class CompatibleComparer : IEqualityComparer // TypeDefIndex: 8595"
"674432","class","ConcurrentBag.WorkStealingQueue","8596","private sealed class ConcurrentBag.WorkStealingQueue<T> // TypeDefIndex: 8596"
"674498","class","ConcurrentBag.Enumerator","8597","private sealed class ConcurrentBag.Enumerator<T> : IEnumerator<T>, IDisposable, IEnumerator // TypeDefIndex: 8597"
"674582","class","ConcurrentBag","8598","public class ConcurrentBag<T> : IEnumerable<T>, IEnumerable, ICollection, IReadOnlyCollection<T> // TypeDefIndex: 8598"
"674801","struct","ValueListBuilder","8599","internal struct ValueListBuilder<T> // TypeDefIndex: 8599"
"674904","class","ICollectionDebugView","8600","internal sealed class ICollectionDebugView<T> // TypeDefIndex: 8600"
"674908","class","IDictionaryDebugView","8601","internal sealed class IDictionaryDebugView<K, V> // TypeDefIndex: 8601"
"674912","class","DictionaryKeyCollectionDebugView","8602","internal sealed class DictionaryKeyCollectionDebugView<TKey, TValue> // TypeDefIndex: 8602"
"674916","class","DictionaryValueCollectionDebugView","8603","internal sealed class DictionaryValueCollectionDebugView<TKey, TValue> // TypeDefIndex: 8603"
"674921","struct","LinkedList.Enumerator","8604","public struct LinkedList.Enumerator<T> : IEnumerator<T>, IDisposable, IEnumerator, ISerializable, IDeserializationCallback // TypeDefIndex: 8604"
"675175","class","LinkedList","8605","public class LinkedList<T> : ICollection<T>, IEnumerable<T>, IEnumerable, ICollection, IReadOnlyCollection<T>, ISerializable, IDeserializationCallback // TypeDefIndex: 8605"
"676057","class","LinkedListNode","8606","public sealed class LinkedListNode<T> // TypeDefIndex: 8606"
"676256","struct","SortedDictionary.Enumerator","8607","public struct SortedDictionary.Enumerator<TKey, TValue> : IEnumerator<KeyValuePair<TKey, TValue>>, IDisposable, IEnumerator, IDictionaryEnumerator // TypeDefIndex: 8607"
"676428","struct","SortedDictionary.KeyCollection.Enumerator","8608","public struct SortedDictionary.KeyCollection.Enumerator<TKey, TValue> : IEnumerator<TKey>, IDisposable, IEnumerator // TypeDefIndex: 8608"
"676526","class","SortedDictionary.KeyCollection.","8609","private sealed class SortedDictionary.KeyCollection.<>c__DisplayClass5_0<TKey, TValue> // TypeDefIndex: 8609"
"676565","class","SortedDictionary.KeyCollection.","8610","private sealed class SortedDictionary.KeyCollection.<>c__DisplayClass6_0<TKey, TValue> // TypeDefIndex: 8610"
"676606","class","SortedDictionary.KeyCollection","8611","public sealed class SortedDictionary.KeyCollection<TKey, TValue> : ICollection<TKey>, IEnumerable<TKey>, IEnumerable, ICollection, IReadOnlyCollection<TKey> // TypeDefIndex: 8611"
"676803","struct","SortedDictionary.ValueCollection.Enumerator","8612","public struct SortedDictionary.ValueCollection.Enumerator<TKey, TValue> : IEnumerator<TValue>, IDisposable, IEnumerator // TypeDefIndex: 8612"
"676901","class","SortedDictionary.ValueCollection.","8613","private sealed class SortedDictionary.ValueCollection.<>c__DisplayClass5_0<TKey, TValue> // TypeDefIndex: 8613"
"676940","class","SortedDictionary.ValueCollection.","8614","private sealed class SortedDictionary.ValueCollection.<>c__DisplayClass6_0<TKey, TValue> // TypeDefIndex: 8614"
"676981","class","SortedDictionary.ValueCollection","8615","public sealed class SortedDictionary.ValueCollection<TKey, TValue> : ICollection<TValue>, IEnumerable<TValue>, IEnumerable, ICollection, IReadOnlyCollection<TValue> // TypeDefIndex: 8615"
"677179","class","SortedDictionary.KeyValuePairComparer","8616","internal sealed class SortedDictionary.KeyValuePairComparer<TKey, TValue> : Comparer<KeyValuePair<TKey, TValue>> // TypeDefIndex: 8616"
"677217","class","SortedDictionary.","8617","private sealed class SortedDictionary.<>c__DisplayClass34_0<TKey, TValue> // TypeDefIndex: 8617"
"677256","class","SortedDictionary.","8618","private sealed class SortedDictionary.<>c__DisplayClass34_1<TKey, TValue> // TypeDefIndex: 8618"
"677298","class","SortedDictionary","8619","public class SortedDictionary<TKey, TValue> : IDictionary<TKey, TValue>, ICollection<KeyValuePair<TKey, TValue>>, IEnumerable<KeyValuePair<TKey, TValue>>, IEnumerable, IDictionary, ICollection, IReadOnlyDictionary<TKey, TValue>, IReadOnlyCollection<KeyValuePair<TKey, TValue>> // TypeDefIndex: 8619"
"677902","class","TreeSet","8620","internal sealed class TreeSet<T> : SortedSet<T> // TypeDefIndex: 8620"
"677965","struct","SortedList.Enumerator","8621","private struct SortedList.Enumerator<TKey, TValue> : IEnumerator<KeyValuePair<TKey, TValue>>, IDisposable, IEnumerator, IDictionaryEnumerator // TypeDefIndex: 8621"
"678086","class","SortedList.SortedListKeyEnumerator","8622","private sealed class SortedList.SortedListKeyEnumerator<TKey, TValue> : IEnumerator<TKey>, IDisposable, IEnumerator // TypeDefIndex: 8622"
"678169","class","SortedList.SortedListValueEnumerator","8623","private sealed class SortedList.SortedListValueEnumerator<TKey, TValue> : IEnumerator<TValue>, IDisposable, IEnumerator // TypeDefIndex: 8623"
"678255","class","SortedList.KeyList","8624","private sealed class SortedList.KeyList<TKey, TValue> : IList<TKey>, ICollection<TKey>, IEnumerable<TKey>, IEnumerable, ICollection // TypeDefIndex: 8624"
"678473","class","SortedList.ValueList","8625","private sealed class SortedList.ValueList<TKey, TValue> : IList<TValue>, ICollection<TValue>, IEnumerable<TValue>, IEnumerable, ICollection // TypeDefIndex: 8625"
"678691","class","SortedList","8626","public class SortedList<TKey, TValue> : IDictionary<TKey, TValue>, ICollection<KeyValuePair<TKey, TValue>>, IEnumerable<KeyValuePair<TKey, TValue>>, IEnumerable, IDictionary, ICollection, IReadOnlyDictionary<TKey, TValue>, IReadOnlyCollection<KeyValuePair<TKey, TValue>> // TypeDefIndex: 8626"
"679266","class","SortedSet.Node","8627","internal sealed class SortedSet.Node<T> // TypeDefIndex: 8627"
"679679","struct","SortedSet.Enumerator","8628","public struct SortedSet.Enumerator<T> : IEnumerator<T>, IDisposable, IEnumerator, ISerializable, IDeserializationCallback // TypeDefIndex: 8628"
"679881","class","SortedSet.","8629","private sealed class SortedSet.<>c__DisplayClass52_0<T> // TypeDefIndex: 8629"
"679921","class","SortedSet.","8630","private sealed class SortedSet.<>c__DisplayClass53_0<T> // TypeDefIndex: 8630"
"679962","class","SortedSet","8631","public class SortedSet<T> : ISet<T>, ICollection<T>, IEnumerable<T>, IEnumerable, ICollection, IReadOnlyCollection<T>, ISerializable, IDeserializationCallback // TypeDefIndex: 8631"
"680458","enum","NodeColor","8632","internal enum NodeColor // TypeDefIndex: 8632"
"680467","class","TreeWalkPredicate","8633","internal sealed class TreeWalkPredicate<T> : MulticastDelegate // TypeDefIndex: 8633"
"680501","enum","TreeRotation","8634","internal enum TreeRotation // TypeDefIndex: 8634"
"680512","class","CollectionDebugView","8635","internal sealed class CollectionDebugView<T> // TypeDefIndex: 8635"
"680516","interface","ISet","8636","public interface ISet<T> : ICollection<T>, IEnumerable<T>, IEnumerable // TypeDefIndex: 8636"
"680521","class","InvalidDataException","8637","public sealed class InvalidDataException : SystemException // TypeDefIndex: 8637"
"680536","enum","CompressionMode","8638","public enum CompressionMode // TypeDefIndex: 8638"
"680545","class","GZipStream","8639","public class GZipStream : Stream // TypeDefIndex: 8639"
"680648","class","DeflateStream.ReadMethod","8640","private sealed class DeflateStream.ReadMethod : MulticastDelegate // TypeDefIndex: 8640"
"680666","class","DeflateStream.WriteMethod","8641","private sealed class DeflateStream.WriteMethod : MulticastDelegate // TypeDefIndex: 8641"
"680684","class","DeflateStream","8642","public class DeflateStream : Stream // TypeDefIndex: 8642"
"680783","class","DeflateStreamNative.UnmanagedReadOrWrite","8643","private sealed class DeflateStreamNative.UnmanagedReadOrWrite : MulticastDelegate // TypeDefIndex: 8643"
"680795","class","DeflateStreamNative.SafeDeflateStreamHandle","8644","private sealed class DeflateStreamNative.SafeDeflateStreamHandle : SafeHandle // TypeDefIndex: 8644"
"680813","class","DeflateStreamNative","8645","internal class DeflateStreamNative // TypeDefIndex: 8645"
"680882","enum","ContextAwareResult.StateFlags","8646","private enum ContextAwareResult.StateFlags // TypeDefIndex: 8646"
"680897","class","ContextAwareResult.","8647","private sealed class ContextAwareResult.<>c // TypeDefIndex: 8647"
"680916","class","ContextAwareResult","8648","internal class ContextAwareResult : LazyAsyncResult // TypeDefIndex: 8648"
"680963","class","HttpStatusDescription","8649","internal static class HttpStatusDescription // TypeDefIndex: 8649"
"680975","class","HttpValidationHelpers","8650","internal static class HttpValidationHelpers // TypeDefIndex: 8650"
"680990","class","NetEventSource.Keywords","8651","public class NetEventSource.Keywords // TypeDefIndex: 8651"
"680999","class","NetEventSource","8652","internal sealed class NetEventSource : EventSource // TypeDefIndex: 8652"
"681104","class","TcpValidationHelpers","8653","internal static class TcpValidationHelpers // TypeDefIndex: 8653"
"681113","class","TlsStream","8654","internal class TlsStream : NetworkStream // TypeDefIndex: 8654"
"681157","enum","HttpStatusCode","8655","public enum HttpStatusCode // TypeDefIndex: 8655"
"681230","class","HttpVersion","8656","public class HttpVersion // TypeDefIndex: 8656"
"681245","class","IPAddress.ReadOnlyIPAddress","8657","private sealed class IPAddress.ReadOnlyIPAddress : IPAddress // TypeDefIndex: 8657"
"681255","class","IPAddress","8658","public class IPAddress // TypeDefIndex: 8658"
"681365","class","IPAddressParser","8659","internal class IPAddressParser // TypeDefIndex: 8659"
"681411","class","IPEndPoint","8660","public class IPEndPoint : EndPoint // TypeDefIndex: 8660"
"681458","enum","CommandStream.PipelineInstruction","8661","internal enum CommandStream.PipelineInstruction // TypeDefIndex: 8661"
"681471","enum","CommandStream.PipelineEntryFlags","8662","internal enum CommandStream.PipelineEntryFlags // TypeDefIndex: 8662"
"681482","class","CommandStream.PipelineEntry","8663","internal class CommandStream.PipelineEntry // TypeDefIndex: 8663"
"681501","class","CommandStream","8664","internal class CommandStream : NetworkStreamWrapper // TypeDefIndex: 8664"
"681603","class","ResponseDescription","8665","internal class ResponseDescription // TypeDefIndex: 8665"
"681641","class","ReceiveState","8666","internal class ReceiveState // TypeDefIndex: 8666"
"681656","enum","FtpLoginState","8667","internal enum FtpLoginState // TypeDefIndex: 8667"
"681667","enum","FtpControlStream.GetPathOption","8668","private enum FtpControlStream.GetPathOption // TypeDefIndex: 8668"
"681678","class","FtpControlStream.","8669","private sealed class FtpControlStream.<>c__DisplayClass31_0 // TypeDefIndex: 8669"
"681694","class","FtpControlStream","8670","internal class FtpControlStream : CommandStream // TypeDefIndex: 8670"
"681837","class","FtpDataStream","8671","internal class FtpDataStream : Stream, ICloseEx // TypeDefIndex: 8671"
"681939","enum","FtpOperation","8672","internal enum FtpOperation // TypeDefIndex: 8672"
"681961","enum","FtpMethodFlags","8673","internal enum FtpMethodFlags // TypeDefIndex: 8673"
"681978","class","FtpMethodInfo","8674","internal class FtpMethodInfo // TypeDefIndex: 8674"
"682021","enum","FtpWebRequest.RequestStage","8675","private enum FtpWebRequest.RequestStage // TypeDefIndex: 8675"
"682034","struct","FtpWebRequest.","8676","private struct FtpWebRequest.<CreateConnectionAsync>d__86 : IAsyncStateMachine // TypeDefIndex: 8676"
"682056","class","FtpWebRequest.","8677","private sealed class FtpWebRequest.<>c // TypeDefIndex: 8677"
"682075","class","FtpWebRequest","8678","public sealed class FtpWebRequest : WebRequest // TypeDefIndex: 8678"
"682297","class","FtpWebRequestCreator","8679","internal class FtpWebRequestCreator : IWebRequestCreate // TypeDefIndex: 8679"
"682309","class","FtpWebResponse.EmptyStream","8680","internal sealed class FtpWebResponse.EmptyStream : MemoryStream // TypeDefIndex: 8680"
"682318","class","FtpWebResponse","8681","public class FtpWebResponse : WebResponse, IDisposable // TypeDefIndex: 8681"
"682365","class","NetworkStreamWrapper","8682","internal class NetworkStreamWrapper : Stream // TypeDefIndex: 8682"
"682489","enum","SecurityProtocolType","8683","public enum SecurityProtocolType // TypeDefIndex: 8683"
"682503","enum","AuthenticationSchemes","8684","public enum AuthenticationSchemes // TypeDefIndex: 8684"
"682517","class","AuthenticationSchemeSelector","8685","public sealed class AuthenticationSchemeSelector : MulticastDelegate // TypeDefIndex: 8685"
"682529","class","Authorization","8686","public class Authorization // TypeDefIndex: 8686"
"682556","class","CredentialCache","8687","public class CredentialCache // TypeDefIndex: 8687"
"682572","class","SystemNetworkCredential","8688","internal class SystemNetworkCredential : NetworkCredential // TypeDefIndex: 8688"
"682588","class","EndPoint","8689","public abstract class EndPoint // TypeDefIndex: 8689"
"682609","enum","FtpStatusCode","8690","public enum FtpStatusCode // TypeDefIndex: 8690"
"682654","class","HttpListenerException","8691","public class HttpListenerException : Win32Exception // TypeDefIndex: 8691"
"682675","enum","HttpListenerRequestUriBuilder.ParsingResult","8692","private enum HttpListenerRequestUriBuilder.ParsingResult // TypeDefIndex: 8692"
"682685","enum","HttpListenerRequestUriBuilder.EncodingType","8693","private enum HttpListenerRequestUriBuilder.EncodingType // TypeDefIndex: 8693"
"682694","class","HttpListenerRequestUriBuilder","8694","internal sealed class HttpListenerRequestUriBuilder // TypeDefIndex: 8694"
"682765","enum","HttpRequestHeader","8695","public enum HttpRequestHeader // TypeDefIndex: 8695"
"682813","interface","IAuthenticationModule","8696","public interface IAuthenticationModule // TypeDefIndex: 8696"
"682831","interface","ICertificatePolicy","8697","public interface ICertificatePolicy // TypeDefIndex: 8697"
"682840","interface","ICredentials","8698","public interface ICredentials // TypeDefIndex: 8698"
"682849","class","IPHostEntry","8699","public class IPHostEntry // TypeDefIndex: 8699"
"682884","interface","IWebRequestCreate","8700","public interface IWebRequestCreate // TypeDefIndex: 8700"
"682893","class","InternalException","8701","internal class InternalException : SystemException // TypeDefIndex: 8701"
"682902","class","NclUtilities","8702","internal static class NclUtilities // TypeDefIndex: 8702"
"682932","class","ValidationHelper","8703","internal static class ValidationHelper // TypeDefIndex: 8703"
"682955","class","ExceptionHelper","8704","internal static class ExceptionHelper // TypeDefIndex: 8704"
"682983","class","WebRequestPrefixElement","8705","internal class WebRequestPrefixElement // TypeDefIndex: 8705"
"683006","class","HttpContinueDelegate","8706","public sealed class HttpContinueDelegate : MulticastDelegate // TypeDefIndex: 8706"
"683018","class","KnownHttpVerb","8707","internal class KnownHttpVerb // TypeDefIndex: 8707"
"683047","enum","TriState","8708","internal enum TriState // TypeDefIndex: 8708"
"683057","class","NetworkCredential","8709","public class NetworkCredential : ICredentials // TypeDefIndex: 8709"
"683110","class","ProtocolViolationException","8710","public class ProtocolViolationException : InvalidOperationException, ISerializable // TypeDefIndex: 8710"
"683132","class","SocketAddress","8711","public class SocketAddress // TypeDefIndex: 8711"
"683182","class","TransportContext","8712","public abstract class TransportContext // TypeDefIndex: 8712"
"683187","class","WebException","8713","public class WebException : InvalidOperationException, ISerializable // TypeDefIndex: 8713"
"683244","enum","WebExceptionInternalStatus","8714","internal enum WebExceptionInternalStatus // TypeDefIndex: 8714"
"683255","enum","WebExceptionStatus","8715","public enum WebExceptionStatus // TypeDefIndex: 8715"
"683283","class","WebExceptionMapping","8716","internal static class WebExceptionMapping // TypeDefIndex: 8716"
"683298","enum","WebHeaderCollectionType","8717","internal enum WebHeaderCollectionType // TypeDefIndex: 8717"
"683316","enum","WebHeaderCollection.RfcChar","8718","private enum WebHeaderCollection.RfcChar // TypeDefIndex: 8718"
"683334","class","WebHeaderCollection","8719","public class WebHeaderCollection : NameValueCollection, ISerializable // TypeDefIndex: 8719"
"683456","class","CaseInsensitiveAscii","8720","internal class CaseInsensitiveAscii : IEqualityComparer, IComparer // TypeDefIndex: 8720"
"683484","class","WebRequest.DesignerWebRequestCreate","8721","internal class WebRequest.DesignerWebRequestCreate : IWebRequestCreate // TypeDefIndex: 8721"
"683497","class","WebRequest.","8722","private sealed class WebRequest.<>c__DisplayClass78_0 // TypeDefIndex: 8722"
"683514","class","WebRequest.","8723","private sealed class WebRequest.<>c__DisplayClass79_0 // TypeDefIndex: 8723"
"683531","class","WebRequest","8724","public abstract class WebRequest : MarshalByRefObject, ISerializable // TypeDefIndex: 8724"
"683700","class","WebResponse","8725","public abstract class WebResponse : MarshalByRefObject, ISerializable, IDisposable // TypeDefIndex: 8725"
"683747","class","WebUtility.UrlDecoder","8726","private class WebUtility.UrlDecoder // TypeDefIndex: 8726"
"683776","class","WebUtility","8727","public static class WebUtility // TypeDefIndex: 8727"
"683817","class","BufferOffsetSize","8728","internal class BufferOffsetSize // TypeDefIndex: 8728"
"683834","class","HeaderParser","8729","internal sealed class HeaderParser : MulticastDelegate // TypeDefIndex: 8729"
"683846","class","HeaderInfo","8730","internal class HeaderInfo // TypeDefIndex: 8730"
"683863","class","HeaderInfoTable","8731","internal class HeaderInfoTable // TypeDefIndex: 8731"
"683894","enum","CloseExState","8732","internal enum CloseExState // TypeDefIndex: 8732"
"683904","interface","ICloseEx","8733","internal interface ICloseEx // TypeDefIndex: 8733"
"683913","class","LazyAsyncResult.ThreadContext","8734","private class LazyAsyncResult.ThreadContext // TypeDefIndex: 8734"
"683925","class","LazyAsyncResult","8735","internal class LazyAsyncResult : IAsyncResult // TypeDefIndex: 8735"
"684014","class","NetRes","8736","internal class NetRes // TypeDefIndex: 8736"
"684029","class","ServiceNameStore","8737","internal class ServiceNameStore // TypeDefIndex: 8737"
"684042","class","TimerThread.Queue","8738","internal abstract class TimerThread.Queue // TypeDefIndex: 8738"
"684063","class","TimerThread.Timer","8739","internal abstract class TimerThread.Timer : IDisposable // TypeDefIndex: 8739"
"684096","class","TimerThread.Callback","8740","internal sealed class TimerThread.Callback : MulticastDelegate // TypeDefIndex: 8740"
"684108","class","TimerThread.TimerQueue","8741","private class TimerThread.TimerQueue : TimerThread.Queue // TypeDefIndex: 8741"
"684127","class","TimerThread.InfiniteTimerQueue","8742","private class TimerThread.InfiniteTimerQueue : TimerThread.Queue // TypeDefIndex: 8742"
"684139","enum","TimerThread.TimerNode.TimerState","8743","private enum TimerThread.TimerNode.TimerState // TypeDefIndex: 8743"
"684150","class","TimerThread.TimerNode","8744","private class TimerThread.TimerNode : TimerThread.Timer // TypeDefIndex: 8744"
"684196","class","TimerThread.InfiniteTimer","8745","private class TimerThread.InfiniteTimer : TimerThread.Timer // TypeDefIndex: 8745"
"684217","class","TimerThread","8746","internal static class TimerThread // TypeDefIndex: 8746"
"684257","enum","CookieVariant","8747","internal enum CookieVariant // TypeDefIndex: 8747"
"684270","class","Cookie","8748","public sealed class Cookie // TypeDefIndex: 8748"
"684444","enum","CookieToken","8749","internal enum CookieToken // TypeDefIndex: 8749"
"684471","struct","CookieTokenizer.RecognizedAttribute","8750","private struct CookieTokenizer.RecognizedAttribute // TypeDefIndex: 8750"
"684493","class","CookieTokenizer","8751","internal class CookieTokenizer // TypeDefIndex: 8751"
"684575","class","CookieParser","8752","internal class CookieParser // TypeDefIndex: 8752"
"684593","class","Comparer","8753","internal class Comparer : IComparer // TypeDefIndex: 8753"
"684605","enum","CookieCollection.Stamp","8754","internal enum CookieCollection.Stamp // TypeDefIndex: 8754"
"684616","class","CookieCollection.CookieCollectionEnumerator","8755","private class CookieCollection.CookieCollectionEnumerator : IEnumerator // TypeDefIndex: 8755"
"684645","class","CookieCollection","8756","public class CookieCollection : ICollection, IEnumerable // TypeDefIndex: 8756"
"684708","struct","HeaderVariantInfo","8757","internal struct HeaderVariantInfo // TypeDefIndex: 8757"
"684732","class","CookieContainer","8758","public class CookieContainer // TypeDefIndex: 8758"
"684787","class","PathList.PathListComparer","8759","private class PathList.PathListComparer : IComparer // TypeDefIndex: 8759"
"684807","class","PathList","8760","internal class PathList // TypeDefIndex: 8760"
"684847","class","CookieException","8761","public class CookieException : FormatException, ISerializable // TypeDefIndex: 8761"
"684872","class","FileWebRequest","8762","public class FileWebRequest : WebRequest, ISerializable // TypeDefIndex: 8762"
"685009","class","FileWebRequestCreator","8763","internal class FileWebRequestCreator : IWebRequestCreate // TypeDefIndex: 8763"
"685021","class","FileWebStream","8764","internal sealed class FileWebStream : FileStream, ICloseEx // TypeDefIndex: 8764"
"685064","class","FileWebResponse","8765","public class FileWebResponse : WebResponse, ISerializable, ICloseEx // TypeDefIndex: 8765"
"685113","interface","IWebProxy","8766","public interface IWebProxy // TypeDefIndex: 8766"
"685132","class","WebProxy","8767","public class WebProxy : IWebProxy, ISerializable // TypeDefIndex: 8767"
"685223","class","AutoWebProxyScriptEngine","8768","internal class AutoWebProxyScriptEngine // TypeDefIndex: 8768"
"685235","class","UnsafeNclNativeMethods.HttpApi.HTTP_REQUEST_HEADER_ID","8769","internal static class UnsafeNclNativeMethods.HttpApi.HTTP_REQUEST_HEADER_ID // TypeDefIndex: 8769"
"685250","class","UnsafeNclNativeMethods.HttpApi","8770","internal static class UnsafeNclNativeMethods.HttpApi // TypeDefIndex: 8770"
"685262","class","UnsafeNclNativeMethods.SecureStringHelper","8771","internal static class UnsafeNclNativeMethods.SecureStringHelper // TypeDefIndex: 8771"
"685274","class","UnsafeNclNativeMethods","8772","internal static class UnsafeNclNativeMethods // TypeDefIndex: 8772"
"685278","class","Logging","8773","internal static class Logging // TypeDefIndex: 8773"
"685290","class","ServerCertValidationCallback.CallbackContext","8774","private class ServerCertValidationCallback.CallbackContext // TypeDefIndex: 8774"
"685306","class","ServerCertValidationCallback","8775","internal class ServerCertValidationCallback // TypeDefIndex: 8775"
"685331","class","AuthenticationManager","8776","public class AuthenticationManager // TypeDefIndex: 8776"
"685357","class","BasicClient","8777","internal class BasicClient : IAuthenticationModule // TypeDefIndex: 8777"
"685384","class","BindIPEndPoint","8778","public sealed class BindIPEndPoint : MulticastDelegate // TypeDefIndex: 8778"
"685397","struct","BufferedReadStream.","8779","private struct BufferedReadStream.<ProcessReadAsync>d__2 : IAsyncStateMachine // TypeDefIndex: 8779"
"685420","class","BufferedReadStream","8780","internal class BufferedReadStream : WebReadStream // TypeDefIndex: 8780"
"685439","class","ChunkedInputStream.ReadBufferState","8781","private class ChunkedInputStream.ReadBufferState // TypeDefIndex: 8781"
"685455","class","ChunkedInputStream","8782","internal class ChunkedInputStream : RequestStream // TypeDefIndex: 8782"
"685485","enum","ContentDecodeStream.Mode","8783","internal enum ContentDecodeStream.Mode // TypeDefIndex: 8783"
"685494","class","ContentDecodeStream","8784","internal class ContentDecodeStream : WebReadStream // TypeDefIndex: 8784"
"685524","enum","DecompressionMethods","8785","public enum DecompressionMethods // TypeDefIndex: 8785"
"685534","class","DefaultCertificatePolicy","8786","internal class DefaultCertificatePolicy // TypeDefIndex: 8786"
"685538","class","DigestHeaderParser","8787","internal class DigestHeaderParser // TypeDefIndex: 8787"
"685591","class","DigestSession","8788","internal class DigestSession // TypeDefIndex: 8788"
"685659","class","DigestClient","8789","internal class DigestClient : IAuthenticationModule // TypeDefIndex: 8789"
"685693","class","Dns.GetHostAddressesCallback","8790","private sealed class Dns.GetHostAddressesCallback : MulticastDelegate // TypeDefIndex: 8790"
"685711","class","Dns","8791","public static class Dns // TypeDefIndex: 8791"
"685760","class","EndPointListener","8792","internal sealed class EndPointListener // TypeDefIndex: 8792"
"685828","class","EndPointManager","8793","internal sealed class EndPointManager // TypeDefIndex: 8793"
"685865","struct","FixedSizeReadStream.","8794","private struct FixedSizeReadStream.<ProcessReadAsync>d__5 : IAsyncStateMachine // TypeDefIndex: 8794"
"685888","class","FixedSizeReadStream","8795","internal class FixedSizeReadStream : WebReadStream // TypeDefIndex: 8795"
"685913","enum","HttpConnection.InputState","8796","private enum HttpConnection.InputState // TypeDefIndex: 8796"
"685922","enum","HttpConnection.LineState","8797","private enum HttpConnection.LineState // TypeDefIndex: 8797"
"685932","class","HttpConnection","8798","internal sealed class HttpConnection // TypeDefIndex: 8798"
"686039","class","HttpListener","8799","public sealed class HttpListener : IDisposable // TypeDefIndex: 8799"
"686144","class","HttpListenerBasicIdentity","8800","public class HttpListenerBasicIdentity : GenericIdentity // TypeDefIndex: 8800"
"686156","class","HttpListenerContext","8801","public sealed class HttpListenerContext // TypeDefIndex: 8801"
"686212","class","HttpListenerPrefixCollection","8802","public class HttpListenerPrefixCollection : ICollection<string>, IEnumerable<string>, IEnumerable // TypeDefIndex: 8802"
"686256","class","HttpListenerRequest","8803","public sealed class HttpListenerRequest // TypeDefIndex: 8803"
"686359","class","HttpListenerResponse","8804","public sealed class HttpListenerResponse : IDisposable // TypeDefIndex: 8804"
"686460","class","HttpRequestCreator","8805","internal class HttpRequestCreator : IWebRequestCreate // TypeDefIndex: 8805"
"686472","class","HttpStreamAsyncResult","8806","internal class HttpStreamAsyncResult : IAsyncResult // TypeDefIndex: 8806"
"686517","enum","HttpWebRequest.NtlmAuthState","8807","private enum HttpWebRequest.NtlmAuthState // TypeDefIndex: 8807"
"686527","struct","HttpWebRequest.AuthorizationState","8808","private struct HttpWebRequest.AuthorizationState // TypeDefIndex: 8808"
"686567","class","HttpWebRequest.","8809","private sealed class HttpWebRequest.<>c__241<T> // TypeDefIndex: 8809"
"686620","struct","HttpWebRequest.","8810","private struct HttpWebRequest.<RunWithTimeoutWorker>d__241<T> : IAsyncStateMachine // TypeDefIndex: 8810"
"686666","struct","HttpWebRequest.","8811","private struct HttpWebRequest.<MyGetResponseAsync>d__243 : IAsyncStateMachine // TypeDefIndex: 8811"
"686700","struct","HttpWebRequest.","8812","private struct HttpWebRequest.<GetResponseFromData>d__244 : IAsyncStateMachine // TypeDefIndex: 8812"
"686728","struct","HttpWebRequest.","8813","private struct HttpWebRequest.<<GetRewriteHandler>b__271_0>d : IAsyncStateMachine // TypeDefIndex: 8813"
"686749","class","HttpWebRequest","8814","public class HttpWebRequest : WebRequest, ISerializable // TypeDefIndex: 8814"
"687195","class","HttpWebResponse","8815","public class HttpWebResponse : WebResponse, ISerializable, IDisposable // TypeDefIndex: 8815"
"687270","interface","ICredentialPolicy","8816","public interface ICredentialPolicy // TypeDefIndex: 8816"
"687274","class","ListenerAsyncResult","8817","internal class ListenerAsyncResult : IAsyncResult // TypeDefIndex: 8817"
"687333","class","ListenerPrefix","8818","internal sealed class ListenerPrefix // TypeDefIndex: 8818"
"687383","enum","MonoChunkParser.State","8819","private enum MonoChunkParser.State // TypeDefIndex: 8819"
"687395","class","MonoChunkParser.Chunk","8820","private class MonoChunkParser.Chunk // TypeDefIndex: 8820"
"687411","class","MonoChunkParser","8821","internal class MonoChunkParser // TypeDefIndex: 8821"
"687477","struct","MonoChunkStream.","8822","private struct MonoChunkStream.<ProcessReadAsync>d__7 : IAsyncStateMachine // TypeDefIndex: 8822"
"687502","struct","MonoChunkStream.","8823","private struct MonoChunkStream.<FinishReading>d__8 : IAsyncStateMachine // TypeDefIndex: 8823"
"687524","class","MonoChunkStream","8824","internal class MonoChunkStream : WebReadStream // TypeDefIndex: 8824"
"687562","class","NtlmClient","8825","internal class NtlmClient : IAuthenticationModule // TypeDefIndex: 8825"
"687586","class","RequestStream","8826","internal class RequestStream : Stream // TypeDefIndex: 8826"
"687664","class","ResponseStream","8827","internal class ResponseStream : Stream // TypeDefIndex: 8827"
"687748","class","ServicePoint","8828","public class ServicePoint // TypeDefIndex: 8828"
"687881","class","ServicePointManager.SPKey","8829","internal class ServicePointManager.SPKey // TypeDefIndex: 8829"
"687907","class","ServicePointManager","8830","public class ServicePointManager // TypeDefIndex: 8830"
"687967","class","ServicePointScheduler.ConnectionGroup","8831","private class ServicePointScheduler.ConnectionGroup // TypeDefIndex: 8831"
"688019","class","ServicePointScheduler.AsyncManualResetEvent.","8832","private sealed class ServicePointScheduler.AsyncManualResetEvent.<>c // TypeDefIndex: 8832"
"688038","class","ServicePointScheduler.AsyncManualResetEvent","8833","private class ServicePointScheduler.AsyncManualResetEvent // TypeDefIndex: 8833"
"688060","struct","ServicePointScheduler.","8834","private struct ServicePointScheduler.<RunScheduler>d__32 : IAsyncStateMachine // TypeDefIndex: 8834"
"688085","struct","ServicePointScheduler.","8835","private struct ServicePointScheduler.<WaitAsync>d__46 : IAsyncStateMachine // TypeDefIndex: 8835"
"688107","class","ServicePointScheduler","8836","internal class ServicePointScheduler // TypeDefIndex: 8836"
"688201","enum","WebCompletionSource.Status","8837","internal enum WebCompletionSource.Status<T> // TypeDefIndex: 8837"
"688212","class","WebCompletionSource.Result","8838","internal class WebCompletionSource.Result<T> // TypeDefIndex: 8838"
"688320","struct","WebCompletionSource.","8839","private struct WebCompletionSource.<WaitForCompletion>d__15<T> : IAsyncStateMachine // TypeDefIndex: 8839"
"688361","class","WebCompletionSource","8840","internal class WebCompletionSource<T> // TypeDefIndex: 8840"
"688516","class","WebCompletionSource","8841","internal class WebCompletionSource : WebCompletionSource<object> // TypeDefIndex: 8841"
"688525","enum","ReadState","8842","internal enum ReadState // TypeDefIndex: 8842"
"688539","class","WebConnection.","8843","private sealed class WebConnection.<>c // TypeDefIndex: 8843"
"688563","struct","WebConnection.","8844","private struct WebConnection.<Connect>d__16 : IAsyncStateMachine // TypeDefIndex: 8844"
"688588","struct","WebConnection.","8845","private struct WebConnection.<CreateStream>d__18 : IAsyncStateMachine // TypeDefIndex: 8845"
"688613","struct","WebConnection.","8846","private struct WebConnection.<InitConnection>d__19 : IAsyncStateMachine // TypeDefIndex: 8846"
"688636","class","WebConnection","8847","internal class WebConnection : IDisposable // TypeDefIndex: 8847"
"688749","class","WebConnectionStream","8848","internal abstract class WebConnectionStream : Stream // TypeDefIndex: 8848"
"688870","enum","WebConnectionTunnel.NtlmAuthState","8849","private enum WebConnectionTunnel.NtlmAuthState // TypeDefIndex: 8849"
"688881","struct","WebConnectionTunnel.","8850","private struct WebConnectionTunnel.<Initialize>d__42 : IAsyncStateMachine // TypeDefIndex: 8850"
"688905","struct","WebConnectionTunnel.","8851","private struct WebConnectionTunnel.<ReadHeaders>d__43 : IAsyncStateMachine // TypeDefIndex: 8851"
"688930","class","WebConnectionTunnel","8852","internal class WebConnectionTunnel // TypeDefIndex: 8852"
"689055","struct","WebOperation.","8853","private struct WebOperation.<GetRequestStream>d__50 : IAsyncStateMachine // TypeDefIndex: 8853"
"689075","struct","WebOperation.","8854","private struct WebOperation.<Run>d__58 : IAsyncStateMachine // TypeDefIndex: 8854"
"689097","class","WebOperation","8855","internal class WebOperation // TypeDefIndex: 8855"
"689245","struct","WebReadStream.","8856","private struct WebReadStream.<ReadAsync>d__28 : IAsyncStateMachine // TypeDefIndex: 8856"
"689269","class","WebReadStream","8857","internal abstract class WebReadStream : Stream // TypeDefIndex: 8857"
"689358","struct","WebRequestStream.","8858","private struct WebRequestStream.<FinishWriting>d__31 : IAsyncStateMachine // TypeDefIndex: 8858"
"689379","struct","WebRequestStream.","8859","private struct WebRequestStream.<WriteAsyncInner>d__33 : IAsyncStateMachine // TypeDefIndex: 8859"
"689405","struct","WebRequestStream.","8860","private struct WebRequestStream.<ProcessWrite>d__34 : IAsyncStateMachine // TypeDefIndex: 8860"
"689429","struct","WebRequestStream.","8861","private struct WebRequestStream.<Initialize>d__36 : IAsyncStateMachine // TypeDefIndex: 8861"
"689451","struct","WebRequestStream.","8862","private struct WebRequestStream.<SetHeadersAsync>d__37 : IAsyncStateMachine // TypeDefIndex: 8862"
"689473","struct","WebRequestStream.","8863","private struct WebRequestStream.<WriteRequestAsync>d__38 : IAsyncStateMachine // TypeDefIndex: 8863"
"689496","struct","WebRequestStream.","8864","private struct WebRequestStream.<WriteChunkTrailer_inner>d__39 : IAsyncStateMachine // TypeDefIndex: 8864"
"689517","struct","WebRequestStream.","8865","private struct WebRequestStream.<WriteChunkTrailer>d__40 : IAsyncStateMachine // TypeDefIndex: 8865"
"689539","class","WebRequestStream","8866","internal class WebRequestStream : WebConnectionStream // TypeDefIndex: 8866"
"689650","struct","WebResponseStream.","8867","private struct WebResponseStream.<ReadAsync>d__40 : IAsyncStateMachine // TypeDefIndex: 8867"
"689678","class","WebResponseStream.","8868","private sealed class WebResponseStream.<>c__DisplayClass41_0 // TypeDefIndex: 8868"
"689703","struct","WebResponseStream.","8869","private struct WebResponseStream.<ReadAllAsyncInner>d__47 : IAsyncStateMachine // TypeDefIndex: 8869"
"689727","struct","WebResponseStream.","8870","private struct WebResponseStream.<ReadAllAsync>d__48 : IAsyncStateMachine // TypeDefIndex: 8870"
"689753","struct","WebResponseStream.","8871","private struct WebResponseStream.<InitReadAsync>d__52 : IAsyncStateMachine // TypeDefIndex: 8871"
"689776","class","WebResponseStream","8872","internal class WebResponseStream : WebConnectionStream // TypeDefIndex: 8872"
"689918","class","IPGlobalProperties","8873","public abstract class IPGlobalProperties // TypeDefIndex: 8873"
"689940","class","NetworkInformationException","8874","public class NetworkInformationException : Win32Exception // TypeDefIndex: 8874"
"689958","enum","NetworkInterfaceComponent","8875","public enum NetworkInterfaceComponent // TypeDefIndex: 8875"
"689967","class","IPGlobalPropertiesFactoryPal","8876","internal static class IPGlobalPropertiesFactoryPal // TypeDefIndex: 8876"
"689976","class","CommonUnixIPGlobalProperties","8877","internal abstract class CommonUnixIPGlobalProperties : IPGlobalProperties // TypeDefIndex: 8877"
"689994","class","UnixIPGlobalProperties","8878","internal class UnixIPGlobalProperties : CommonUnixIPGlobalProperties // TypeDefIndex: 8878"
"690003","class","UnixNoLibCIPGlobalProperties","8879","internal sealed class UnixNoLibCIPGlobalProperties : UnixIPGlobalProperties // TypeDefIndex: 8879"
"690018","class","MibIPGlobalProperties","8880","internal class MibIPGlobalProperties : UnixIPGlobalProperties // TypeDefIndex: 8880"
"690039","class","UnixIPGlobalPropertiesFactoryPal","8881","internal static class UnixIPGlobalPropertiesFactoryPal // TypeDefIndex: 8881"
"690059","class","DefaultProxySectionInternal","8882","internal sealed class DefaultProxySectionInternal // TypeDefIndex: 8882"
"690091","enum","UnicodeDecodingConformance","8883","public enum UnicodeDecodingConformance // TypeDefIndex: 8883"
"690102","enum","UnicodeEncodingConformance","8884","public enum UnicodeEncodingConformance // TypeDefIndex: 8884"
"690112","class","SettingsSectionInternal","8885","internal sealed class SettingsSectionInternal // TypeDefIndex: 8885"
"690139","class","RequestCache","8886","internal abstract class RequestCache // TypeDefIndex: 8886"
"690151","class","RequestCacheManager","8887","internal sealed class RequestCacheManager // TypeDefIndex: 8887"
"690173","class","RequestCacheValidator","8888","internal class RequestCacheValidator // TypeDefIndex: 8888"
"690182","class","RequestCachingSectionInternal","8889","internal class RequestCachingSectionInternal // TypeDefIndex: 8889"
"690194","class","RequestCacheBinding","8890","internal class RequestCacheBinding // TypeDefIndex: 8890"
"690222","enum","RequestCacheLevel","8891","public enum RequestCacheLevel // TypeDefIndex: 8891"
"690236","class","RequestCachePolicy","8892","public class RequestCachePolicy // TypeDefIndex: 8892"
"690257","class","RequestCacheProtocol","8893","internal class RequestCacheProtocol // TypeDefIndex: 8893"
"690266","class","NetworkStream","8894","public class NetworkStream : Stream // TypeDefIndex: 8894"
"690404","class","Socket.CachedEventArgs","8895","private sealed class Socket.CachedEventArgs // TypeDefIndex: 8895"
"690420","class","Socket.TaskSocketAsyncEventArgs","8896","private class Socket.TaskSocketAsyncEventArgs<TResult> : SocketAsyncEventArgs // TypeDefIndex: 8896"
"690458","class","Socket.Int32TaskSocketAsyncEventArgs","8897","private sealed class Socket.Int32TaskSocketAsyncEventArgs : Socket.TaskSocketAsyncEventArgs<int> // TypeDefIndex: 8897"
"690472","class","Socket.AwaitableSocketAsyncEventArgs.","8898","private sealed class Socket.AwaitableSocketAsyncEventArgs.<>c // TypeDefIndex: 8898"
"690501","class","Socket.AwaitableSocketAsyncEventArgs","8899","internal sealed class Socket.AwaitableSocketAsyncEventArgs : SocketAsyncEventArgs, IValueTaskSource, IValueTaskSource<int> // TypeDefIndex: 8899"
"690577","struct","Socket.WSABUF","8900","private struct Socket.WSABUF // TypeDefIndex: 8900"
"690587","class","Socket.","8901","private sealed class Socket.<>c // TypeDefIndex: 8901"
"690697","class","Socket.","8902","private sealed class Socket.<>c__DisplayClass240_0 // TypeDefIndex: 8902"
"690713","class","Socket.","8903","private sealed class Socket.<>c__DisplayClass298_0 // TypeDefIndex: 8903"
"690729","class","Socket.","8904","private sealed class Socket.<>c__DisplayClass355_0 // TypeDefIndex: 8904"
"690746","class","Socket","8905","public class Socket : IDisposable // TypeDefIndex: 8905"
"691250","class","SocketException","8906","public class SocketException : Win32Exception // TypeDefIndex: 8906"
"691291","enum","AddressFamily","8907","public enum AddressFamily // TypeDefIndex: 8907"
"691329","enum","IOControlCode","8908","public enum IOControlCode // TypeDefIndex: 8908"
"691370","enum","IPProtectionLevel","8909","public enum IPProtectionLevel // TypeDefIndex: 8909"
"691381","class","LingerOption","8910","public class LingerOption // TypeDefIndex: 8910"
"691404","class","MulticastOption","8911","public class MulticastOption // TypeDefIndex: 8911"
"691408","enum","ProtocolType","8912","public enum ProtocolType // TypeDefIndex: 8912"
"691440","enum","SelectMode","8913","public enum SelectMode // TypeDefIndex: 8913"
"691450","enum","SocketAsyncOperation","8914","public enum SocketAsyncOperation // TypeDefIndex: 8914"
"691467","enum","SocketError","8915","public enum SocketError // TypeDefIndex: 8915"
"691522","enum","SocketFlags","8916","public enum SocketFlags // TypeDefIndex: 8916"
"691539","enum","SocketOptionLevel","8917","public enum SocketOptionLevel // TypeDefIndex: 8917"
"691551","enum","SocketOptionName","8918","public enum SocketOptionName // TypeDefIndex: 8918"
"691604","enum","SocketShutdown","8919","public enum SocketShutdown // TypeDefIndex: 8919"
"691614","enum","SocketType","8920","public enum SocketType // TypeDefIndex: 8920"
"691627","class","TcpClient","8921","public class TcpClient : IDisposable // TypeDefIndex: 8921"
"691688","class","TcpListener","8922","public class TcpListener // TypeDefIndex: 8922"
"691727","class","SafeSocketHandle","8923","internal sealed class SafeSocketHandle : SafeHandleMinusOneIsInvalid // TypeDefIndex: 8923"
"691754","class","SocketAsyncEventArgs","8924","public class SocketAsyncEventArgs : EventArgs, IDisposable // TypeDefIndex: 8924"
"691909","class","SocketAsyncResult.","8925","private sealed class SocketAsyncResult.<>c // TypeDefIndex: 8925"
"691928","class","SocketAsyncResult","8926","internal sealed class SocketAsyncResult : IOAsyncResult // TypeDefIndex: 8926"
"692000","enum","SocketOperation","8927","internal enum SocketOperation // TypeDefIndex: 8927"
"692019","class","MailBnfHelper","8928","internal static class MailBnfHelper // TypeDefIndex: 8928"
"692075","class","EncodedStreamFactory","8929","internal class EncodedStreamFactory // TypeDefIndex: 8929"
"692084","class","DomainLiteralReader","8930","internal static class DomainLiteralReader // TypeDefIndex: 8930"
"692093","class","DotAtomReader","8931","internal static class DotAtomReader // TypeDefIndex: 8931"
"692102","class","MailAddressParser","8932","internal static class MailAddressParser // TypeDefIndex: 8932"
"692129","class","QuotedPairReader","8933","internal static class QuotedPairReader // TypeDefIndex: 8933"
"692141","class","QuotedStringFormatReader","8934","internal static class QuotedStringFormatReader // TypeDefIndex: 8934"
"692156","class","WhitespaceReader","8935","internal static class WhitespaceReader // TypeDefIndex: 8935"
"692168","class","MailAddress","8936","public class MailAddress // TypeDefIndex: 8936"
"692216","class","CertificateHelper","8937","internal static class CertificateHelper // TypeDefIndex: 8937"
"692240","class","SslClientAuthenticationOptions","8938","public class SslClientAuthenticationOptions // TypeDefIndex: 8938"
"692312","class","SslServerAuthenticationOptions","8939","public class SslServerAuthenticationOptions // TypeDefIndex: 8939"
"692366","class","AuthenticatedStream","8940","public abstract class AuthenticatedStream : Stream // TypeDefIndex: 8940"
"692392","enum","AuthenticationLevel","8941","public enum AuthenticationLevel // TypeDefIndex: 8941"
"692402","enum","EncryptionPolicy","8942","public enum EncryptionPolicy // TypeDefIndex: 8942"
"692412","class","LocalCertificateSelectionCallback","8943","public sealed class LocalCertificateSelectionCallback : MulticastDelegate // TypeDefIndex: 8943"
"692424","class","RemoteCertificateValidationCallback","8944","public sealed class RemoteCertificateValidationCallback : MulticastDelegate // TypeDefIndex: 8944"
"692437","enum","SslPolicyErrors","8945","public enum SslPolicyErrors // TypeDefIndex: 8945"
"692448","class","LocalCertSelectionCallback","8946","internal sealed class LocalCertSelectionCallback : MulticastDelegate // TypeDefIndex: 8946"
"692460","class","ServerCertSelectionCallback","8947","internal sealed class ServerCertSelectionCallback : MulticastDelegate // TypeDefIndex: 8947"
"692473","class","SslStream.","8948","private sealed class SslStream.<>c__DisplayClass21_0 // TypeDefIndex: 8948"
"692489","class","SslStream","8949","public class SslStream : AuthenticatedStream // TypeDefIndex: 8949"
"692701","interface","IConfigurationSectionHandler","8960","public interface IConfigurationSectionHandler // TypeDefIndex: 8960"
"692705","class","BypassElement","8961","public sealed class BypassElement : ConfigurationElement // TypeDefIndex: 8961"
"692711","class","BypassElementCollection","8962","public sealed class BypassElementCollection : ConfigurationElementCollection // TypeDefIndex: 8962"
"692720","class","ConnectionManagementElement","8963","public sealed class ConnectionManagementElement : ConfigurationElement // TypeDefIndex: 8963"
"692726","class","ConnectionManagementElementCollection","8964","public sealed class ConnectionManagementElementCollection : ConfigurationElementCollection // TypeDefIndex: 8964"
"692735","class","ConnectionManagementSection","8965","public sealed class ConnectionManagementSection : ConfigurationSection // TypeDefIndex: 8965"
"692750","class","DefaultProxySection","8966","public sealed class DefaultProxySection : ConfigurationSection // TypeDefIndex: 8966"
"692768","class","ProxyElement","8967","public sealed class ProxyElement : ConfigurationElement // TypeDefIndex: 8967"
"692783","class","HttpWebRequestElement","8968","public sealed class HttpWebRequestElement : ConfigurationElement // TypeDefIndex: 8968"
"692798","class","Ipv6Element","8969","public sealed class Ipv6Element : ConfigurationElement // TypeDefIndex: 8969"
"692813","class","NetSectionGroup","8970","public sealed class NetSectionGroup : ConfigurationSectionGroup // TypeDefIndex: 8970"
"692822","class","SettingsSection","8971","public sealed class SettingsSection : ConfigurationSection // TypeDefIndex: 8971"
"692837","class","PerformanceCountersElement","8972","public sealed class PerformanceCountersElement : ConfigurationElement // TypeDefIndex: 8972"
"692852","class","ServicePointManagerElement","8973","public sealed class ServicePointManagerElement : ConfigurationElement // TypeDefIndex: 8973"
"692867","class","SocketElement","8974","public sealed class SocketElement : ConfigurationElement // TypeDefIndex: 8974"
"692882","class","WebProxyScriptElement","8975","public sealed class WebProxyScriptElement : ConfigurationElement // TypeDefIndex: 8975"
"692897","class","WebRequestModulesSection","8976","public sealed class WebRequestModulesSection : ConfigurationSection // TypeDefIndex: 8976"
"692914","class","WebRequestModuleElementCollection","8977","public sealed class WebRequestModuleElementCollection : ConfigurationElementCollection // TypeDefIndex: 8977"
"692923","class","WebRequestModuleElement","8978","public sealed class WebRequestModuleElement : ConfigurationElement // TypeDefIndex: 8978"
"692928","class","DiagnosticsConfigurationHandler","8979","public class DiagnosticsConfigurationHandler : IConfigurationSectionHandler // TypeDefIndex: 8979"
"692940","class","ThrowStub","8980","internal sealed class ThrowStub : ObjectDisposedException // TypeDefIndex: 8980"
"692955","class","EmbeddedAttribute","8982","internal sealed class EmbeddedAttribute : Attribute // TypeDefIndex: 8982"
"692966","class","IsUnmanagedAttribute","8983","internal sealed class IsUnmanagedAttribute : Attribute // TypeDefIndex: 8983"
"692975","struct","RenderGraphCompilationCache.HashEntry","8984","private struct RenderGraphCompilationCache.HashEntry<T> // TypeDefIndex: 8984"
"692986","class","RenderGraphCompilationCache.","8985","private sealed class RenderGraphCompilationCache.<>c__11<T> // TypeDefIndex: 8985"
"693029","class","RenderGraphCompilationCache","8986","internal class RenderGraphCompilationCache // TypeDefIndex: 8986"
"693082","struct","UnitySourceGeneratedAssemblyMonoScriptTypes_v1.MonoScriptData","8987","private struct UnitySourceGeneratedAssemblyMonoScriptTypes_v1.MonoScriptData // TypeDefIndex: 8987"
"693096","class","UnitySourceGeneratedAssemblyMonoScriptTypes_v1","8988","internal class UnitySourceGeneratedAssemblyMonoScriptTypes_v1 // TypeDefIndex: 8988"
"693108","enum","LightAnchor.UpDirection","8989","public enum LightAnchor.UpDirection // TypeDefIndex: 8989"
"693117","struct","LightAnchor.Axes","8990","private struct LightAnchor.Axes // TypeDefIndex: 8990"
"693129","class","LightAnchor","8991","public class LightAnchor : MonoBehaviour // TypeDefIndex: 8991"
"693234","class","XRBuiltinShaderConstants","8992","public static class XRBuiltinShaderConstants // TypeDefIndex: 8992"
"693275","class","XRLayout","8993","public class XRLayout // TypeDefIndex: 8993"
"693305","class","XRLayoutStack","8994","internal class XRLayoutStack : IDisposable // TypeDefIndex: 8994"
"693332","class","XRMirrorView","8995","internal static class XRMirrorView // TypeDefIndex: 8995"
"693355","class","XROcclusionMesh","8996","internal class XROcclusionMesh // TypeDefIndex: 8996"
"693398","struct","XRPassCreateInfo","8997","public struct XRPassCreateInfo // TypeDefIndex: 8997"
"693417","class","XRPass","8998","public class XRPass // TypeDefIndex: 8998"
"693670","class","SinglepassKeywords","8999","public static class SinglepassKeywords // TypeDefIndex: 8999"
"693678","class","XRSystem","9000","public static class XRSystem // TypeDefIndex: 9000"
"693798","struct","XRView","9001","internal struct XRView // TypeDefIndex: 9001"
"693820","interface","IPerFrameHistoryAccessTracker","9002","public interface IPerFrameHistoryAccessTracker // TypeDefIndex: 9002"
"693834","interface","ICameraHistoryWriteAccess","9003","public interface ICameraHistoryWriteAccess // TypeDefIndex: 9003"
"693864","class","ICameraHistoryReadAccess.HistoryRequestDelegate","9004","public sealed class ICameraHistoryReadAccess.HistoryRequestDelegate : MulticastDelegate // TypeDefIndex: 9004"
"693882","interface","ICameraHistoryReadAccess","9005","public interface ICameraHistoryReadAccess // TypeDefIndex: 9005"
"693904","class","CameraHistoryItem","9006","public abstract class CameraHistoryItem : ContextItem // TypeDefIndex: 9006"
"693941","class","CameraSwitcher","9007","public class CameraSwitcher : MonoBehaviour // TypeDefIndex: 9007"
"693993","class","FreeCamera","9008","public class FreeCamera : MonoBehaviour // TypeDefIndex: 9008"
"694042","class","BaseCommandBuffer","9009","public class BaseCommandBuffer // TypeDefIndex: 9009"
"694090","struct","CommandBufferHelpers","9010","public struct CommandBufferHelpers // TypeDefIndex: 9010"
"694119","class","ComputeCommandBuffer","9011","public class ComputeCommandBuffer : BaseCommandBuffer, IComputeCommandBuffer, IBaseCommandBuffer // TypeDefIndex: 9011"
"694684","interface","IBaseCommandBuffer","9012","public interface IBaseCommandBuffer // TypeDefIndex: 9012"
"694903","interface","IComputeCommandBuffer","9013","public interface IComputeCommandBuffer : IBaseCommandBuffer // TypeDefIndex: 9013"
"695213","interface","IRasterCommandBuffer","9014","public interface IRasterCommandBuffer : IBaseCommandBuffer // TypeDefIndex: 9014"
"695360","interface","IUnsafeCommandBuffer","9015","public interface IUnsafeCommandBuffer : IBaseCommandBuffer, IRasterCommandBuffer, IComputeCommandBuffer // TypeDefIndex: 9015"
"695414","class","RasterCommandBuffer","9016","public class RasterCommandBuffer : BaseCommandBuffer, IRasterCommandBuffer, IBaseCommandBuffer // TypeDefIndex: 9016"
"695804","class","UnsafeCommandBuffer","9017","public class UnsafeCommandBuffer : BaseCommandBuffer, IUnsafeCommandBuffer, IBaseCommandBuffer, IRasterCommandBuffer, IComputeCommandBuffer // TypeDefIndex: 9017"
"696636","class","CommandBufferPool.","9018","private sealed class CommandBufferPool.<>c // TypeDefIndex: 9018"
"696654","class","CommandBufferPool","9019","public static class CommandBufferPool // TypeDefIndex: 9019"
"696676","enum","ClearFlag","9020","public enum ClearFlag // TypeDefIndex: 9020"
"696690","class","ComponentSingleton","9021","public static class ComponentSingleton<TType> // TypeDefIndex: 9021"
"696718","class","ConstantBuffer","9022","public class ConstantBuffer // TypeDefIndex: 9022"
"696879","class","ConstantBufferBase","9023","public abstract class ConstantBufferBase // TypeDefIndex: 9023"
"696891","class","ConstantBuffer","9024","public class ConstantBuffer<CBType> : ConstantBufferBase // TypeDefIndex: 9024"
"697250","class","ConstantBufferSingleton","9025","internal class ConstantBufferSingleton<CBType> : ConstantBuffer<CBType> // TypeDefIndex: 9025"
"697378","class","ContextContainer.TypeId","9026","private static class ContextContainer.TypeId<T> // TypeDefIndex: 9026"
"697398","struct","ContextContainer.Item","9027","private struct ContextContainer.Item // TypeDefIndex: 9027"
"697406","class","ContextContainer","9028","public class ContextContainer : IDisposable // TypeDefIndex: 9028"
"697466","class","ContextItem","9029","public abstract class ContextItem // TypeDefIndex: 9029"
"697479","class","DisplayInfoAttribute","9030","public class DisplayInfoAttribute : Attribute // TypeDefIndex: 9030"
"697493","class","AdditionalPropertyAttribute","9031","public class AdditionalPropertyAttribute : Attribute // TypeDefIndex: 9031"
"697503","class","HideInDebugUIAttribute","9032","public class HideInDebugUIAttribute : Attribute // TypeDefIndex: 9032"
"697512","enum","CoreProfileId","9033","internal enum CoreProfileId // TypeDefIndex: 9033"
"697526","struct","CoreUnsafeUtils.FixedBufferStringQueue","9034","public struct CoreUnsafeUtils.FixedBufferStringQueue // TypeDefIndex: 9034"
"697565","interface","CoreUnsafeUtils.IKeyGetter","9035","public interface CoreUnsafeUtils.IKeyGetter<TValue, TKey> // TypeDefIndex: 9035"
"697579","struct","CoreUnsafeUtils.DefaultKeyGetter","9036","internal struct CoreUnsafeUtils.DefaultKeyGetter<T> : CoreUnsafeUtils.IKeyGetter<T, T> // TypeDefIndex: 9036"
"697599","struct","CoreUnsafeUtils.UintKeyGetter","9037","internal struct CoreUnsafeUtils.UintKeyGetter : CoreUnsafeUtils.IKeyGetter<uint, uint> // TypeDefIndex: 9037"
"697608","struct","CoreUnsafeUtils.UlongKeyGetter","9038","internal struct CoreUnsafeUtils.UlongKeyGetter : CoreUnsafeUtils.IKeyGetter<ulong, ulong> // TypeDefIndex: 9038"
"697618","class","CoreUnsafeUtils","9039","public static class CoreUnsafeUtils // TypeDefIndex: 9039"
"697779","struct","DynamicArray.Iterator","9040","public struct DynamicArray.Iterator<T> // TypeDefIndex: 9040"
"697920","struct","DynamicArray.RangeEnumerable.RangeIterator","9041","public struct DynamicArray.RangeEnumerable.RangeIterator<T> // TypeDefIndex: 9041"
"698063","struct","DynamicArray.RangeEnumerable","9042","public struct DynamicArray.RangeEnumerable<T> // TypeDefIndex: 9042"
"698104","class","DynamicArray.SortComparer","9043","public sealed class DynamicArray.SortComparer<T> : MulticastDelegate // TypeDefIndex: 9043"
"698168","class","DynamicArray","9044","public class DynamicArray<T> // TypeDefIndex: 9044"
"699116","class","DynamicArrayExtensions","9045","public static class DynamicArrayExtensions // TypeDefIndex: 9045"
"699199","class","PerformDynamicRes","9046","public sealed class PerformDynamicRes : MulticastDelegate // TypeDefIndex: 9046"
"699217","enum","DynamicResScalePolicyType","9047","public enum DynamicResScalePolicyType // TypeDefIndex: 9047"
"699226","enum","DynamicResScalerSlot","9048","public enum DynamicResScalerSlot // TypeDefIndex: 9048"
"699236","struct","DynamicResolutionHandler.ScalerContainer","9049","private struct DynamicResolutionHandler.ScalerContainer // TypeDefIndex: 9049"
"699244","enum","DynamicResolutionHandler.UpsamplerScheduleType","9050","public enum DynamicResolutionHandler.UpsamplerScheduleType // TypeDefIndex: 9050"
"699254","class","DynamicResolutionHandler","9051","public class DynamicResolutionHandler // TypeDefIndex: 9051"
"699425","class","DynamicString","9052","public class DynamicString : DynamicArray<char> // TypeDefIndex: 9052"
"699449","enum","DynamicResolutionType","9053","public enum DynamicResolutionType // TypeDefIndex: 9053"
"699458","enum","DynamicResUpscaleFilter","9054","public enum DynamicResUpscaleFilter // TypeDefIndex: 9054"
"699475","enum","AdvancedUpscalers","9055","public enum AdvancedUpscalers // TypeDefIndex: 9055"
"699489","struct","GlobalDynamicResolutionSettings","9056","public struct GlobalDynamicResolutionSettings // TypeDefIndex: 9056"
"699532","interface","IAdditionalData","9057","public interface IAdditionalData // TypeDefIndex: 9057"
"699536","interface","IVirtualTexturingEnabledRenderPipeline","9058","public interface IVirtualTexturingEnabledRenderPipeline // TypeDefIndex: 9058"
"699549","struct","ListBuffer","9059","public struct ListBuffer<T> // TypeDefIndex: 9059"
"699647","class","ListBufferExtensions","9060","public static class ListBufferExtensions // TypeDefIndex: 9060"
"699662","struct","ObjectPool.PooledObject","9061","public struct ObjectPool.PooledObject<T> : IDisposable // TypeDefIndex: 9061"
"699694","class","ObjectPool","9062","public class ObjectPool<T> // TypeDefIndex: 9062"
"699803","class","GenericPool","9063","public static class GenericPool<T> // TypeDefIndex: 9063"
"699856","class","UnsafeGenericPool","9064","public static class UnsafeGenericPool<T> // TypeDefIndex: 9064"
"699899","class","ListPool.","9065","private sealed class ListPool.<>c<T> // TypeDefIndex: 9065"
"699950","class","ListPool","9066","public static class ListPool<T> // TypeDefIndex: 9066"
"700017","class","HashSetPool.","9067","private sealed class HashSetPool.<>c<T> // TypeDefIndex: 9067"
"700050","class","HashSetPool","9068","public static class HashSetPool<T> // TypeDefIndex: 9068"
"700093","class","DictionaryPool.","9069","private sealed class DictionaryPool.<>c<TKey, TValue> // TypeDefIndex: 9069"
"700126","class","DictionaryPool","9070","public static class DictionaryPool<TKey, TValue> // TypeDefIndex: 9070"
"700167","struct","Observable","9071","public struct Observable<T> // TypeDefIndex: 9071"
"700223","class","ListChangedEventArgs","9072","public sealed class ListChangedEventArgs<T> : EventArgs // TypeDefIndex: 9072"
"700244","class","ListChangedEventHandler","9073","public sealed class ListChangedEventHandler<T> : MulticastDelegate // TypeDefIndex: 9073"
"700295","class","ObservableList","9074","public class ObservableList<T> : IList<T>, ICollection<T>, IEnumerable<T>, IEnumerable // TypeDefIndex: 9074"
"700581","enum","ReloadAttribute.Package","9075","public enum ReloadAttribute.Package // TypeDefIndex: 9075"
"700592","class","ReloadAttribute","9076","public sealed class ReloadAttribute : Attribute // TypeDefIndex: 9076"
"700608","class","ReloadGroupAttribute","9077","public sealed class ReloadGroupAttribute : Attribute // TypeDefIndex: 9077"
"700618","class","RemoveRangeExtensions","9078","public static class RemoveRangeExtensions // TypeDefIndex: 9078"
"700636","class","SerializableEnum","9079","public class SerializableEnum // TypeDefIndex: 9079"
"700660","class","SerializedDictionaryDebugView","9080","internal sealed class SerializedDictionaryDebugView<K, V> // TypeDefIndex: 9080"
"700692","class","SerializedDictionary","9081","public class SerializedDictionary<K, V> : SerializedDictionary<K, V, K, V> // TypeDefIndex: 9081"
"700814","class","SerializedDictionary","9082","public abstract class SerializedDictionary<K, V, SK, SV> : Dictionary<K, V>, ISerializationCallbackReceiver // TypeDefIndex: 9082"
"700928","class","SwapCollectionExtensions","9083","public static class SwapCollectionExtensions // TypeDefIndex: 9083"
"700945","class","DebugDisplaySettings.IDebugDisplaySettingsDataComparer","9084","private class DebugDisplaySettings.IDebugDisplaySettingsDataComparer<T> : IEqualityComparer<IDebugDisplaySettingsData> // TypeDefIndex: 9084"
"700986","class","DebugDisplaySettings.","9085","private sealed class DebugDisplaySettings.<>c<T> // TypeDefIndex: 9085"
"701028","class","DebugDisplaySettings","9086","public abstract class DebugDisplaySettings<T> : IDebugDisplaySettings // TypeDefIndex: 9086"
"701165","class","DebugDisplaySettingsHDROutput.Strings","9087","private static class DebugDisplaySettingsHDROutput.Strings // TypeDefIndex: 9087"
"701191","class","DebugDisplaySettingsHDROutput.","9088","private sealed class DebugDisplaySettingsHDROutput.<>c__DisplayClass1_0 // TypeDefIndex: 9088"
"701233","class","DebugDisplaySettingsHDROutput","9089","public class DebugDisplaySettingsHDROutput // TypeDefIndex: 9089"
"701245","class","DebugDisplaySettingsPanel","9090","public abstract class DebugDisplaySettingsPanel : IDebugDisplaySettingsPanelDisposable, IDebugDisplaySettingsPanel, IDisposable // TypeDefIndex: 9090"
"701285","class","DebugDisplaySettingsPanel","9091","public abstract class DebugDisplaySettingsPanel<T> : DebugDisplaySettingsPanel // TypeDefIndex: 9091"
"701331","class","DebugDisplaySettingsStats.StatsPanel","9092","private class DebugDisplaySettingsStats.StatsPanel<TProfileId> : DebugDisplaySettingsPanel // TypeDefIndex: 9092"
"701376","class","DebugDisplaySettingsStats","9093","public class DebugDisplaySettingsStats<TProfileId> : IDebugDisplaySettingsData, IDebugDisplaySettingsQuery // TypeDefIndex: 9093"
"701436","class","DebugDisplaySettingsUI.","9094","private sealed class DebugDisplaySettingsUI.<>c__DisplayClass3_0 // TypeDefIndex: 9094"
"701452","class","DebugDisplaySettingsUI","9095","public class DebugDisplaySettingsUI : IDebugData // TypeDefIndex: 9095"
"701477","class","DebugDisplaySettingsVolume.Styles","9096","private static class DebugDisplaySettingsVolume.Styles // TypeDefIndex: 9096"
"701490","class","DebugDisplaySettingsVolume.Strings","9097","private static class DebugDisplaySettingsVolume.Strings // TypeDefIndex: 9097"
"701518","struct","DebugDisplaySettingsVolume.WidgetFactory.VolumeParameterChain","9098","private struct DebugDisplaySettingsVolume.WidgetFactory.VolumeParameterChain // TypeDefIndex: 9098"
"701530","class","DebugDisplaySettingsVolume.WidgetFactory.","9099","private sealed class DebugDisplaySettingsVolume.WidgetFactory.<>c // TypeDefIndex: 9099"
"701553","class","DebugDisplaySettingsVolume.WidgetFactory.","9100","private sealed class DebugDisplaySettingsVolume.WidgetFactory.<>c__DisplayClass0_0 // TypeDefIndex: 9100"
"701578","class","DebugDisplaySettingsVolume.WidgetFactory.","9101","private sealed class DebugDisplaySettingsVolume.WidgetFactory.<>c__DisplayClass1_0 // TypeDefIndex: 9101"
"701600","class","DebugDisplaySettingsVolume.WidgetFactory.","9102","private sealed class DebugDisplaySettingsVolume.WidgetFactory.<>c__DisplayClass7_0 // TypeDefIndex: 9102"
"701623","class","DebugDisplaySettingsVolume.WidgetFactory.","9103","private sealed class DebugDisplaySettingsVolume.WidgetFactory.<>c__DisplayClass9_0 // TypeDefIndex: 9103"
"701636","class","DebugDisplaySettingsVolume.WidgetFactory.","9104","private sealed class DebugDisplaySettingsVolume.WidgetFactory.<>c__DisplayClass9_1 // TypeDefIndex: 9104"
"701658","class","DebugDisplaySettingsVolume.WidgetFactory","9105","internal static class DebugDisplaySettingsVolume.WidgetFactory // TypeDefIndex: 9105"
"701698","class","DebugDisplaySettingsVolume.SettingsPanel","9106","internal class DebugDisplaySettingsVolume.SettingsPanel : DebugDisplaySettingsPanel<DebugDisplaySettingsVolume> // TypeDefIndex: 9106"
"701721","class","DebugDisplaySettingsVolume","9107","public class DebugDisplaySettingsVolume : IDebugDisplaySettingsData, IDebugDisplaySettingsQuery // TypeDefIndex: 9107"
"701751","class","DebugDisplayStats.AccumulatedTiming","9108","private class DebugDisplayStats.AccumulatedTiming<TProfileId> // TypeDefIndex: 9108"
"701783","enum","DebugDisplayStats.DebugProfilingType","9109","private enum DebugDisplayStats.DebugProfilingType<TProfileId> // TypeDefIndex: 9109"
"701794","class","DebugDisplayStats.","9110","private sealed class DebugDisplayStats.<>c__DisplayClass19_0<TProfileId> // TypeDefIndex: 9110"
"701829","class","DebugDisplayStats.","9111","private sealed class DebugDisplayStats.<>c__DisplayClass19_1<TProfileId> // TypeDefIndex: 9111"
"701862","class","DebugDisplayStats.","9112","private sealed class DebugDisplayStats.<>c__DisplayClass19_2<TProfileId> // TypeDefIndex: 9112"
"701895","class","DebugDisplayStats.","9113","private sealed class DebugDisplayStats.<>c__DisplayClass6_0<TProfileId> // TypeDefIndex: 9113"
"701927","class","DebugDisplayStats","9114","public abstract class DebugDisplayStats<TProfileId> // TypeDefIndex: 9114"
"702075","class","DebugFrameTiming","9115","public class DebugFrameTiming // TypeDefIndex: 9115"
"702214","enum","DebugAction","9116","internal enum DebugAction // TypeDefIndex: 9116"
"702231","enum","DebugActionRepeatMode","9117","internal enum DebugActionRepeatMode // TypeDefIndex: 9117"
"702240","enum","DebugManager.UIMode","9118","public enum DebugManager.UIMode // TypeDefIndex: 9118"
"702249","class","DebugManager.UIState","9119","private class DebugManager.UIState // TypeDefIndex: 9119"
"702274","class","DebugManager.","9120","private sealed class DebugManager.<>c // TypeDefIndex: 9120"
"702305","class","DebugManager.","9121","private sealed class DebugManager.<>c__DisplayClass86_0 // TypeDefIndex: 9121"
"702320","class","DebugManager","9122","public sealed class DebugManager // TypeDefIndex: 9122"
"702550","class","DebugActionDesc","9123","internal class DebugActionDesc // TypeDefIndex: 9123"
"702566","enum","DebugActionState.DebugActionKeyType","9124","private enum DebugActionState.DebugActionKeyType // TypeDefIndex: 9124"
"702576","class","DebugActionState","9125","internal class DebugActionState // TypeDefIndex: 9125"
"702635","interface","IDebugData","9126","public interface IDebugData // TypeDefIndex: 9126"
"702644","class","DebugOverlay","9127","public class DebugOverlay // TypeDefIndex: 9127"
"702701","class","DebugShapes","9128","public class DebugShapes // TypeDefIndex: 9128"
"702756","class","DebugUI.Container","9129","public class DebugUI.Container : DebugUI.Widget, DebugUI.IContainer // TypeDefIndex: 9129"
"702810","struct","DebugUI.Foldout.ContextMenuItem","9130","public struct DebugUI.Foldout.ContextMenuItem // TypeDefIndex: 9130"
"702818","class","DebugUI.Foldout","9131","public class DebugUI.Foldout : DebugUI.Container, DebugUI.IValueField // TypeDefIndex: 9131"
"702878","class","DebugUI.HBox","9132","public class DebugUI.HBox : DebugUI.Container // TypeDefIndex: 9132"
"702887","class","DebugUI.VBox","9133","public class DebugUI.VBox : DebugUI.Container // TypeDefIndex: 9133"
"702896","class","DebugUI.Table.Row","9134","public class DebugUI.Table.Row : DebugUI.Foldout // TypeDefIndex: 9134"
"702905","class","DebugUI.Table","9135","public class DebugUI.Table : DebugUI.Container // TypeDefIndex: 9135"
"702940","class","DebugUI.Field","9136","public abstract class DebugUI.Field<T> : DebugUI.Widget, DebugUI.IValueField // TypeDefIndex: 9136"
"703379","class","DebugUI.BoolField","9137","public class DebugUI.BoolField : DebugUI.Field<bool> // TypeDefIndex: 9137"
"703388","class","DebugUI.HistoryBoolField","9138","public class DebugUI.HistoryBoolField : DebugUI.BoolField // TypeDefIndex: 9138"
"703419","class","DebugUI.IntField","9139","public class DebugUI.IntField : DebugUI.Field<int> // TypeDefIndex: 9139"
"703437","class","DebugUI.UIntField","9140","public class DebugUI.UIntField : DebugUI.Field<uint> // TypeDefIndex: 9140"
"703455","class","DebugUI.FloatField","9141","public class DebugUI.FloatField : DebugUI.Field<float> // TypeDefIndex: 9141"
"703475","class","DebugUI.RenderingLayerField.","9142","private sealed class DebugUI.RenderingLayerField.<>c__DisplayClass5_0 // TypeDefIndex: 9142"
"703494","class","DebugUI.RenderingLayerField","9143","public class DebugUI.RenderingLayerField : DebugUI.Field<RenderingLayerMask>, DebugUI.IContainer // TypeDefIndex: 9143"
"703556","class","DebugUI.EnumField.","9144","private sealed class DebugUI.EnumField.<>c<T> // TypeDefIndex: 9144"
"703617","class","DebugUI.EnumField","9145","public abstract class DebugUI.EnumField<T> : DebugUI.Field<T> // TypeDefIndex: 9145"
"703718","class","DebugUI.EnumField.","9146","private sealed class DebugUI.EnumField.<>c // TypeDefIndex: 9146"
"703737","class","DebugUI.EnumField","9147","public class DebugUI.EnumField : DebugUI.EnumField<int> // TypeDefIndex: 9147"
"703795","class","DebugUI.ObjectPopupField","9148","public class DebugUI.ObjectPopupField : DebugUI.Field<Object> // TypeDefIndex: 9148"
"703819","class","DebugUI.HistoryEnumField","9149","public class DebugUI.HistoryEnumField : DebugUI.EnumField // TypeDefIndex: 9149"
"703850","class","DebugUI.BitField","9150","public class DebugUI.BitField : DebugUI.EnumField<Enum> // TypeDefIndex: 9150"
"703871","class","DebugUI.ColorField","9151","public class DebugUI.ColorField : DebugUI.Field<Color> // TypeDefIndex: 9151"
"703891","class","DebugUI.Vector2Field","9152","public class DebugUI.Vector2Field : DebugUI.Field<Vector2> // TypeDefIndex: 9152"
"703905","class","DebugUI.Vector3Field","9153","public class DebugUI.Vector3Field : DebugUI.Field<Vector3> // TypeDefIndex: 9153"
"703919","class","DebugUI.Vector4Field","9154","public class DebugUI.Vector4Field : DebugUI.Field<Vector4> // TypeDefIndex: 9154"
"703933","class","DebugUI.ObjectField","9155","public class DebugUI.ObjectField : DebugUI.Field<Object> // TypeDefIndex: 9155"
"703945","class","DebugUI.ObjectListField","9156","public class DebugUI.ObjectListField : DebugUI.Field<Object[]> // TypeDefIndex: 9156"
"703957","enum","DebugUI.MessageBox.Style","9157","public enum DebugUI.MessageBox.Style // TypeDefIndex: 9157"
"703967","class","DebugUI.MessageBox","9158","public class DebugUI.MessageBox : DebugUI.Widget // TypeDefIndex: 9158"
"703988","class","DebugUI.RuntimeDebugShadersMessageBox.","9159","private sealed class DebugUI.RuntimeDebugShadersMessageBox.<>c // TypeDefIndex: 9159"
"704007","class","DebugUI.RuntimeDebugShadersMessageBox","9160","public class DebugUI.RuntimeDebugShadersMessageBox : DebugUI.MessageBox // TypeDefIndex: 9160"
"704018","class","DebugUI.Panel.","9161","private sealed class DebugUI.Panel.<>c // TypeDefIndex: 9161"
"704037","class","DebugUI.Panel","9162","public class DebugUI.Panel : DebugUI.IContainer, IComparable<DebugUI.Panel> // TypeDefIndex: 9162"
"704140","enum","DebugUI.Flags","9163","public enum DebugUI.Flags // TypeDefIndex: 9163"
"704152","struct","DebugUI.Widget.NameAndTooltip","9164","public struct DebugUI.Widget.NameAndTooltip // TypeDefIndex: 9164"
"704160","class","DebugUI.Widget","9165","public abstract class DebugUI.Widget // TypeDefIndex: 9165"
"704260","interface","DebugUI.IContainer","9166","public interface DebugUI.IContainer // TypeDefIndex: 9166"
"704283","interface","DebugUI.IValueField","9167","public interface DebugUI.IValueField // TypeDefIndex: 9167"
"704298","class","DebugUI.Button","9168","public class DebugUI.Button : DebugUI.Widget // TypeDefIndex: 9168"
"704322","class","DebugUI.Value","9169","public class DebugUI.Value : DebugUI.Widget // TypeDefIndex: 9169"
"704354","class","DebugUI.ProgressBarValue","9170","public class DebugUI.ProgressBarValue : DebugUI.Value // TypeDefIndex: 9170"
"704374","class","DebugUI.ValueTuple","9171","public class DebugUI.ValueTuple : DebugUI.Widget // TypeDefIndex: 9171"
"704398","class","DebugUI.MaskField","9172","public class DebugUI.MaskField : DebugUI.EnumField<uint> // TypeDefIndex: 9172"
"704413","class","DebugUI","9173","public class DebugUI // TypeDefIndex: 9173"
"704423","class","DebugUpdater.","9174","private sealed class DebugUpdater.<DoAfterInputModuleUpdated>d__9 : IEnumerator<object>, IEnumerator, IDisposable // TypeDefIndex: 9174"
"704462","class","DebugUpdater.","9175","private sealed class DebugUpdater.<RefreshRuntimeUINextFrame>d__14 : IEnumerator<object>, IEnumerator, IDisposable // TypeDefIndex: 9175"
"704499","class","DebugUpdater","9176","internal class DebugUpdater : MonoBehaviour // TypeDefIndex: 9176"
"704552","enum","PerformanceBottleneck","9177","internal enum PerformanceBottleneck // TypeDefIndex: 9177"
"704564","struct","BottleneckHistogram","9178","internal struct BottleneckHistogram // TypeDefIndex: 9178"
"704574","class","BottleneckHistory","9179","internal class BottleneckHistory // TypeDefIndex: 9179"
"704602","struct","FrameTimeSample","9180","internal struct FrameTimeSample // TypeDefIndex: 9180"
"704621","class","FrameTimeSampleHistory.","9181","private sealed class FrameTimeSampleHistory.<>c // TypeDefIndex: 9181"
"704654","class","FrameTimeSampleHistory","9182","internal class FrameTimeSampleHistory // TypeDefIndex: 9182"
"704694","interface","IDebugDisplaySettings","9183","public interface IDebugDisplaySettings // TypeDefIndex: 9183"
"704709","interface","IDebugDisplaySettingsData","9184","public interface IDebugDisplaySettingsData : IDebugDisplaySettingsQuery // TypeDefIndex: 9184"
"704718","interface","IDebugDisplaySettingsPanel","9185","public interface IDebugDisplaySettingsPanel // TypeDefIndex: 9185"
"704738","interface","IDebugDisplaySettingsPanelDisposable","9186","public interface IDebugDisplaySettingsPanelDisposable : IDebugDisplaySettingsPanel, IDisposable // TypeDefIndex: 9186"
"704742","interface","IDebugDisplaySettingsQuery","9187","public interface IDebugDisplaySettingsQuery // TypeDefIndex: 9187"
"704765","interface","IVolumeDebugSettings","9188","public interface IVolumeDebugSettings // TypeDefIndex: 9188"
"704827","interface","IVolumeDebugSettings2","9189","public interface IVolumeDebugSettings2 : IVolumeDebugSettings // TypeDefIndex: 9189"
"704845","class","MousePositionDebug","9190","public class MousePositionDebug // TypeDefIndex: 9190"
"704878","class","TProfilingSampler","9191","internal class TProfilingSampler<TEnum> : ProfilingSampler // TypeDefIndex: 9191"
"704904","class","ProfilingSampler","9192","public class ProfilingSampler // TypeDefIndex: 9192"
"705003","struct","ProfilingScope","9193","public struct ProfilingScope : IDisposable // TypeDefIndex: 9193"
"705023","struct","ProfilingSample","9194","public struct ProfilingSample : IDisposable // TypeDefIndex: 9194"
"705050","class","ShaderDebugPrintManager.Profiling","9195","private static class ShaderDebugPrintManager.Profiling // TypeDefIndex: 9195"
"705062","enum","ShaderDebugPrintManager.DebugValueType","9196","private enum ShaderDebugPrintManager.DebugValueType // TypeDefIndex: 9196"
"705082","class","ShaderDebugPrintManager","9197","public sealed class ShaderDebugPrintManager // TypeDefIndex: 9197"
"705148","struct","ShaderDebugPrintInput","9198","public struct ShaderDebugPrintInput // TypeDefIndex: 9198"
"705209","class","ShaderDebugPrintInputProducer","9199","public static class ShaderDebugPrintInputProducer // TypeDefIndex: 9199"
"705220","class","VolumeDebugSettings.","9200","private sealed class VolumeDebugSettings.<>c<T> // TypeDefIndex: 9200"
"705291","class","VolumeDebugSettings.","9201","private sealed class VolumeDebugSettings.<>c__DisplayClass22_0<T> // TypeDefIndex: 9201"
"705316","class","VolumeDebugSettings","9202","public abstract class VolumeDebugSettings<T> : IVolumeDebugSettings // TypeDefIndex: 9202"
"705611","interface","IShaderVariantSettings","9203","public interface IShaderVariantSettings // TypeDefIndex: 9203"
"705641","class","ProbeTouchupVolume","9204","public class ProbeTouchupVolume : ProbeAdjustmentVolume // TypeDefIndex: 9204"
"705652","class","VolumeManager.","9205","private sealed class VolumeManager.<>c // TypeDefIndex: 9205"
"705683","struct","VolumeManager.","9206","private struct VolumeManager.<>c__DisplayClass60_0 // TypeDefIndex: 9206"
"705691","class","VolumeManager.","9207","private sealed class VolumeManager.<>c__DisplayClass60_1 // TypeDefIndex: 9207"
"705706","class","VolumeManager","9208","public sealed class VolumeManager // TypeDefIndex: 9208"
"705928","class","CoreRPHelpURLAttribute","9209","public class CoreRPHelpURLAttribute : HelpURLAttribute // TypeDefIndex: 9209"
"705942","class","CurrentPipelineHelpURLAttribute","9210","public class CurrentPipelineHelpURLAttribute : HelpURLAttribute // TypeDefIndex: 9210"
"705973","class","DocumentationInfo","9211","public class DocumentationInfo // TypeDefIndex: 9211"
"706011","class","DocumentationUtils","9212","public static class DocumentationUtils // TypeDefIndex: 9212"
"706028","interface","IProbeVolumeEnabledRenderPipeline","9213","public interface IProbeVolumeEnabledRenderPipeline // TypeDefIndex: 9213"
"706049","enum","ProbeAdjustmentVolume.Shape","9214","public enum ProbeAdjustmentVolume.Shape // TypeDefIndex: 9214"
"706058","enum","ProbeAdjustmentVolume.Mode","9215","public enum ProbeAdjustmentVolume.Mode // TypeDefIndex: 9215"
"706073","enum","ProbeAdjustmentVolume.RenderingLayerMaskOperation","9216","public enum ProbeAdjustmentVolume.RenderingLayerMaskOperation // TypeDefIndex: 9216"
"706083","enum","ProbeAdjustmentVolume.Version","9217","private enum ProbeAdjustmentVolume.Version // TypeDefIndex: 9217"
"706095","class","ProbeAdjustmentVolume","9218","public class ProbeAdjustmentVolume : MonoBehaviour, ISerializationCallbackReceiver // TypeDefIndex: 9218"
"706169","struct","ProbeBrickIndex.Brick","9219","public struct ProbeBrickIndex.Brick : IEquatable<ProbeBrickIndex.Brick> // TypeDefIndex: 9219"
"706188","struct","ProbeBrickIndex.IndirectionEntryUpdateInfo","9220","public struct ProbeBrickIndex.IndirectionEntryUpdateInfo // TypeDefIndex: 9220"
"706201","struct","ProbeBrickIndex.CellIndexUpdateInfo","9221","public struct ProbeBrickIndex.CellIndexUpdateInfo // TypeDefIndex: 9221"
"706213","class","ProbeBrickIndex","9222","internal class ProbeBrickIndex // TypeDefIndex: 9222"
"706319","struct","ProbeBrickPool.BrickChunkAlloc","9223","public struct ProbeBrickPool.BrickChunkAlloc // TypeDefIndex: 9223"
"706333","struct","ProbeBrickPool.DataLocation","9224","public struct ProbeBrickPool.DataLocation // TypeDefIndex: 9224"
"706358","class","ProbeBrickPool","9225","internal class ProbeBrickPool // TypeDefIndex: 9225"
"706512","class","ProbeBrickBlendingPool","9226","internal class ProbeBrickBlendingPool // TypeDefIndex: 9226"
"706605","struct","ProbeGlobalIndirection.IndexMetaData","9227","internal struct ProbeGlobalIndirection.IndexMetaData // TypeDefIndex: 9227"
"706624","class","ProbeGlobalIndirection","9228","internal class ProbeGlobalIndirection // TypeDefIndex: 9228"
"706698","class","ProbeReferenceVolume.ShaderIDs","9229","internal static class ProbeReferenceVolume.ShaderIDs // TypeDefIndex: 9229"
"706724","class","ProbeReferenceVolume.CellInstancedDebugProbes","9230","internal class ProbeReferenceVolume.CellInstancedDebugProbes // TypeDefIndex: 9230"
"706738","class","ProbeReferenceVolume.RenderFragmentationOverlayPassData","9231","private class ProbeReferenceVolume.RenderFragmentationOverlayPassData // TypeDefIndex: 9231"
"706755","class","ProbeReferenceVolume.DiskStreamingRequest","9232","internal class ProbeReferenceVolume.DiskStreamingRequest // TypeDefIndex: 9232"
"706792","struct","ProbeReferenceVolume.CellStreamingScratchBufferLayout","9233","internal struct ProbeReferenceVolume.CellStreamingScratchBufferLayout // TypeDefIndex: 9233"
"706826","class","ProbeReferenceVolume.CellStreamingScratchBuffer","9234","internal class ProbeReferenceVolume.CellStreamingScratchBuffer // TypeDefIndex: 9234"
"706866","enum","ProbeReferenceVolume.CellStreamingRequest.State","9235","public enum ProbeReferenceVolume.CellStreamingRequest.State // TypeDefIndex: 9235"
"706878","class","ProbeReferenceVolume.CellStreamingRequest.OnStreamingCompleteDelegate","9236","public sealed class ProbeReferenceVolume.CellStreamingRequest.OnStreamingCompleteDelegate : MulticastDelegate // TypeDefIndex: 9236"
"706897","class","ProbeReferenceVolume.CellStreamingRequest","9237","internal class ProbeReferenceVolume.CellStreamingRequest // TypeDefIndex: 9237"
"707020","struct","ProbeReferenceVolume.IndirectionEntryInfo","9238","internal struct ProbeReferenceVolume.IndirectionEntryInfo // TypeDefIndex: 9238"
"707033","class","ProbeReferenceVolume.CellDesc","9239","internal class ProbeReferenceVolume.CellDesc // TypeDefIndex: 9239"
"707055","struct","ProbeReferenceVolume.CellData.PerScenarioData","9240","public struct ProbeReferenceVolume.CellData.PerScenarioData // TypeDefIndex: 9240"
"707069","class","ProbeReferenceVolume.CellData","9241","internal class ProbeReferenceVolume.CellData // TypeDefIndex: 9241"
"707178","class","ProbeReferenceVolume.CellPoolInfo","9242","internal class ProbeReferenceVolume.CellPoolInfo // TypeDefIndex: 9242"
"707194","class","ProbeReferenceVolume.CellIndexInfo","9243","internal class ProbeReferenceVolume.CellIndexInfo // TypeDefIndex: 9243"
"707213","class","ProbeReferenceVolume.CellBlendingInfo","9244","internal class ProbeReferenceVolume.CellBlendingInfo // TypeDefIndex: 9244"
"707249","class","ProbeReferenceVolume.CellStreamingInfo","9245","internal class ProbeReferenceVolume.CellStreamingInfo // TypeDefIndex: 9245"
"707274","class","ProbeReferenceVolume.Cell","9246","internal class ProbeReferenceVolume.Cell : IComparable<ProbeReferenceVolume.Cell> // TypeDefIndex: 9246"
"707306","struct","ProbeReferenceVolume.Volume","9247","internal struct ProbeReferenceVolume.Volume : IEquatable<ProbeReferenceVolume.Volume> // TypeDefIndex: 9247"
"707347","struct","ProbeReferenceVolume.RefVolTransform","9248","internal struct ProbeReferenceVolume.RefVolTransform // TypeDefIndex: 9248"
"707356","struct","ProbeReferenceVolume.RuntimeResources","9249","public struct ProbeReferenceVolume.RuntimeResources // TypeDefIndex: 9249"
"707377","struct","ProbeReferenceVolume.ExtraDataActionInput","9250","public struct ProbeReferenceVolume.ExtraDataActionInput // TypeDefIndex: 9250"
"707383","class","ProbeReferenceVolume.","9251","private sealed class ProbeReferenceVolume.<>c // TypeDefIndex: 9251"
"707535","class","ProbeReferenceVolume.","9252","private sealed class ProbeReferenceVolume.<>c__DisplayClass137_0 // TypeDefIndex: 9252"
"707550","class","ProbeReferenceVolume","9253","public class ProbeReferenceVolume // TypeDefIndex: 9253"
"708497","enum","DebugProbeShadingMode","9254","public enum DebugProbeShadingMode // TypeDefIndex: 9254"
"708515","enum","ProbeSamplingDebugUpdate","9255","internal enum ProbeSamplingDebugUpdate // TypeDefIndex: 9255"
"708525","class","ProbeSamplingDebugData","9256","internal class ProbeSamplingDebugData // TypeDefIndex: 9256"
"708542","class","ProbeVolumeDebug","9257","internal class ProbeVolumeDebug : IDebugData // TypeDefIndex: 9257"
"708593","class","ProbeVolumeDebugColorPreferences","9258","internal class ProbeVolumeDebugColorPreferences // TypeDefIndex: 9258"
"708620","class","SceneExtensions","9259","internal static class SceneExtensions // TypeDefIndex: 9259"
"708636","struct","ProbeVolumeSystemParameters","9260","public struct ProbeVolumeSystemParameters // TypeDefIndex: 9260"
"708669","struct","ProbeVolumeShadingParameters","9261","internal struct ProbeVolumeShadingParameters // TypeDefIndex: 9261"
"708690","enum","ProbeVolumeTextureMemoryBudget","9262","public enum ProbeVolumeTextureMemoryBudget // TypeDefIndex: 9262"
"708701","enum","ProbeVolumeBlendingTextureMemoryBudget","9263","public enum ProbeVolumeBlendingTextureMemoryBudget // TypeDefIndex: 9263"
"708712","enum","ProbeVolumeSHBands","9264","public enum ProbeVolumeSHBands // TypeDefIndex: 9264"
"708721","enum","ProbeVolume.Version","9265","private enum ProbeVolume.Version // TypeDefIndex: 9265"
"708732","enum","ProbeVolume.Mode","9266","public enum ProbeVolume.Mode // TypeDefIndex: 9266"
"708744","class","ProbeVolume","9267","public class ProbeVolume : MonoBehaviour // TypeDefIndex: 9267"
"708790","class","ObsoleteProbeVolumeAsset","9268","internal class ObsoleteProbeVolumeAsset : ScriptableObject // TypeDefIndex: 9268"
"708800","struct","ProbeDilationSettings","9269","internal struct ProbeDilationSettings // TypeDefIndex: 9269"
"708820","struct","VirtualOffsetSettings","9270","internal struct VirtualOffsetSettings // TypeDefIndex: 9270"
"708844","enum","ProbeVolumeBakingProcessSettings.SettingsVersion","9271","internal enum ProbeVolumeBakingProcessSettings.SettingsVersion // TypeDefIndex: 9271"
"708856","struct","ProbeVolumeBakingProcessSettings","9272","internal struct ProbeVolumeBakingProcessSettings // TypeDefIndex: 9272"
"708883","class","LogarithmicAttribute","9273","internal class LogarithmicAttribute : PropertyAttribute // TypeDefIndex: 9273"
"708896","enum","ProbeVolumeBakingSet.Version","9274","internal enum ProbeVolumeBakingSet.Version // TypeDefIndex: 9274"
"708907","class","ProbeVolumeBakingSet.PerScenarioDataInfo","9275","internal class ProbeVolumeBakingSet.PerScenarioDataInfo // TypeDefIndex: 9275"
"708936","struct","ProbeVolumeBakingSet.CellCounts","9276","internal struct ProbeVolumeBakingSet.CellCounts // TypeDefIndex: 9276"
"708950","struct","ProbeVolumeBakingSet.SerializedPerSceneCellList","9277","private struct ProbeVolumeBakingSet.SerializedPerSceneCellList // TypeDefIndex: 9277"
"708959","struct","ProbeVolumeBakingSet.ProbeLayerMask","9278","internal struct ProbeVolumeBakingSet.ProbeLayerMask // TypeDefIndex: 9278"
"708967","class","ProbeVolumeBakingSet","9279","public sealed class ProbeVolumeBakingSet : ScriptableObject, ISerializationCallbackReceiver // TypeDefIndex: 9279"
"709300","class","ProbeVolumeBakingSetWeakReference","9280","internal class ProbeVolumeBakingSetWeakReference // TypeDefIndex: 9280"
"709327","class","ProbeVolumeConstantRuntimeResources","9281","internal static class ProbeVolumeConstantRuntimeResources // TypeDefIndex: 9281"
"709358","struct","GIContributors","9282","internal struct GIContributors // TypeDefIndex: 9282"
"709366","class","ProbeVolumeRuntimeResources","9283","internal class ProbeVolumeRuntimeResources : IRenderPipelineResources, IRenderPipelineGraphicsSettings // TypeDefIndex: 9283"
"709397","class","ProbeVolumeDebugResources","9284","internal class ProbeVolumeDebugResources : IRenderPipelineResources, IRenderPipelineGraphicsSettings // TypeDefIndex: 9284"
"709434","class","ProbeVolumeBakingResources","9285","internal class ProbeVolumeBakingResources : IRenderPipelineResources, IRenderPipelineGraphicsSettings // TypeDefIndex: 9285"
"709476","class","ProbeVolumeGlobalSettings","9286","internal class ProbeVolumeGlobalSettings : IRenderPipelineGraphicsSettings // TypeDefIndex: 9286"
"709507","struct","ProbeVolumePerSceneData.ObsoletePerScenarioData","9287","internal struct ProbeVolumePerSceneData.ObsoletePerScenarioData // TypeDefIndex: 9287"
"709517","struct","ProbeVolumePerSceneData.ObsoleteSerializablePerScenarioDataItem","9288","private struct ProbeVolumePerSceneData.ObsoleteSerializablePerScenarioDataItem // TypeDefIndex: 9288"
"709527","class","ProbeVolumePerSceneData","9289","public class ProbeVolumePerSceneData : MonoBehaviour // TypeDefIndex: 9289"
"709585","class","ProbeVolumePositioning","9290","internal static class ProbeVolumePositioning // TypeDefIndex: 9290"
"709615","class","ProbeVolumeSceneData","9291","public class ProbeVolumeSceneData // TypeDefIndex: 9291"
"709640","class","ProbeVolumeScratchBufferPool.ScratchBufferPool","9292","private class ProbeVolumeScratchBufferPool.ScratchBufferPool : IComparable<ProbeVolumeScratchBufferPool.ScratchBufferPool> // TypeDefIndex: 9292"
"709661","class","ProbeVolumeScratchBufferPool.","9293","private sealed class ProbeVolumeScratchBufferPool.<>c // TypeDefIndex: 9293"
"709684","class","ProbeVolumeScratchBufferPool","9294","internal class ProbeVolumeScratchBufferPool // TypeDefIndex: 9294"
"709752","struct","ProbeVolumeStreamableAsset.StreamableCellDesc","9295","public struct ProbeVolumeStreamableAsset.StreamableCellDesc // TypeDefIndex: 9295"
"709762","class","ProbeVolumeStreamableAsset","9296","internal class ProbeVolumeStreamableAsset // TypeDefIndex: 9296"
"709838","class","APVLeakReductionModeParameter","9297","public sealed class APVLeakReductionModeParameter : VolumeParameter<APVLeakReductionMode> // TypeDefIndex: 9297"
"709850","class","ProbeVolumesOptions","9298","public sealed class ProbeVolumesOptions : VolumeComponent // TypeDefIndex: 9298"
"709888","class","APVDefinitions","9299","internal class APVDefinitions // TypeDefIndex: 9299"
"709907","enum","APVConstantBufferRegister","9300","public enum APVConstantBufferRegister // TypeDefIndex: 9300"
"709916","enum","APVLeakReductionMode","9301","public enum APVLeakReductionMode // TypeDefIndex: 9301"
"709931","struct","ShaderVariablesProbeVolumes","9302","internal struct ShaderVariablesProbeVolumes // TypeDefIndex: 9302"
"709948","struct","SphericalHarmonicsL1","9303","public struct SphericalHarmonicsL1 // TypeDefIndex: 9303"
"709987","class","SphericalHarmonicsL2Utils","9304","public class SphericalHarmonicsL2Utils // TypeDefIndex: 9304"
"710024","enum","HDRRangeReduction","9305","public enum HDRRangeReduction // TypeDefIndex: 9305"
"710038","enum","HDRColorspace","9306","public enum HDRColorspace // TypeDefIndex: 9306"
"710049","enum","HDREncoding","9307","public enum HDREncoding // TypeDefIndex: 9307"
"710060","interface","IPostProcessComponent","9308","public interface IPostProcessComponent // TypeDefIndex: 9308"
"710073","class","LensFlareCommonSRP.LensFlareCompInfo","9309","internal class LensFlareCommonSRP.LensFlareCompInfo // TypeDefIndex: 9309"
"710087","class","LensFlareCommonSRP.","9310","private sealed class LensFlareCommonSRP.<>c__DisplayClass50_0 // TypeDefIndex: 9310"
"710103","class","LensFlareCommonSRP.","9311","private sealed class LensFlareCommonSRP.<>c__DisplayClass51_0 // TypeDefIndex: 9311"
"710119","struct","LensFlareCommonSRP.","9312","private struct LensFlareCommonSRP.<>c__DisplayClass74_0 // TypeDefIndex: 9312"
"710133","class","LensFlareCommonSRP","9313","public sealed class LensFlareCommonSRP // TypeDefIndex: 9313"
"710349","enum","LensFlareComponentSRP.Version","9314","private enum LensFlareComponentSRP.Version // TypeDefIndex: 9314"
"710359","class","LensFlareComponentSRP","9315","public sealed class LensFlareComponentSRP : MonoBehaviour // TypeDefIndex: 9315"
"710436","enum","SRPLensFlareBlendMode","9316","public enum SRPLensFlareBlendMode // TypeDefIndex: 9316"
"710448","enum","SRPLensFlareDistribution","9317","public enum SRPLensFlareDistribution // TypeDefIndex: 9317"
"710460","enum","SRPLensFlareType","9318","public enum SRPLensFlareType // TypeDefIndex: 9318"
"710474","enum","SRPLensFlareColorType","9319","public enum SRPLensFlareColorType // TypeDefIndex: 9319"
"710485","class","LensFlareDataElementSRP","9320","public sealed class LensFlareDataElementSRP // TypeDefIndex: 9320"
"710625","class","LensFlareDataSRP","9321","public sealed class LensFlareDataSRP : ScriptableObject // TypeDefIndex: 9321"
"710641","enum","LensFlareOcclusionPermutation","9322","internal enum LensFlareOcclusionPermutation // TypeDefIndex: 9322"
"710651","class","DebugDisplaySettingsRenderGraph.SettingsPanel","9323","private class DebugDisplaySettingsRenderGraph.SettingsPanel : DebugDisplaySettingsPanel // TypeDefIndex: 9323"
"710666","class","DebugDisplaySettingsRenderGraph","9324","internal class DebugDisplaySettingsRenderGraph : IDebugDisplaySettingsData, IDebugDisplaySettingsQuery // TypeDefIndex: 9324"
"710684","enum","RenderGraphGlobalSettings.Version","9325","private enum RenderGraphGlobalSettings.Version // TypeDefIndex: 9325"
"710698","class","RenderGraphGlobalSettings","9326","public class RenderGraphGlobalSettings : IRenderPipelineGraphicsSettings // TypeDefIndex: 9326"
"710744","interface","ICloudBackground","9327","public interface ICloudBackground // TypeDefIndex: 9327"
"710753","interface","IVolumetricCloud","9328","public interface IVolumetricCloud // TypeDefIndex: 9328"
"710764","class","RenderPipelineGlobalSettings.","9329","private sealed class RenderPipelineGlobalSettings.<>c<TGlobalRenderPipelineSettings, TRenderPipeline> // TypeDefIndex: 9329"
"710797","class","RenderPipelineGlobalSettings","9330","public abstract class RenderPipelineGlobalSettings<TGlobalRenderPipelineSettings, TRenderPipeline> : RenderPipelineGlobalSettings // TypeDefIndex: 9330"
"710842","class","RenderPipelineGraphicsSettingsContainer","9331","public class RenderPipelineGraphicsSettingsContainer : ISerializationCallbackReceiver // TypeDefIndex: 9331"
"710868","class","RenderPipelineResources","9332","public abstract class RenderPipelineResources : ScriptableObject // TypeDefIndex: 9332"
"710887","interface","ISTPEnabledRenderPipeline","9333","public interface ISTPEnabledRenderPipeline // TypeDefIndex: 9333"
"710899","struct","STP.PerViewConfig","9334","public struct STP.PerViewConfig // TypeDefIndex: 9334"
"710911","struct","STP.Config","9335","public struct STP.Config // TypeDefIndex: 9335"
"710941","enum","STP.HistoryTextureType","9336","internal enum STP.HistoryTextureType // TypeDefIndex: 9336"
"710953","struct","STP.HistoryUpdateInfo","9337","public struct STP.HistoryUpdateInfo // TypeDefIndex: 9337"
"710963","class","STP.HistoryContext","9338","public sealed class STP.HistoryContext : IDisposable // TypeDefIndex: 9338"
"710989","enum","STP.StpSetupPerViewConstants","9339","private enum STP.StpSetupPerViewConstants // TypeDefIndex: 9339"
"710999","struct","STP.StpConstantBufferData.","9340","public struct STP.StpConstantBufferData.<_StpSetupPerViewConstants>e__FixedBuffer // TypeDefIndex: 9340"
"711007","struct","STP.StpConstantBufferData","9341","private struct STP.StpConstantBufferData // TypeDefIndex: 9341"
"711028","class","STP.ShaderResources","9342","private static class STP.ShaderResources // TypeDefIndex: 9342"
"711058","class","STP.ShaderKeywords","9343","private static class STP.ShaderKeywords // TypeDefIndex: 9343"
"711078","class","STP.RuntimeResources","9344","internal class STP.RuntimeResources : IRenderPipelineResources, IRenderPipelineGraphicsSettings // TypeDefIndex: 9344"
"711125","enum","STP.ProfileId","9345","private enum STP.ProfileId // TypeDefIndex: 9345"
"711135","class","STP.SetupData","9346","private class STP.SetupData // TypeDefIndex: 9346"
"711165","class","STP.PreTaaData","9347","private class STP.PreTaaData // TypeDefIndex: 9347"
"711186","class","STP.TaaData","9348","private class STP.TaaData // TypeDefIndex: 9348"
"711212","class","STP.","9349","private sealed class STP.<>c // TypeDefIndex: 9349"
"711239","class","STP","9350","public static class STP // TypeDefIndex: 9350"
"711305","interface","IDefaultVolumeProfileAsset","9351","public interface IDefaultVolumeProfileAsset : IRenderPipelineGraphicsSettings // TypeDefIndex: 9351"
"711320","interface","IDefaultVolumeProfileSettings","9352","public interface IDefaultVolumeProfileSettings : IRenderPipelineGraphicsSettings // TypeDefIndex: 9352"
"711339","enum","IncludeAdditionalRPAssets.Version","9353","private enum IncludeAdditionalRPAssets.Version // TypeDefIndex: 9353"
"711353","class","IncludeAdditionalRPAssets","9354","public class IncludeAdditionalRPAssets : IRenderPipelineGraphicsSettings // TypeDefIndex: 9354"
"711400","enum","ShaderVariantLogLevel","9355","public enum ShaderVariantLogLevel // TypeDefIndex: 9355"
"711413","enum","ShaderStrippingSetting.Version","9356","internal enum ShaderStrippingSetting.Version // TypeDefIndex: 9356"
"711425","class","ShaderStrippingSetting","9357","public class ShaderStrippingSetting : IRenderPipelineGraphicsSettings // TypeDefIndex: 9357"
"711479","enum","PackingRules","9358","public enum PackingRules // TypeDefIndex: 9358"
"711488","enum","FieldPacking","9359","public enum FieldPacking // TypeDefIndex: 9359"
"711499","enum","FieldPrecision","9360","public enum FieldPrecision // TypeDefIndex: 9360"
"711510","class","GenerateHLSL","9361","public class GenerateHLSL : Attribute // TypeDefIndex: 9361"
"711532","class","SurfaceDataAttributes","9362","public class SurfaceDataAttributes : Attribute // TypeDefIndex: 9362"
"711553","class","HLSLArray","9363","public class HLSLArray : Attribute // TypeDefIndex: 9363"
"711567","class","PackingAttribute","9364","public class PackingAttribute : Attribute // TypeDefIndex: 9364"
"711590","struct","ShaderGenUInt4","9365","public struct ShaderGenUInt4 // TypeDefIndex: 9365"
"711596","struct","Hammersley.Hammersley2dSeq16.","9366","public struct Hammersley.Hammersley2dSeq16.<hammersley2dSeq16>e__FixedBuffer // TypeDefIndex: 9366"
"711604","struct","Hammersley.Hammersley2dSeq16","9367","private struct Hammersley.Hammersley2dSeq16 // TypeDefIndex: 9367"
"711615","struct","Hammersley.Hammersley2dSeq32.","9368","public struct Hammersley.Hammersley2dSeq32.<hammersley2dSeq32>e__FixedBuffer // TypeDefIndex: 9368"
"711623","struct","Hammersley.Hammersley2dSeq32","9369","private struct Hammersley.Hammersley2dSeq32 // TypeDefIndex: 9369"
"711634","struct","Hammersley.Hammersley2dSeq64.","9370","public struct Hammersley.Hammersley2dSeq64.<hammersley2dSeq64>e__FixedBuffer // TypeDefIndex: 9370"
"711642","struct","Hammersley.Hammersley2dSeq64","9371","private struct Hammersley.Hammersley2dSeq64 // TypeDefIndex: 9371"
"711653","struct","Hammersley.Hammersley2dSeq256.","9372","public struct Hammersley.Hammersley2dSeq256.<hammersley2dSeq256>e__FixedBuffer // TypeDefIndex: 9372"
"711661","struct","Hammersley.Hammersley2dSeq256","9373","private struct Hammersley.Hammersley2dSeq256 // TypeDefIndex: 9373"
"711670","class","Hammersley","9374","public static class Hammersley // TypeDefIndex: 9374"
"711696","struct","BufferedRTHandleSystem.","9375","private struct BufferedRTHandleSystem.<>c__DisplayClass12_0 // TypeDefIndex: 9375"
"711704","class","BufferedRTHandleSystem","9376","public class BufferedRTHandleSystem : IDisposable // TypeDefIndex: 9376"
"711775","enum","DepthBits","9377","public enum DepthBits // TypeDefIndex: 9377"
"711787","enum","MSAASamples","9378","public enum MSAASamples // TypeDefIndex: 9378"
"711798","enum","PowerOfTwoTextureAtlas.BlitType","9379","private enum PowerOfTwoTextureAtlas.BlitType // TypeDefIndex: 9379"
"711811","class","PowerOfTwoTextureAtlas.","9380","private sealed class PowerOfTwoTextureAtlas.<>c // TypeDefIndex: 9380"
"711831","class","PowerOfTwoTextureAtlas","9381","public class PowerOfTwoTextureAtlas : Texture2DAtlas // TypeDefIndex: 9381"
"711908","struct","RTHandleStaticHelpers","9382","public struct RTHandleStaticHelpers // TypeDefIndex: 9382"
"711923","class","RTHandle","9383","public class RTHandle // TypeDefIndex: 9383"
"712050","class","ScaleFunc","9384","public sealed class ScaleFunc : MulticastDelegate // TypeDefIndex: 9384"
"712068","struct","RTHandleProperties","9385","public struct RTHandleProperties // TypeDefIndex: 9385"
"712079","struct","RTHandleAllocInfo","9386","public struct RTHandleAllocInfo // TypeDefIndex: 9386"
"712308","enum","RTHandleSystem.ResizeMode","9387","internal enum RTHandleSystem.ResizeMode // TypeDefIndex: 9387"
"712317","class","RTHandleSystem","9388","public class RTHandleSystem : IDisposable // TypeDefIndex: 9388"
"712459","class","RTHandles","9389","public static class RTHandles // TypeDefIndex: 9389"
"712570","class","AtlasAllocator.AtlasNode","9390","private class AtlasAllocator.AtlasNode // TypeDefIndex: 9390"
"712592","class","AtlasAllocator.","9391","private sealed class AtlasAllocator.<>c // TypeDefIndex: 9391"
"712615","class","AtlasAllocator","9392","internal class AtlasAllocator // TypeDefIndex: 9392"
"712637","enum","Texture2DAtlas.BlitType","9393","private enum Texture2DAtlas.BlitType // TypeDefIndex: 9393"
"712648","class","Texture2DAtlas","9394","public class Texture2DAtlas // TypeDefIndex: 9394"
"712775","class","TextureXR","9395","public static class TextureXR // TypeDefIndex: 9395"
"712863","class","ArrayExtensions","9396","public static class ArrayExtensions // TypeDefIndex: 9396"
"712981","struct","SHCoefficients","9397","public struct SHCoefficients : IEquatable<SHCoefficients> // TypeDefIndex: 9397"
"713029","struct","BatchRendererGroupGlobals","9398","public struct BatchRendererGroupGlobals : IEquatable<BatchRendererGroupGlobals> // TypeDefIndex: 9398"
"713068","interface","IBitArray","9399","public interface IBitArray // TypeDefIndex: 9399"
"713111","struct","BitArray8","9400","public struct BitArray8 : IBitArray // TypeDefIndex: 9400"
"713185","struct","BitArray16","9401","public struct BitArray16 : IBitArray // TypeDefIndex: 9401"
"713259","struct","BitArray32","9402","public struct BitArray32 : IBitArray // TypeDefIndex: 9402"
"713337","struct","BitArray64","9403","public struct BitArray64 : IBitArray // TypeDefIndex: 9403"
"713411","struct","BitArray128","9404","public struct BitArray128 : IBitArray // TypeDefIndex: 9404"
"713487","struct","BitArray256","9405","public struct BitArray256 : IBitArray // TypeDefIndex: 9405"
"713564","class","BitArrayUtilities","9406","public static class BitArrayUtilities // TypeDefIndex: 9406"
"713606","class","Blitter.BlitShaderIDs","9407","private static class Blitter.BlitShaderIDs // TypeDefIndex: 9407"
"713627","enum","Blitter.BlitShaderPassNames","9408","private enum Blitter.BlitShaderPassNames // TypeDefIndex: 9408"
"713657","enum","Blitter.BlitColorAndDepthPassNames","9409","private enum Blitter.BlitColorAndDepthPassNames // TypeDefIndex: 9409"
"713666","class","Blitter","9410","public static class Blitter // TypeDefIndex: 9410"
"713836","class","CameraCaptureBridge.CameraEntry","9411","private class CameraCaptureBridge.CameraEntry // TypeDefIndex: 9411"
"713849","class","CameraCaptureBridge","9412","public static class CameraCaptureBridge // TypeDefIndex: 9412"
"713883","class","ColorSpaceUtils","9413","public static class ColorSpaceUtils // TypeDefIndex: 9413"
"713899","class","ColorUtils","9414","public static class ColorUtils // TypeDefIndex: 9414"
"713960","class","CoreMatrixUtils","9415","public static class CoreMatrixUtils // TypeDefIndex: 9415"
"713987","class","CoreUtils.Sections","9416","public static class CoreUtils.Sections // TypeDefIndex: 9416"
"714001","class","CoreUtils.Priorities","9417","public static class CoreUtils.Priorities // TypeDefIndex: 9417"
"714014","class","CoreUtils.","9418","private sealed class CoreUtils.<>c // TypeDefIndex: 9418"
"714035","class","CoreUtils.","9419","private sealed class CoreUtils.<>c__98<T> // TypeDefIndex: 9419"
"714078","class","CoreUtils","9420","public static class CoreUtils // TypeDefIndex: 9420"
"714429","class","DelegateUtility","9421","public static class DelegateUtility // TypeDefIndex: 9421"
"714438","class","FSRUtils.ShaderConstants","9422","private static class FSRUtils.ShaderConstants // TypeDefIndex: 9422"
"714454","class","FSRUtils","9423","public static class FSRUtils // TypeDefIndex: 9423"
"714484","class","GPUPrefixSum.ShaderDefs","9424","internal static class GPUPrefixSum.ShaderDefs // TypeDefIndex: 9424"
"714506","struct","GPUPrefixSum.LevelOffsets","9425","public struct GPUPrefixSum.LevelOffsets // TypeDefIndex: 9425"
"714515","struct","GPUPrefixSum.RenderGraphResources","9426","public struct GPUPrefixSum.RenderGraphResources // TypeDefIndex: 9426"
"714543","struct","GPUPrefixSum.SupportResources","9427","public struct GPUPrefixSum.SupportResources // TypeDefIndex: 9427"
"714585","struct","GPUPrefixSum.DirectArgs","9428","public struct GPUPrefixSum.DirectArgs // TypeDefIndex: 9428"
"714595","struct","GPUPrefixSum.IndirectDirectArgs","9429","public struct GPUPrefixSum.IndirectDirectArgs // TypeDefIndex: 9429"
"714606","struct","GPUPrefixSum.SystemResources","9430","public struct GPUPrefixSum.SystemResources // TypeDefIndex: 9430"
"714625","class","GPUPrefixSum.ShaderIDs","9431","private static class GPUPrefixSum.ShaderIDs // TypeDefIndex: 9431"
"714645","struct","GPUPrefixSum","9432","public struct GPUPrefixSum // TypeDefIndex: 9432"
"714669","struct","GPUSort.Args","9433","public struct GPUSort.Args // TypeDefIndex: 9433"
"714681","struct","GPUSort.RenderGraphResources","9434","public struct GPUSort.RenderGraphResources // TypeDefIndex: 9434"
"714694","struct","GPUSort.SupportResources","9435","public struct GPUSort.SupportResources // TypeDefIndex: 9435"
"714710","struct","GPUSort.SystemResources","9436","public struct GPUSort.SystemResources // TypeDefIndex: 9436"
"714717","enum","GPUSort.Stage","9437","private enum GPUSort.Stage // TypeDefIndex: 9437"
"714728","struct","GPUSort","9438","public struct GPUSort // TypeDefIndex: 9438"
"714755","enum","HDROutputUtils.Operation","9439","public enum HDROutputUtils.Operation // TypeDefIndex: 9439"
"714765","struct","HDROutputUtils.HDRDisplayInformation","9440","public struct HDROutputUtils.HDRDisplayInformation // TypeDefIndex: 9440"
"714780","class","HDROutputUtils.ShaderKeywords","9441","public static class HDROutputUtils.ShaderKeywords // TypeDefIndex: 9441"
"714799","class","HDROutputUtils.ShaderPropertyId","9442","private static class HDROutputUtils.ShaderPropertyId // TypeDefIndex: 9442"
"714812","class","HDROutputUtils","9443","public static class HDROutputUtils // TypeDefIndex: 9443"
"714839","class","HableCurve.Segment","9444","public class HableCurve.Segment // TypeDefIndex: 9444"
"714859","struct","HableCurve.DirectParams","9445","private struct HableCurve.DirectParams // TypeDefIndex: 9445"
"714873","class","HableCurve.Uniforms","9446","public class HableCurve.Uniforms // TypeDefIndex: 9446"
"714915","class","HableCurve","9447","public class HableCurve // TypeDefIndex: 9447"
"714992","class","HaltonSequence","9448","public static class HaltonSequence // TypeDefIndex: 9448"
"715003","struct","HashFNV1A32","9449","internal struct HashFNV1A32 // TypeDefIndex: 9449"
"715064","class","LightUnitUtils","9450","public static class LightUnitUtils // TypeDefIndex: 9450"
"715151","enum","MaterialQuality","9451","public enum MaterialQuality // TypeDefIndex: 9451"
"715163","class","MaterialQualityUtilities","9452","public static class MaterialQualityUtilities // TypeDefIndex: 9452"
"715201","struct","MeshGizmo.","9453","private struct MeshGizmo.<>c__DisplayClass10_0 // TypeDefIndex: 9453"
"715209","class","MeshGizmo","9454","internal class MeshGizmo : IDisposable // TypeDefIndex: 9454"
"715250","class","SceneRenderPipeline","9455","public class SceneRenderPipeline : MonoBehaviour // TypeDefIndex: 9455"
"715261","class","TextureCurve","9456","public class TextureCurve : IDisposable // TypeDefIndex: 9456"
"715338","class","TextureCurveParameter","9457","public class TextureCurveParameter : VolumeParameter<TextureCurve> // TypeDefIndex: 9457"
"715351","class","TextureGradient","9458","public class TextureGradient : IDisposable // TypeDefIndex: 9458"
"715427","class","TextureGradientParameter","9459","public class TextureGradientParameter : VolumeParameter<TextureGradient> // TypeDefIndex: 9459"
"715439","class","TileLayoutUtils","9460","public static class TileLayoutUtils // TypeDefIndex: 9460"
"715454","interface","IVolume","9461","public interface IVolume // TypeDefIndex: 9461"
"715473","class","KeyframeUtility","9462","public class KeyframeUtility // TypeDefIndex: 9462"
"715505","class","Volume","9463","public class Volume : MonoBehaviour, IVolume // TypeDefIndex: 9463"
"715574","class","VolumeCollection","9464","internal class VolumeCollection // TypeDefIndex: 9464"
"715622","class","VolumeComponentMenu","9465","public class VolumeComponentMenu : Attribute // TypeDefIndex: 9465"
"715635","class","VolumeComponentMenuForRenderPipeline","9466","public class VolumeComponentMenuForRenderPipeline : VolumeComponentMenu // TypeDefIndex: 9466"
"715657","class","VolumeComponentDeprecated","9467","public sealed class VolumeComponentDeprecated : Attribute // TypeDefIndex: 9467"
"715666","class","VolumeComponent.Indent","9468","public sealed class VolumeComponent.Indent : PropertyAttribute // TypeDefIndex: 9468"
"715680","class","VolumeComponent.","9469","private sealed class VolumeComponent.<>c // TypeDefIndex: 9469"
"715700","class","VolumeComponent","9470","public class VolumeComponent : ScriptableObject // TypeDefIndex: 9470"
"715762","struct","VolumeIsolationScope","9471","public struct VolumeIsolationScope : IDisposable // TypeDefIndex: 9471"
"715774","class","VolumeParameter","9472","public abstract class VolumeParameter : ICloneable // TypeDefIndex: 9472"
"715861","class","VolumeParameter","9473","public class VolumeParameter<T> : VolumeParameter, IEquatable<VolumeParameter<T>> // TypeDefIndex: 9473"
"716532","class","EnumParameter","9474","public sealed class EnumParameter<T> : VolumeParameter<T> // TypeDefIndex: 9474"
"716546","enum","BoolParameter.DisplayType","9475","public enum BoolParameter.DisplayType // TypeDefIndex: 9475"
"716557","class","BoolParameter","9476","public class BoolParameter : VolumeParameter<bool> // TypeDefIndex: 9476"
"716574","class","LayerMaskParameter","9477","public class LayerMaskParameter : VolumeParameter<LayerMask> // TypeDefIndex: 9477"
"716585","class","RenderingLayerMaskParameter","9478","public class RenderingLayerMaskParameter : VolumeParameter<RenderingLayerMask> // TypeDefIndex: 9478"
"716596","class","IntParameter","9479","public class IntParameter : VolumeParameter<int> // TypeDefIndex: 9479"
"716610","class","NoInterpIntParameter","9480","public class NoInterpIntParameter : VolumeParameter<int> // TypeDefIndex: 9480"
"716621","class","MinIntParameter","9481","public class MinIntParameter : IntParameter // TypeDefIndex: 9481"
"716644","class","NoInterpMinIntParameter","9482","public class NoInterpMinIntParameter : VolumeParameter<int> // TypeDefIndex: 9482"
"716667","class","MaxIntParameter","9483","public class MaxIntParameter : IntParameter // TypeDefIndex: 9483"
"716690","class","NoInterpMaxIntParameter","9484","public class NoInterpMaxIntParameter : VolumeParameter<int> // TypeDefIndex: 9484"
"716713","class","ClampedIntParameter","9485","public class ClampedIntParameter : IntParameter // TypeDefIndex: 9485"
"716737","class","NoInterpClampedIntParameter","9486","public class NoInterpClampedIntParameter : VolumeParameter<int> // TypeDefIndex: 9486"
"716761","class","FloatParameter","9487","public class FloatParameter : VolumeParameter<float> // TypeDefIndex: 9487"
"716775","class","NoInterpFloatParameter","9488","public class NoInterpFloatParameter : VolumeParameter<float> // TypeDefIndex: 9488"
"716786","class","MinFloatParameter","9489","public class MinFloatParameter : FloatParameter // TypeDefIndex: 9489"
"716809","class","NoInterpMinFloatParameter","9490","public class NoInterpMinFloatParameter : VolumeParameter<float> // TypeDefIndex: 9490"
"716832","class","MaxFloatParameter","9491","public class MaxFloatParameter : FloatParameter // TypeDefIndex: 9491"
"716855","class","NoInterpMaxFloatParameter","9492","public class NoInterpMaxFloatParameter : VolumeParameter<float> // TypeDefIndex: 9492"
"716878","class","ClampedFloatParameter","9493","public class ClampedFloatParameter : FloatParameter // TypeDefIndex: 9493"
"716902","class","NoInterpClampedFloatParameter","9494","public class NoInterpClampedFloatParameter : VolumeParameter<float> // TypeDefIndex: 9494"
"716926","class","FloatRangeParameter","9495","public class FloatRangeParameter : VolumeParameter<Vector2> // TypeDefIndex: 9495"
"716953","class","NoInterpFloatRangeParameter","9496","public class NoInterpFloatRangeParameter : VolumeParameter<Vector2> // TypeDefIndex: 9496"
"716977","class","ColorParameter","9497","public class ColorParameter : VolumeParameter<Color> // TypeDefIndex: 9497"
"716999","class","NoInterpColorParameter","9498","public class NoInterpColorParameter : VolumeParameter<Color> // TypeDefIndex: 9498"
"717018","class","Vector2Parameter","9499","public class Vector2Parameter : VolumeParameter<Vector2> // TypeDefIndex: 9499"
"717032","class","NoInterpVector2Parameter","9500","public class NoInterpVector2Parameter : VolumeParameter<Vector2> // TypeDefIndex: 9500"
"717043","class","Vector3Parameter","9501","public class Vector3Parameter : VolumeParameter<Vector3> // TypeDefIndex: 9501"
"717057","class","NoInterpVector3Parameter","9502","public class NoInterpVector3Parameter : VolumeParameter<Vector3> // TypeDefIndex: 9502"
"717068","class","Vector4Parameter","9503","public class Vector4Parameter : VolumeParameter<Vector4> // TypeDefIndex: 9503"
"717082","class","NoInterpVector4Parameter","9504","public class NoInterpVector4Parameter : VolumeParameter<Vector4> // TypeDefIndex: 9504"
"717093","class","TextureParameter","9505","public class TextureParameter : VolumeParameter<Texture> // TypeDefIndex: 9505"
"717113","class","NoInterpTextureParameter","9506","public class NoInterpTextureParameter : VolumeParameter<Texture> // TypeDefIndex: 9506"
"717127","class","Texture2DParameter","9507","public class Texture2DParameter : VolumeParameter<Texture> // TypeDefIndex: 9507"
"717141","class","Texture3DParameter","9508","public class Texture3DParameter : VolumeParameter<Texture> // TypeDefIndex: 9508"
"717155","class","RenderTextureParameter","9509","public class RenderTextureParameter : VolumeParameter<RenderTexture> // TypeDefIndex: 9509"
"717169","class","NoInterpRenderTextureParameter","9510","public class NoInterpRenderTextureParameter : VolumeParameter<RenderTexture> // TypeDefIndex: 9510"
"717183","class","CubemapParameter","9511","public class CubemapParameter : VolumeParameter<Texture> // TypeDefIndex: 9511"
"717197","class","NoInterpCubemapParameter","9512","public class NoInterpCubemapParameter : VolumeParameter<Cubemap> // TypeDefIndex: 9512"
"717211","class","ObjectParameter.","9513","private sealed class ObjectParameter.<>c<T> // TypeDefIndex: 9513"
"717256","class","ObjectParameter","9514","public class ObjectParameter<T> : VolumeParameter<T> // TypeDefIndex: 9514"
"717347","class","AnimationCurveParameter","9515","public class AnimationCurveParameter : VolumeParameter<AnimationCurve> // TypeDefIndex: 9515"
"717370","class","MaterialParameter","9516","public class MaterialParameter : VolumeParameter<Material> // TypeDefIndex: 9516"
"717380","enum","VolumeProfile.DirtyState","9517","internal enum VolumeProfile.DirtyState // TypeDefIndex: 9517"
"717393","class","VolumeProfile.","9518","private sealed class VolumeProfile.<>c // TypeDefIndex: 9518"
"717412","class","VolumeProfile","9519","public sealed class VolumeProfile : ScriptableObject // TypeDefIndex: 9519"
"717521","class","VolumeStack","9520","public sealed class VolumeStack : IDisposable // TypeDefIndex: 9520"
"717569","class","XRGraphicsAutomatedTests","9521","public static class XRGraphicsAutomatedTests // TypeDefIndex: 9521"
"717602","class","XRSRPSettings","9522","public class XRSRPSettings // TypeDefIndex: 9522"
"717655","class","RenderGraphDebugParams.Strings","9523","private static class RenderGraphDebugParams.Strings // TypeDefIndex: 9523"
"717674","class","RenderGraphDebugParams","9524","internal class RenderGraphDebugParams : IDebugDisplaySettingsQuery // TypeDefIndex: 9524"
"717768","interface","IBaseRenderGraphBuilder","9525","public interface IBaseRenderGraphBuilder : IDisposable // TypeDefIndex: 9525"
"717817","interface","IComputeRenderGraphBuilder","9526","public interface IComputeRenderGraphBuilder : IBaseRenderGraphBuilder, IDisposable // TypeDefIndex: 9526"
"717832","interface","IUnsafeRenderGraphBuilder","9527","public interface IUnsafeRenderGraphBuilder : IBaseRenderGraphBuilder, IDisposable // TypeDefIndex: 9527"
"717847","interface","IRasterRenderGraphBuilder","9528","public interface IRasterRenderGraphBuilder : IBaseRenderGraphBuilder, IDisposable // TypeDefIndex: 9528"
"717888","interface","IRenderGraphEnabledRenderPipeline","9529","public interface IRenderGraphEnabledRenderPipeline // TypeDefIndex: 9529"
"717901","interface","IRenderGraphRecorder","9530","public interface IRenderGraphRecorder // TypeDefIndex: 9530"
"717910","class","RenderGraph.DebugData.PassData.NRPInfo.NativeRenderPassInfo.AttachmentInfo","9531","public class RenderGraph.DebugData.PassData.NRPInfo.NativeRenderPassInfo.AttachmentInfo // TypeDefIndex: 9531"
"717927","struct","RenderGraph.DebugData.PassData.NRPInfo.NativeRenderPassInfo.PassCompatibilityInfo","9532","public struct RenderGraph.DebugData.PassData.NRPInfo.NativeRenderPassInfo.PassCompatibilityInfo // TypeDefIndex: 9532"
"717935","class","RenderGraph.DebugData.PassData.NRPInfo.NativeRenderPassInfo","9533","public class RenderGraph.DebugData.PassData.NRPInfo.NativeRenderPassInfo // TypeDefIndex: 9533"
"717950","class","RenderGraph.DebugData.PassData.NRPInfo","9534","public class RenderGraph.DebugData.PassData.NRPInfo // TypeDefIndex: 9534"
"717970","struct","RenderGraph.DebugData.PassData","9535","public struct RenderGraph.DebugData.PassData // TypeDefIndex: 9535"
"717988","class","RenderGraph.DebugData.BufferResourceData","9536","public class RenderGraph.DebugData.BufferResourceData // TypeDefIndex: 9536"
"718003","class","RenderGraph.DebugData.TextureResourceData","9537","public class RenderGraph.DebugData.TextureResourceData // TypeDefIndex: 9537"
"718022","struct","RenderGraph.DebugData.ResourceData","9538","public struct RenderGraph.DebugData.ResourceData // TypeDefIndex: 9538"
"718037","class","RenderGraph.DebugData.PassScriptInfo","9539","public class RenderGraph.DebugData.PassScriptInfo // TypeDefIndex: 9539"
"718050","class","RenderGraph.DebugData","9540","internal class RenderGraph.DebugData // TypeDefIndex: 9540"
"718071","struct","RenderGraph.CompiledResourceInfo","9541","internal struct RenderGraph.CompiledResourceInfo // TypeDefIndex: 9541"
"718087","struct","RenderGraph.CompiledPassInfo","9542","internal struct RenderGraph.CompiledPassInfo // TypeDefIndex: 9542"
"718113","interface","RenderGraph.ICompiledGraph","9543","internal interface RenderGraph.ICompiledGraph // TypeDefIndex: 9543"
"718122","class","RenderGraph.CompiledGraph","9544","internal class RenderGraph.CompiledGraph : RenderGraph.ICompiledGraph // TypeDefIndex: 9544"
"718145","class","RenderGraph.ProfilingScopePassData","9545","private class RenderGraph.ProfilingScopePassData // TypeDefIndex: 9545"
"718157","class","RenderGraph.OnGraphRegisteredDelegate","9546","internal sealed class RenderGraph.OnGraphRegisteredDelegate : MulticastDelegate // TypeDefIndex: 9546"
"718175","class","RenderGraph.OnExecutionRegisteredDelegate","9547","internal sealed class RenderGraph.OnExecutionRegisteredDelegate : MulticastDelegate // TypeDefIndex: 9547"
"718195","class","RenderGraph.","9548","private sealed class RenderGraph.<>c // TypeDefIndex: 9548"
"718219","class","RenderGraph","9549","public class RenderGraph // TypeDefIndex: 9549"
"718731","enum","DepthAccess","9550","public enum DepthAccess // TypeDefIndex: 9550"
"718743","enum","AccessFlags","9551","public enum AccessFlags // TypeDefIndex: 9551"
"718757","class","InternalRenderGraphContext","9552","public class InternalRenderGraphContext // TypeDefIndex: 9552"
"718775","interface","IDerivedRendergraphContext","9553","internal interface IDerivedRendergraphContext // TypeDefIndex: 9553"
"718785","struct","RenderGraphContext","9554","public struct RenderGraphContext : IDerivedRendergraphContext // TypeDefIndex: 9554"
"718816","struct","RasterGraphContext","9555","public struct RasterGraphContext : IDerivedRendergraphContext // TypeDefIndex: 9555"
"718844","class","ComputeGraphContext","9556","public class ComputeGraphContext : IDerivedRendergraphContext // TypeDefIndex: 9556"
"718875","class","UnsafeGraphContext","9557","public class UnsafeGraphContext : IDerivedRendergraphContext // TypeDefIndex: 9557"
"718906","struct","RenderGraphParameters","9558","public struct RenderGraphParameters // TypeDefIndex: 9558"
"718919","class","BaseRenderFunc","9559","public sealed class BaseRenderFunc<PassData, ContextType> : MulticastDelegate // TypeDefIndex: 9559"
"718994","struct","RenderGraphProfilingScope","9560","public struct RenderGraphProfilingScope : IDisposable // TypeDefIndex: 9560"
"719010","struct","RenderGraphBuilder","9561","public struct RenderGraphBuilder : IDisposable // TypeDefIndex: 9561"
"719104","class","RenderGraphBuilders","9562","internal class RenderGraphBuilders : IBaseRenderGraphBuilder, IDisposable, IComputeRenderGraphBuilder, IRasterRenderGraphBuilder, IUnsafeRenderGraphBuilder // TypeDefIndex: 9562"
"719268","class","RenderGraphDefaultResources","9563","public class RenderGraphDefaultResources // TypeDefIndex: 9563"
"719403","struct","RenderGraphLogIndent","9564","internal struct RenderGraphLogIndent : IDisposable // TypeDefIndex: 9564"
"719423","class","RenderGraphLogger","9565","internal class RenderGraphLogger // TypeDefIndex: 9565"
"719455","class","RenderGraphObjectPool.SharedObjectPoolBase","9566","private class RenderGraphObjectPool.SharedObjectPoolBase // TypeDefIndex: 9566"
"719469","class","RenderGraphObjectPool.SharedObjectPool.","9567","private sealed class RenderGraphObjectPool.SharedObjectPool.<>c<T> // TypeDefIndex: 9567"
"719503","class","RenderGraphObjectPool.SharedObjectPool","9568","private class RenderGraphObjectPool.SharedObjectPool<T> : RenderGraphObjectPool.SharedObjectPoolBase // TypeDefIndex: 9568"
"719560","class","RenderGraphObjectPool","9569","public sealed class RenderGraphObjectPool // TypeDefIndex: 9569"
"719614","struct","RenderGraphPass.RandomWriteResourceInfo","9570","public struct RenderGraphPass.RandomWriteResourceInfo // TypeDefIndex: 9570"
"719623","class","RenderGraphPass","9571","internal abstract class RenderGraphPass // TypeDefIndex: 9571"
"719918","class","BaseRenderGraphPass","9572","internal abstract class BaseRenderGraphPass<PassData, TRenderGraphContext> : RenderGraphPass // TypeDefIndex: 9572"
"720014","class","RenderGraphPass","9573","internal sealed class RenderGraphPass<PassData> : BaseRenderGraphPass<PassData, RenderGraphContext> // TypeDefIndex: 9573"
"720056","class","ComputeRenderGraphPass","9574","internal sealed class ComputeRenderGraphPass<PassData> : BaseRenderGraphPass<PassData, ComputeGraphContext> // TypeDefIndex: 9574"
"720098","class","RasterRenderGraphPass","9575","internal sealed class RasterRenderGraphPass<PassData> : BaseRenderGraphPass<PassData, RasterGraphContext> // TypeDefIndex: 9575"
"720140","class","UnsafeRenderGraphPass","9576","internal sealed class UnsafeRenderGraphPass<PassData> : BaseRenderGraphPass<PassData, UnsafeGraphContext> // TypeDefIndex: 9576"
"720181","enum","RenderGraphPassType","9577","internal enum RenderGraphPassType // TypeDefIndex: 9577"
"720192","enum","RenderGraphProfileId","9578","internal enum RenderGraphProfileId // TypeDefIndex: 9578"
"720204","struct","RayTracingAccelerationStructureHandle","9579","public struct RayTracingAccelerationStructureHandle // TypeDefIndex: 9579"
"720233","struct","RayTracingAccelerationStructureDesc","9580","public struct RayTracingAccelerationStructureDesc // TypeDefIndex: 9580"
"720241","class","RayTracingAccelerationStructureResource","9581","internal class RayTracingAccelerationStructureResource : RenderGraphResource<RayTracingAccelerationStructureDesc, RayTracingAccelerationStructure> // TypeDefIndex: 9581"
"720255","struct","BufferHandle","9582","public struct BufferHandle // TypeDefIndex: 9582"
"720286","struct","BufferDesc","9583","public struct BufferDesc // TypeDefIndex: 9583"
"720309","class","BufferResource","9584","internal class BufferResource : RenderGraphResource<BufferDesc, GraphicsBuffer> // TypeDefIndex: 9584"
"720339","class","BufferPool","9585","internal class BufferPool : RenderGraphResourcePool<GraphicsBuffer> // TypeDefIndex: 9585"
"720363","class","IRenderGraphResourcePool","9586","internal abstract class IRenderGraphResourcePool // TypeDefIndex: 9586"
"720384","struct","RenderGraphResourcePool.ResourceLogInfo","9587","private struct RenderGraphResourcePool.ResourceLogInfo<Type> // TypeDefIndex: 9587"
"720394","class","RenderGraphResourcePool.","9588","private sealed class RenderGraphResourcePool.<>c<Type> // TypeDefIndex: 9588"
"720428","class","RenderGraphResourcePool","9589","internal abstract class RenderGraphResourcePool<Type> : IRenderGraphResourcePool // TypeDefIndex: 9589"
"720566","struct","RenderTargetInfo","9590","public struct RenderTargetInfo // TypeDefIndex: 9590"
"720578","struct","ImportResourceParams","9591","public struct ImportResourceParams // TypeDefIndex: 9591"
"720587","class","RenderGraphResourceRegistry.ResourceCreateCallback","9592","private sealed class RenderGraphResourceRegistry.ResourceCreateCallback : MulticastDelegate // TypeDefIndex: 9592"
"720605","class","RenderGraphResourceRegistry.ResourceCallback","9593","private sealed class RenderGraphResourceRegistry.ResourceCallback : MulticastDelegate // TypeDefIndex: 9593"
"720623","class","RenderGraphResourceRegistry.RenderGraphResourcesData","9594","private class RenderGraphResourceRegistry.RenderGraphResourcesData // TypeDefIndex: 9594"
"720656","class","RenderGraphResourceRegistry","9595","internal class RenderGraphResourceRegistry // TypeDefIndex: 9595"
"720980","enum","RendererListHandleType","9596","internal enum RendererListHandleType // TypeDefIndex: 9596"
"720991","struct","RendererListHandle","9597","public struct RendererListHandle // TypeDefIndex: 9597"
"721027","struct","RendererListResource","9598","internal struct RendererListResource // TypeDefIndex: 9598"
"721040","struct","RendererListLegacyResource","9599","internal struct RendererListLegacyResource // TypeDefIndex: 9599"
"721053","struct","TextureAccess","9600","internal struct TextureAccess // TypeDefIndex: 9600"
"721070","struct","TextureHandle","9601","public struct TextureHandle // TypeDefIndex: 9601"
"721117","enum","TextureSizeMode","9602","public enum TextureSizeMode // TypeDefIndex: 9602"
"721127","struct","FastMemoryDesc","9603","public struct FastMemoryDesc // TypeDefIndex: 9603"
"721136","struct","TextureDesc","9604","public struct TextureDesc // TypeDefIndex: 9604"
"721217","class","TextureResource","9605","internal class TextureResource : RenderGraphResource<TextureDesc, RTHandle> // TypeDefIndex: 9605"
"721250","class","TexturePool","9606","internal class TexturePool : RenderGraphResourcePool<RTHandle> // TypeDefIndex: 9606"
"721274","enum","RenderGraphResourceType","9607","internal enum RenderGraphResourceType // TypeDefIndex: 9607"
"721285","struct","ResourceHandle","9608","internal struct ResourceHandle : IEquatable<ResourceHandle> // TypeDefIndex: 9608"
"721353","class","IRenderGraphResource","9609","internal class IRenderGraphResource // TypeDefIndex: 9609"
"721424","class","RenderGraphResource","9610","internal abstract class RenderGraphResource<DescType, ResType> : IRenderGraphResource // TypeDefIndex: 9610"
"721538","class","RenderGraphUtils.CopyPassData","9611","private class RenderGraphUtils.CopyPassData // TypeDefIndex: 9611"
"721551","enum","RenderGraphUtils.BlitFilterMode","9612","public enum RenderGraphUtils.BlitFilterMode // TypeDefIndex: 9612"
"721560","class","RenderGraphUtils.BlitPassData","9613","private class RenderGraphUtils.BlitPassData // TypeDefIndex: 9613"
"721583","enum","RenderGraphUtils.FullScreenGeometryType","9614","public enum RenderGraphUtils.FullScreenGeometryType // TypeDefIndex: 9614"
"721593","struct","RenderGraphUtils.BlitMaterialParameters","9615","public struct RenderGraphUtils.BlitMaterialParameters // TypeDefIndex: 9615"
"721644","class","RenderGraphUtils.BlitMaterialPassData","9616","private class RenderGraphUtils.BlitMaterialPassData // TypeDefIndex: 9616"
"721676","class","RenderGraphUtils.","9617","private sealed class RenderGraphUtils.<>c // TypeDefIndex: 9617"
"721704","class","RenderGraphUtils","9618","public static class RenderGraphUtils // TypeDefIndex: 9618"
"721762","enum","RenderGraphUtilsResources.Version","9619","public enum RenderGraphUtilsResources.Version // TypeDefIndex: 9619"
"721776","class","RenderGraphUtilsResources","9620","internal class RenderGraphUtilsResources : IRenderPipelineResources, IRenderPipelineGraphicsSettings // TypeDefIndex: 9620"
"721806","struct","Name","9621","internal struct Name // TypeDefIndex: 9621"
"721820","class","NativeListExtensions","9622","internal static class NativeListExtensions // TypeDefIndex: 9622"
"721874","struct","CompilerContextData.NativePassIterator","9623","public struct CompilerContextData.NativePassIterator // TypeDefIndex: 9623"
"721900","class","CompilerContextData","9624","internal class CompilerContextData : IDisposable, RenderGraph.ICompiledGraph // TypeDefIndex: 9624"
"721988","struct","FixedAttachmentArray","9625","public struct FixedAttachmentArray<DataType> // TypeDefIndex: 9625"
"722171","struct","NativePassCompiler.RenderGraphInputInfo","9626","internal struct NativePassCompiler.RenderGraphInputInfo // TypeDefIndex: 9626"
"722181","enum","NativePassCompiler.NativeCompilerProfileId","9627","internal enum NativePassCompiler.NativeCompilerProfileId // TypeDefIndex: 9627"
"722198","class","NativePassCompiler","9628","internal class NativePassCompiler : IDisposable // TypeDefIndex: 9628"
"722315","struct","PassInputData","9629","internal struct PassInputData // TypeDefIndex: 9629"
"722323","struct","PassOutputData","9630","internal struct PassOutputData // TypeDefIndex: 9630"
"722331","struct","PassFragmentData","9631","internal struct PassFragmentData // TypeDefIndex: 9631"
"722350","struct","PassRandomWriteData","9632","internal struct PassRandomWriteData // TypeDefIndex: 9632"
"722364","enum","PassMergeState","9633","internal enum PassMergeState // TypeDefIndex: 9633"
"722375","struct","PassData","9634","internal struct PassData // TypeDefIndex: 9634"
"722475","struct","NativePassAttachment","9635","internal struct NativePassAttachment // TypeDefIndex: 9635"
"722487","enum","LoadReason","9636","internal enum LoadReason // TypeDefIndex: 9636"
"722502","struct","LoadAudit","9637","internal struct LoadAudit // TypeDefIndex: 9637"
"722519","enum","StoreReason","9638","internal enum StoreReason // TypeDefIndex: 9638"
"722535","struct","StoreAudit","9639","internal struct StoreAudit // TypeDefIndex: 9639"
"722554","enum","PassBreakReason","9640","internal enum PassBreakReason // TypeDefIndex: 9640"
"722574","struct","PassBreakAudit","9641","internal struct PassBreakAudit // TypeDefIndex: 9641"
"722591","struct","NativePassData","9642","internal struct NativePassData // TypeDefIndex: 9642"
"722657","struct","ResourceReaderData","9643","internal struct ResourceReaderData // TypeDefIndex: 9643"
"722665","struct","ResourceUnversionedData","9644","internal struct ResourceUnversionedData // TypeDefIndex: 9644"
"722704","struct","ResourceVersionedData","9645","internal struct ResourceVersionedData // TypeDefIndex: 9645"
"722725","class","ResourcesData","9646","internal class ResourcesData // TypeDefIndex: 9646"
"722780","interface","IDataProvider","9647","public interface IDataProvider // TypeDefIndex: 9647"
"722813","struct","Sky","9648","public struct Sky // TypeDefIndex: 9648"
"722822","class","StageRuntimeInterface","9649","public class StageRuntimeInterface // TypeDefIndex: 9649"
"722850","class","DebugUIHandlerBitField","9650","public class DebugUIHandlerBitField : DebugUIHandlerWidget // TypeDefIndex: 9650"
"722893","class","DebugUIHandlerButton","9651","public class DebugUIHandlerButton : DebugUIHandlerWidget // TypeDefIndex: 9651"
"722919","class","DebugUIPrefabBundle","9652","public class DebugUIPrefabBundle // TypeDefIndex: 9652"
"722934","class","DebugUIHandlerCanvas.","9653","private sealed class DebugUIHandlerCanvas.<>c // TypeDefIndex: 9653"
"722958","class","DebugUIHandlerCanvas.","9654","private sealed class DebugUIHandlerCanvas.<>c__DisplayClass14_0 // TypeDefIndex: 9654"
"722973","class","DebugUIHandlerCanvas","9655","public class DebugUIHandlerCanvas : MonoBehaviour // TypeDefIndex: 9655"
"723043","class","DebugUIHandlerColor","9656","public class DebugUIHandlerColor : DebugUIHandlerWidget // TypeDefIndex: 9656"
"723138","class","DebugUIHandlerContainer.","9657","private sealed class DebugUIHandlerContainer.<>c__DisplayClass3_0 // TypeDefIndex: 9657"
"723153","class","DebugUIHandlerContainer","9658","public class DebugUIHandlerContainer : MonoBehaviour // TypeDefIndex: 9658"
"723178","class","DebugUIHandlerEnumField","9659","public class DebugUIHandlerEnumField : DebugUIHandlerField<DebugUI.EnumField> // TypeDefIndex: 9659"
"723197","class","DebugUIHandlerEnumHistory.","9660","private sealed class DebugUIHandlerEnumHistory.<RefreshAfterSanitization>d__4 : IEnumerator<object>, IEnumerator, IDisposable // TypeDefIndex: 9660"
"723235","class","DebugUIHandlerEnumHistory","9661","public class DebugUIHandlerEnumHistory : DebugUIHandlerEnumField // TypeDefIndex: 9661"
"723258","class","DebugUIHandlerField","9662","public abstract class DebugUIHandlerField<T> : DebugUIHandlerWidget // TypeDefIndex: 9662"
"723327","class","DebugUIHandlerFloatField","9663","public class DebugUIHandlerFloatField : DebugUIHandlerWidget // TypeDefIndex: 9663"
"723362","class","DebugUIHandlerFoldout","9664","public class DebugUIHandlerFoldout : DebugUIHandlerWidget // TypeDefIndex: 9664"
"723403","class","DebugUIHandlerGroup","9665","public class DebugUIHandlerGroup : DebugUIHandlerWidget // TypeDefIndex: 9665"
"723427","class","DebugUIHandlerHBox","9666","public class DebugUIHandlerHBox : DebugUIHandlerWidget // TypeDefIndex: 9666"
"723448","class","DebugUIHandlerIndirectFloatField","9667","public class DebugUIHandlerIndirectFloatField : DebugUIHandlerWidget // TypeDefIndex: 9667"
"723487","class","DebugUIHandlerIndirectToggle","9668","public class DebugUIHandlerIndirectToggle : DebugUIHandlerWidget // TypeDefIndex: 9668"
"723522","class","DebugUIHandlerIntField","9669","public class DebugUIHandlerIntField : DebugUIHandlerWidget // TypeDefIndex: 9669"
"723557","class","DebugUIHandlerMessageBox","9670","public class DebugUIHandlerMessageBox : DebugUIHandlerWidget // TypeDefIndex: 9670"
"723586","class","DebugUIHandlerObject","9671","public class DebugUIHandlerObject : DebugUIHandlerWidget // TypeDefIndex: 9671"
"723608","class","DebugUIHandlerObjectList","9672","public class DebugUIHandlerObjectList : DebugUIHandlerField<DebugUI.ObjectListField> // TypeDefIndex: 9672"
"723632","class","DebugUIHandlerObjectPopupField","9673","public class DebugUIHandlerObjectPopupField : DebugUIHandlerField<DebugUI.ObjectPopupField> // TypeDefIndex: 9673"
"723659","class","DebugUIHandlerPanel","9674","public class DebugUIHandlerPanel : MonoBehaviour // TypeDefIndex: 9674"
"723713","class","DebugUIHandlerPersistentCanvas.","9675","private sealed class DebugUIHandlerPersistentCanvas.<>c__DisplayClass3_0 // TypeDefIndex: 9675"
"723729","class","DebugUIHandlerPersistentCanvas.","9676","private sealed class DebugUIHandlerPersistentCanvas.<>c__DisplayClass5_0 // TypeDefIndex: 9676"
"723744","class","DebugUIHandlerPersistentCanvas","9677","internal class DebugUIHandlerPersistentCanvas : MonoBehaviour // TypeDefIndex: 9677"
"723771","class","DebugUIHandlerProgressBar","9678","public class DebugUIHandlerProgressBar : DebugUIHandlerWidget // TypeDefIndex: 9678"
"723805","class","DebugUIHandlerRenderingLayerField","9679","public class DebugUIHandlerRenderingLayerField : DebugUIHandlerWidget // TypeDefIndex: 9679"
"723848","class","DebugUIHandlerRow","9680","public class DebugUIHandlerRow : DebugUIHandlerFoldout // TypeDefIndex: 9680"
"723875","class","DebugUIHandlerToggle","9681","public class DebugUIHandlerToggle : DebugUIHandlerWidget // TypeDefIndex: 9681"
"723909","class","DebugUIHandlerToggleHistory.","9682","private sealed class DebugUIHandlerToggleHistory.<RefreshAfterSanitization>d__4 : IEnumerator<object>, IEnumerator, IDisposable // TypeDefIndex: 9682"
"723947","class","DebugUIHandlerToggleHistory","9683","public class DebugUIHandlerToggleHistory : DebugUIHandlerToggle // TypeDefIndex: 9683"
"723970","class","DebugUIHandlerUIntField","9684","public class DebugUIHandlerUIntField : DebugUIHandlerWidget // TypeDefIndex: 9684"
"724005","class","DebugUIHandlerVBox","9685","public class DebugUIHandlerVBox : DebugUIHandlerWidget // TypeDefIndex: 9685"
"724026","class","DebugUIHandlerValue","9686","public class DebugUIHandlerValue : DebugUIHandlerWidget // TypeDefIndex: 9686"
"724060","class","DebugUIHandlerValueTuple","9687","public class DebugUIHandlerValueTuple : DebugUIHandlerWidget // TypeDefIndex: 9687"
"724099","class","DebugUIHandlerVector2","9688","public class DebugUIHandlerVector2 : DebugUIHandlerWidget // TypeDefIndex: 9688"
"724171","class","DebugUIHandlerVector3","9689","public class DebugUIHandlerVector3 : DebugUIHandlerWidget // TypeDefIndex: 9689"
"724252","class","DebugUIHandlerVector4","9690","public class DebugUIHandlerVector4 : DebugUIHandlerWidget // TypeDefIndex: 9690"
"724342","class","DebugUIHandlerWidget","9691","public class DebugUIHandlerWidget : MonoBehaviour // TypeDefIndex: 9691"
"724432","class","UIFoldout","9692","public class UIFoldout : Toggle // TypeDefIndex: 9692"
"724513","class","EmbeddedAttribute","9703","internal sealed class EmbeddedAttribute : Attribute // TypeDefIndex: 9703"
"724524","class","IsUnmanagedAttribute","9704","internal sealed class IsUnmanagedAttribute : Attribute // TypeDefIndex: 9704"
"724534","class","MonoPInvokeCallbackAttribute","9705","public class MonoPInvokeCallbackAttribute : Attribute // TypeDefIndex: 9705"
"724543","enum","LightmapType","9706","internal enum LightmapType // TypeDefIndex: 9706"
"724554","struct","MathfInternal","9707","public struct MathfInternal // TypeDefIndex: 9707"
"724568","enum","TypeInferenceRules","9708","public enum TypeInferenceRules // TypeDefIndex: 9708"
"724581","class","TypeInferenceRuleAttribute","9709","public class TypeInferenceRuleAttribute : Attribute // TypeDefIndex: 9709"
"724599","class","GenericStack","9710","public class GenericStack : Stack // TypeDefIndex: 9710"
"724609","interface","IJob","9711","public interface IJob // TypeDefIndex: 9711"
"724618","class","IJobExtensions.JobStruct.ExecuteJobFunction","9712","internal sealed class IJobExtensions.JobStruct.ExecuteJobFunction<T> : MulticastDelegate // TypeDefIndex: 9712"
"724802","struct","IJobExtensions.JobStruct","9713","internal struct IJobExtensions.JobStruct<T> // TypeDefIndex: 9713"
"725080","class","IJobExtensions","9714","public static class IJobExtensions // TypeDefIndex: 9714"
"725238","interface","IJobFor","9715","public interface IJobFor // TypeDefIndex: 9715"
"725247","class","IJobForExtensions.ForJobStruct.ExecuteJobFunction","9716","public sealed class IJobForExtensions.ForJobStruct.ExecuteJobFunction<T> : MulticastDelegate // TypeDefIndex: 9716"
"725323","struct","IJobForExtensions.ForJobStruct","9717","internal struct IJobForExtensions.ForJobStruct<T> // TypeDefIndex: 9717"
"725439","class","IJobForExtensions","9718","public static class IJobForExtensions // TypeDefIndex: 9718"
"725537","interface","IJobParallelFor","9719","public interface IJobParallelFor // TypeDefIndex: 9719"
"725546","class","IJobParallelForExtensions.ParallelForJobStruct.ExecuteJobFunction","9720","public sealed class IJobParallelForExtensions.ParallelForJobStruct.ExecuteJobFunction<T> : MulticastDelegate // TypeDefIndex: 9720"
"725700","struct","IJobParallelForExtensions.ParallelForJobStruct","9721","internal struct IJobParallelForExtensions.ParallelForJobStruct<T> // TypeDefIndex: 9721"
"725933","class","IJobParallelForExtensions","9722","public static class IJobParallelForExtensions // TypeDefIndex: 9722"
"726151","struct","JobHandle","9723","public struct JobHandle : IEquatable<JobHandle> // TypeDefIndex: 9723"
"726218","class","JobProducerTypeAttribute","9724","public sealed class JobProducerTypeAttribute : Attribute // TypeDefIndex: 9724"
"726232","struct","JobRanges","9725","public struct JobRanges // TypeDefIndex: 9725"
"726242","enum","ScheduleMode","9726","public enum ScheduleMode // TypeDefIndex: 9726"
"726254","struct","JobsUtility.JobScheduleParameters","9727","public struct JobsUtility.JobScheduleParameters // TypeDefIndex: 9727"
"726269","class","JobsUtility.PanicFunction_","9728","internal sealed class JobsUtility.PanicFunction_ : MulticastDelegate // TypeDefIndex: 9728"
"726283","class","JobsUtility","9729","public static class JobsUtility // TypeDefIndex: 9729"
"726364","struct","DiscreteTime","9730","public struct DiscreteTime : IEquatable<DiscreteTime>, IFormattable, IComparable<DiscreteTime> // TypeDefIndex: 9730"
"726440","struct","RationalTime.TicksPerSecond","9731","public struct RationalTime.TicksPerSecond : IEquatable<RationalTime.TicksPerSecond> // TypeDefIndex: 9731"
"726491","struct","RationalTime","9732","public struct RationalTime // TypeDefIndex: 9732"
"726513","class","RationalTimeExtensions","9733","public static class RationalTimeExtensions // TypeDefIndex: 9733"
"726528","class","Il2CppEagerStaticClassConstructionAttribute","9734","internal class Il2CppEagerStaticClassConstructionAttribute : Attribute // TypeDefIndex: 9734"
"726539","class","IgnoredByDeepProfilerAttribute","9735","public sealed class IgnoredByDeepProfilerAttribute : Attribute // TypeDefIndex: 9735"
"726550","struct","ProfilerCategory","9736","public struct ProfilerCategory // TypeDefIndex: 9736"
"726578","enum","ProfilerCategoryColor","9737","public enum ProfilerCategoryColor // TypeDefIndex: 9737"
"726604","struct","ProfilerMarker.AutoScope","9738","public struct ProfilerMarker.AutoScope : IDisposable // TypeDefIndex: 9738"
"726622","struct","ProfilerMarker","9739","public struct ProfilerMarker // TypeDefIndex: 9739"
"726642","enum","ProfilerMarkerDataUnit","9740","public enum ProfilerMarkerDataUnit // TypeDefIndex: 9740"
"726656","enum","ProfilerCounterOptions","9741","public enum ProfilerCounterOptions // TypeDefIndex: 9741"
"726667","enum","ProfilerRecorderOptions","9742","public enum ProfilerRecorderOptions // TypeDefIndex: 9742"
"726684","struct","ProfilerRecorderSample","9743","public struct ProfilerRecorderSample // TypeDefIndex: 9743"
"726701","enum","ProfilerRecorder.ControlOptions","9744","internal enum ProfilerRecorder.ControlOptions // TypeDefIndex: 9744"
"726714","enum","ProfilerRecorder.CountOptions","9745","internal enum ProfilerRecorder.CountOptions // TypeDefIndex: 9745"
"726727","struct","ProfilerRecorder","9746","public struct ProfilerRecorder : IDisposable // TypeDefIndex: 9746"
"726823","class","ProfilerRecorderDebugView","9747","internal sealed class ProfilerRecorderDebugView // TypeDefIndex: 9747"
"726827","struct","DebugScreenCapture","9748","public struct DebugScreenCapture // TypeDefIndex: 9748"
"726870","enum","MarkerFlags","9749","public enum MarkerFlags // TypeDefIndex: 9749"
"726886","enum","ProfilerMarkerDataType","9750","public enum ProfilerMarkerDataType // TypeDefIndex: 9750"
"726905","struct","ProfilerRecorderDescription","9751","public struct ProfilerRecorderDescription // TypeDefIndex: 9751"
"726928","struct","ProfilerRecorderHandle","9752","public struct ProfilerRecorderHandle // TypeDefIndex: 9752"
"726964","struct","ProfilerCategoryDescription","9753","public struct ProfilerCategoryDescription // TypeDefIndex: 9753"
"726979","class","ProfilerUnsafeUtility","9754","public static class ProfilerUnsafeUtility // TypeDefIndex: 9754"
"727033","class","MemorySnapshotMetadata","9755","public class MemorySnapshotMetadata // TypeDefIndex: 9755"
"727067","class","MemoryProfiler","9756","public static class MemoryProfiler // TypeDefIndex: 9756"
"727102","struct","ReadCommand","9757","public struct ReadCommand // TypeDefIndex: 9757"
"727111","struct","ReadCommandArray","9758","public struct ReadCommandArray // TypeDefIndex: 9758"
"727120","enum","FileState","9759","public enum FileState // TypeDefIndex: 9759"
"727129","struct","FileInfoResult","9760","public struct FileInfoResult // TypeDefIndex: 9760"
"727137","enum","AssetLoadingSubsystem","9761","public enum AssetLoadingSubsystem // TypeDefIndex: 9761"
"727154","enum","ReadStatus","9762","public enum ReadStatus // TypeDefIndex: 9762"
"727167","enum","Priority","9763","public enum Priority // TypeDefIndex: 9763"
"727177","struct","FileHandle","9764","public struct FileHandle // TypeDefIndex: 9764"
"727211","struct","ReadHandle","9765","public struct ReadHandle : IDisposable // TypeDefIndex: 9765"
"727281","class","AsyncReadManager","9766","public static class AsyncReadManager // TypeDefIndex: 9766"
"727329","enum","ProcessingState","9767","public enum ProcessingState // TypeDefIndex: 9767"
"727342","enum","FileReadType","9768","public enum FileReadType // TypeDefIndex: 9768"
"727353","struct","AsyncReadManagerRequestMetric","9769","public struct AsyncReadManagerRequestMetric // TypeDefIndex: 9769"
"727407","class","AsyncReadManagerMetricsFilters","9770","public class AsyncReadManagerMetricsFilters // TypeDefIndex: 9770"
"727424","enum","ArchiveStatus","9771","public enum ArchiveStatus // TypeDefIndex: 9771"
"727436","struct","ArchiveFileInfo","9772","public struct ArchiveFileInfo // TypeDefIndex: 9772"
"727446","struct","ArchiveHandle","9773","public struct ArchiveHandle // TypeDefIndex: 9773"
"727456","class","ArchiveFileInterface","9774","public static class ArchiveFileInterface // TypeDefIndex: 9774"
"727461","class","CollectionExtensions.","9775","private sealed class CollectionExtensions.<>c__DisplayClass3_0<T> // TypeDefIndex: 9775"
"727494","class","CollectionExtensions","9776","internal static class CollectionExtensions // TypeDefIndex: 9776"
"727514","class","ReadOnlyAttribute","9777","public sealed class ReadOnlyAttribute : Attribute // TypeDefIndex: 9777"
"727525","class","WriteOnlyAttribute","9778","public sealed class WriteOnlyAttribute : Attribute // TypeDefIndex: 9778"
"727536","class","DeallocateOnJobCompletionAttribute","9779","public sealed class DeallocateOnJobCompletionAttribute : Attribute // TypeDefIndex: 9779"
"727547","class","NativeFixedLengthAttribute","9780","public sealed class NativeFixedLengthAttribute : Attribute // TypeDefIndex: 9780"
"727553","class","NativeMatchesParallelForLengthAttribute","9781","public sealed class NativeMatchesParallelForLengthAttribute : Attribute // TypeDefIndex: 9781"
"727559","class","NativeDisableParallelForRestrictionAttribute","9782","public sealed class NativeDisableParallelForRestrictionAttribute : Attribute // TypeDefIndex: 9782"
"727569","enum","Allocator","9783","public enum Allocator // TypeDefIndex: 9783"
"727586","enum","LeakCategory","9784","internal enum LeakCategory // TypeDefIndex: 9784"
"727602","enum","NativeArrayOptions","9785","public enum NativeArrayOptions // TypeDefIndex: 9785"
"727612","struct","NativeArray.Enumerator","9786","public struct NativeArray.Enumerator<T> : IEnumerator<T>, IEnumerator, IDisposable // TypeDefIndex: 9786"
"730070","struct","NativeArray.ReadOnly.Enumerator","9787","public struct NativeArray.ReadOnly.Enumerator<T> : IEnumerator<T>, IEnumerator, IDisposable // TypeDefIndex: 9787"
"732532","struct","NativeArray.ReadOnly","9788","public struct NativeArray.ReadOnly<T> : IEnumerable<T>, IEnumerable // TypeDefIndex: 9788"
"736218","struct","NativeArray","9789","public struct NativeArray<T> : IDisposable, IEnumerable<T>, IEnumerable, IEquatable<NativeArray<T>> // TypeDefIndex: 9789"
"751405","struct","NativeArrayDispose","9790","internal struct NativeArrayDispose // TypeDefIndex: 9790"
"751420","struct","NativeArrayDisposeJob","9791","internal struct NativeArrayDisposeJob : IJob // TypeDefIndex: 9791"
"751436","class","NativeArrayDebugView","9792","internal sealed class NativeArrayDebugView<T> // TypeDefIndex: 9792"
"751440","class","NativeArrayReadOnlyDebugView","9793","internal sealed class NativeArrayReadOnlyDebugView<T> // TypeDefIndex: 9793"
"751445","class","NativeSliceExtensions","9794","public static class NativeSliceExtensions // TypeDefIndex: 9794"
"751509","struct","NativeSlice.Enumerator","9795","public struct NativeSlice.Enumerator<T> : IEnumerator<T>, IEnumerator, IDisposable // TypeDefIndex: 9795"
"751810","struct","NativeSlice","9796","public struct NativeSlice<T> : IEnumerable<T>, IEnumerable, IEquatable<NativeSlice<T>> // TypeDefIndex: 9796"
"752534","class","NativeSliceDebugView","9797","internal sealed class NativeSliceDebugView<T> // TypeDefIndex: 9797"
"752540","struct","BurstLike.SharedStatic","9798","internal struct BurstLike.SharedStatic<T> // TypeDefIndex: 9798"
"752759","class","BurstLike.SharedStatic","9799","internal static class BurstLike.SharedStatic // TypeDefIndex: 9799"
"752771","class","BurstLike","9800","internal static class BurstLike // TypeDefIndex: 9800"
"752775","struct","BurstRuntime.HashCode64","9801","private struct BurstRuntime.HashCode64<T> // TypeDefIndex: 9801"
"752969","class","BurstRuntime","9802","internal static class BurstRuntime // TypeDefIndex: 9802"
"753165","class","NativeContainerAttribute","9803","public sealed class NativeContainerAttribute : Attribute // TypeDefIndex: 9803"
"753176","class","NativeContainerIsReadOnlyAttribute","9804","public sealed class NativeContainerIsReadOnlyAttribute : Attribute // TypeDefIndex: 9804"
"753187","class","NativeContainerIsAtomicWriteOnlyAttribute","9805","public sealed class NativeContainerIsAtomicWriteOnlyAttribute : Attribute // TypeDefIndex: 9805"
"753198","class","NativeContainerSupportsMinMaxWriteRestrictionAttribute","9806","public sealed class NativeContainerSupportsMinMaxWriteRestrictionAttribute : Attribute // TypeDefIndex: 9806"
"753209","class","NativeContainerSupportsDeallocateOnJobCompletionAttribute","9807","public sealed class NativeContainerSupportsDeallocateOnJobCompletionAttribute : Attribute // TypeDefIndex: 9807"
"753220","class","NativeContainerSupportsDeferredConvertListToArray","9808","public sealed class NativeContainerSupportsDeferredConvertListToArray : Attribute // TypeDefIndex: 9808"
"753231","class","NativeSetThreadIndexAttribute","9809","public sealed class NativeSetThreadIndexAttribute : Attribute // TypeDefIndex: 9809"
"753243","class","NativeContainerNeedsThreadIndexAttribute","9810","public sealed class NativeContainerNeedsThreadIndexAttribute : Attribute // TypeDefIndex: 9810"
"753248","class","WriteAccessRequiredAttribute","9811","public class WriteAccessRequiredAttribute : Attribute // TypeDefIndex: 9811"
"753259","class","NativeDisableUnsafePtrRestrictionAttribute","9812","public sealed class NativeDisableUnsafePtrRestrictionAttribute : Attribute // TypeDefIndex: 9812"
"753270","class","NativeDisableContainerSafetyRestrictionAttribute","9813","public sealed class NativeDisableContainerSafetyRestrictionAttribute : Attribute // TypeDefIndex: 9813"
"753281","class","NativeSetClassTypeToNullOnScheduleAttribute","9814","public sealed class NativeSetClassTypeToNullOnScheduleAttribute : Attribute // TypeDefIndex: 9814"
"753286","class","NativeArrayUnsafeUtility","9815","public static class NativeArrayUnsafeUtility // TypeDefIndex: 9815"
"754020","class","NativeSliceUnsafeUtility","9816","public static class NativeSliceUnsafeUtility // TypeDefIndex: 9816"
"754145","struct","UnsafeUtility.AlignOfHelper","9817","private struct UnsafeUtility.AlignOfHelper<T> // TypeDefIndex: 9817"
"754155","class","UnsafeUtility","9818","public static class UnsafeUtility // TypeDefIndex: 9818"
"757754","class","BurstAuthorizedExternalMethodAttribute","9819","public class BurstAuthorizedExternalMethodAttribute : Attribute // TypeDefIndex: 9819"
"757764","class","BurstDiscardAttribute","9820","public class BurstDiscardAttribute : Attribute // TypeDefIndex: 9820"
"757773","enum","BurstCompilerService.BurstLogType","9821","public enum BurstCompilerService.BurstLogType // TypeDefIndex: 9821"
"757786","class","BurstCompilerService","9822","internal static class BurstCompilerService // TypeDefIndex: 9822"
"757816","class","CanBeNullAttribute","9823","public sealed class CanBeNullAttribute : Attribute // TypeDefIndex: 9823"
"757826","class","NotNullAttribute","9824","public sealed class NotNullAttribute : Attribute // TypeDefIndex: 9824"
"757836","class","PureAttribute","9825","public sealed class PureAttribute : Attribute // TypeDefIndex: 9825"
"757846","class","MustUseReturnValueAttribute","9826","public sealed class MustUseReturnValueAttribute : Attribute // TypeDefIndex: 9826"
"757856","class","CollectionAccessAttribute","9827","public sealed class CollectionAccessAttribute : Attribute // TypeDefIndex: 9827"
"757871","enum","CollectionAccessType","9828","public enum CollectionAccessType // TypeDefIndex: 9828"
"757882","enum","SpriteDrawMode","9829","public enum SpriteDrawMode // TypeDefIndex: 9829"
"757892","enum","SpriteMaskInteraction","9830","public enum SpriteMaskInteraction // TypeDefIndex: 9830"
"757904","class","SpriteRenderer","9831","public sealed class SpriteRenderer : Renderer // TypeDefIndex: 9831"
"758007","enum","SpriteMeshType","9832","public enum SpriteMeshType // TypeDefIndex: 9832"
"758016","enum","SpritePackingMode","9833","public enum SpritePackingMode // TypeDefIndex: 9833"
"758025","enum","SpritePackingRotation","9834","public enum SpritePackingRotation // TypeDefIndex: 9834"
"758038","struct","SecondarySpriteTexture","9835","public struct SecondarySpriteTexture // TypeDefIndex: 9835"
"758051","class","Sprite","9836","public sealed class Sprite : Object // TypeDefIndex: 9836"
"758236","struct","SortingLayer","9837","public struct SortingLayer // TypeDefIndex: 9837"
"758292","enum","WeightedMode","9838","public enum WeightedMode // TypeDefIndex: 9838"
"758304","struct","Keyframe","9839","public struct Keyframe // TypeDefIndex: 9839"
"758376","enum","WrapMode","9840","public enum WrapMode // TypeDefIndex: 9840"
"758389","class","AnimationCurve.BindingsMarshaller","9841","internal static class AnimationCurve.BindingsMarshaller // TypeDefIndex: 9841"
"758401","class","AnimationCurve","9842","public class AnimationCurve : IEquatable<AnimationCurve> // TypeDefIndex: 9842"
"758601","class","Application.LowMemoryCallback","9843","public sealed class Application.LowMemoryCallback : MulticastDelegate // TypeDefIndex: 9843"
"758613","class","Application.MemoryUsageChangedCallback","9844","public sealed class Application.MemoryUsageChangedCallback : MulticastDelegate // TypeDefIndex: 9844"
"758625","class","Application.LogCallback","9845","public sealed class Application.LogCallback : MulticastDelegate // TypeDefIndex: 9845"
"758655","class","Application","9846","public class Application // TypeDefIndex: 9846"
"758944","enum","ApplicationMemoryUsage","9847","public enum ApplicationMemoryUsage // TypeDefIndex: 9847"
"758956","struct","ApplicationMemoryUsageChange","9848","public struct ApplicationMemoryUsageChange // TypeDefIndex: 9848"
"758977","enum","StackTraceLogType","9849","public enum StackTraceLogType // TypeDefIndex: 9849"
"758987","enum","NetworkReachability","9850","public enum NetworkReachability // TypeDefIndex: 9850"
"758997","enum","SendMessageOptions","9851","public enum SendMessageOptions // TypeDefIndex: 9851"
"759006","enum","PrimitiveType","9852","public enum PrimitiveType // TypeDefIndex: 9852"
"759019","enum","Space","9853","public enum Space // TypeDefIndex: 9853"
"759028","enum","RuntimePlatform","9854","public enum RuntimePlatform // TypeDefIndex: 9854"
"759120","enum","SystemLanguage","9855","public enum SystemLanguage // TypeDefIndex: 9855"
"759171","enum","LogType","9856","public enum LogType // TypeDefIndex: 9856"
"759183","enum","LogOption","9857","public enum LogOption // TypeDefIndex: 9857"
"759193","class","BootConfigData","9858","internal class BootConfigData // TypeDefIndex: 9858"
"759210","struct","CachedAssetBundle","9859","public struct CachedAssetBundle // TypeDefIndex: 9859"
"759235","struct","Cache","9860","public struct Cache : IEquatable<Cache> // TypeDefIndex: 9860"
"759295","class","Caching","9861","public sealed class Caching // TypeDefIndex: 9861"
"759392","class","BatchRendererGroupRuntimeAnalytic","9862","internal class BatchRendererGroupRuntimeAnalytic : AnalyticsEventBase // TypeDefIndex: 9862"
"759408","enum","Camera.StereoscopicEye","9863","public enum Camera.StereoscopicEye // TypeDefIndex: 9863"
"759417","enum","Camera.MonoOrStereoscopicEye","9864","public enum Camera.MonoOrStereoscopicEye // TypeDefIndex: 9864"
"759427","enum","Camera.SceneViewFilterMode","9865","public enum Camera.SceneViewFilterMode // TypeDefIndex: 9865"
"759436","class","Camera.CameraCallback","9866","public sealed class Camera.CameraCallback : MulticastDelegate // TypeDefIndex: 9866"
"759457","class","Camera","9867","public sealed class Camera : Behaviour // TypeDefIndex: 9867"
"760022","struct","BoundingSphere","9868","public struct BoundingSphere // TypeDefIndex: 9868"
"760035","enum","CullingQueryOptions","9869","internal enum CullingQueryOptions // TypeDefIndex: 9869"
"760045","struct","CullingGroupEvent","9870","public struct CullingGroupEvent // TypeDefIndex: 9870"
"760054","class","CullingGroup.StateChanged","9871","public sealed class CullingGroup.StateChanged : MulticastDelegate // TypeDefIndex: 9871"
"760066","class","CullingGroup.BindingsMarshaller","9872","internal static class CullingGroup.BindingsMarshaller // TypeDefIndex: 9872"
"760076","class","CullingGroup","9873","public class CullingGroup : IDisposable // TypeDefIndex: 9873"
"760166","enum","ReflectionProbe.ReflectionProbeEvent","9874","public enum ReflectionProbe.ReflectionProbeEvent // TypeDefIndex: 9874"
"760176","class","ReflectionProbe","9875","public sealed class ReflectionProbe : Behaviour // TypeDefIndex: 9875"
"760226","class","DebugLogHandler","9876","internal sealed class DebugLogHandler : ILogHandler // TypeDefIndex: 9876"
"760261","class","Debug","9877","public class Debug // TypeDefIndex: 9877"
"760399","class","ExpressionEvaluator.Expression","9878","internal class ExpressionEvaluator.Expression // TypeDefIndex: 9878"
"760438","struct","ExpressionEvaluator.PcgRandom","9879","private struct ExpressionEvaluator.PcgRandom // TypeDefIndex: 9879"
"760463","enum","ExpressionEvaluator.Op","9880","private enum ExpressionEvaluator.Op // TypeDefIndex: 9880"
"760486","enum","ExpressionEvaluator.Associativity","9881","private enum ExpressionEvaluator.Associativity // TypeDefIndex: 9881"
"760495","class","ExpressionEvaluator.Operator","9882","private class ExpressionEvaluator.Operator // TypeDefIndex: 9882"
"760512","class","ExpressionEvaluator.","9883","private sealed class ExpressionEvaluator.<>c // TypeDefIndex: 9883"
"760532","class","ExpressionEvaluator","9884","public class ExpressionEvaluator // TypeDefIndex: 9884"
"760634","class","LightingSettings","9885","public sealed class LightingSettings : Object // TypeDefIndex: 9885"
"760651","struct","Bounds","9886","public struct Bounds : IEquatable<Bounds>, IFormattable // TypeDefIndex: 9886"
"760736","struct","BoundsInt","9887","public struct BoundsInt : IEquatable<BoundsInt>, IFormattable // TypeDefIndex: 9887"
"760798","class","GeometryUtility","9888","public sealed class GeometryUtility // TypeDefIndex: 9888"
"760824","struct","Plane","9889","public struct Plane : IFormattable // TypeDefIndex: 9889"
"760863","struct","Ray","9890","public struct Ray : IFormattable // TypeDefIndex: 9890"
"760898","struct","Rect","9891","public struct Rect : IEquatable<Rect>, IFormattable // TypeDefIndex: 9891"
"761060","struct","RectInt","9892","public struct RectInt : IEquatable<RectInt>, IFormattable // TypeDefIndex: 9892"
"761139","class","RectOffset.BindingsMarshaller","9893","internal static class RectOffset.BindingsMarshaller // TypeDefIndex: 9893"
"761151","class","RectOffset","9894","public class RectOffset : IFormattable // TypeDefIndex: 9894"
"761272","class","Gizmos","9895","public sealed class Gizmos // TypeDefIndex: 9895"
"761322","struct","BeforeRenderHelper.OrderBlock","9896","private struct BeforeRenderHelper.OrderBlock // TypeDefIndex: 9896"
"761330","class","BeforeRenderHelper","9897","internal static class BeforeRenderHelper // TypeDefIndex: 9897"
"761346","class","CustomRenderTextureManager","9898","public static class CustomRenderTextureManager // TypeDefIndex: 9898"
"761368","class","Display.DisplaysUpdatedDelegate","9899","public sealed class Display.DisplaysUpdatedDelegate : MulticastDelegate // TypeDefIndex: 9899"
"761382","class","Display","9900","public class Display // TypeDefIndex: 9900"
"761460","struct","LightProbesQuery.LightProbesQueryDispose","9901","internal struct LightProbesQuery.LightProbesQueryDispose // TypeDefIndex: 9901"
"761473","struct","LightProbesQuery.LightProbesQueryDisposeJob","9902","internal struct LightProbesQuery.LightProbesQueryDisposeJob : IJob // TypeDefIndex: 9902"
"761488","struct","LightProbesQuery","9903","public struct LightProbesQuery : IDisposable // TypeDefIndex: 9903"
"761523","struct","RefreshRate","9904","public struct RefreshRate : IEquatable<RefreshRate>, IComparable<RefreshRate> // TypeDefIndex: 9904"
"761552","class","Screen","9905","public sealed class Screen // TypeDefIndex: 9905"
"761619","struct","RenderBuffer","9906","public struct RenderBuffer // TypeDefIndex: 9906"
"761628","enum","ComputeBufferMode","9907","public enum ComputeBufferMode // TypeDefIndex: 9907"
"761648","class","Graphics","9908","public class Graphics // TypeDefIndex: 9908"
"761829","class","GL","9909","public sealed class GL // TypeDefIndex: 9909"
"761940","class","ScalableBufferManager","9910","public static class ScalableBufferManager // TypeDefIndex: 9910"
"761960","struct","FrameTiming","9911","public struct FrameTiming // TypeDefIndex: 9911"
"761991","class","FrameTimingManager","9912","public static class FrameTimingManager // TypeDefIndex: 9912"
"762008","class","LightmapData","9913","public sealed class LightmapData // TypeDefIndex: 9913"
"762041","class","LightmapSettings","9914","public sealed class LightmapSettings : Object // TypeDefIndex: 9914"
"762064","class","LightProbes","9915","public sealed class LightProbes : Object // TypeDefIndex: 9915"
"762095","class","HDROutputSettings","9916","public class HDROutputSettings // TypeDefIndex: 9916"
"762213","class","ColorGamutUtility","9917","public class ColorGamutUtility // TypeDefIndex: 9917"
"762232","struct","Resolution","9918","public struct Resolution // TypeDefIndex: 9918"
"762263","struct","RenderInstancedDataLayout","9919","internal struct RenderInstancedDataLayout // TypeDefIndex: 9919"
"762284","class","QualitySettings","9920","public sealed class QualitySettings : Object // TypeDefIndex: 9920"
"762343","class","ImageEffectAllowedInSceneView","9921","public sealed class ImageEffectAllowedInSceneView : Attribute // TypeDefIndex: 9921"
"762353","class","ImageEffectOpaque","9922","public sealed class ImageEffectOpaque : Attribute // TypeDefIndex: 9922"
"762364","class","TrailRenderer","9923","public sealed class TrailRenderer : Renderer // TypeDefIndex: 9923"
"762381","class","LineRenderer","9924","public sealed class LineRenderer : Renderer // TypeDefIndex: 9924"
"762385","class","MaterialPropertyBlock.BindingsMarshaller","9925","internal static class MaterialPropertyBlock.BindingsMarshaller // TypeDefIndex: 9925"
"762398","class","MaterialPropertyBlock","9926","public sealed class MaterialPropertyBlock // TypeDefIndex: 9926"
"762655","class","Renderer","9927","public class Renderer : Component // TypeDefIndex: 9927"
"762992","class","RenderSettings","9928","public sealed class RenderSettings : Object // TypeDefIndex: 9928"
"763068","class","Shader","9929","public sealed class Shader : Object // TypeDefIndex: 9929"
"763228","class","Material","9930","public class Material : Object // TypeDefIndex: 9930"
"763731","struct","GraphicsBufferHandle","9931","public struct GraphicsBufferHandle : IEquatable<GraphicsBufferHandle> // TypeDefIndex: 9931"
"763750","enum","GraphicsBuffer.Target","9932","public enum GraphicsBuffer.Target // TypeDefIndex: 9932"
"763768","enum","GraphicsBuffer.UsageFlags","9933","public enum GraphicsBuffer.UsageFlags // TypeDefIndex: 9933"
"763777","class","GraphicsBuffer.BindingsMarshaller","9934","internal static class GraphicsBuffer.BindingsMarshaller // TypeDefIndex: 9934"
"763789","class","GraphicsBuffer","9935","public sealed class GraphicsBuffer : IDisposable // TypeDefIndex: 9935"
"763980","struct","LightBakingOutput","9936","public struct LightBakingOutput // TypeDefIndex: 9936"
"763997","class","Light","9937","public sealed class Light : Behaviour // TypeDefIndex: 9937"
"764196","class","Skybox","9938","public sealed class Skybox : Behaviour // TypeDefIndex: 9938"
"764213","class","MeshFilter","9939","public sealed class MeshFilter : Component // TypeDefIndex: 9939"
"764249","enum","RenderingPath","9940","public enum RenderingPath // TypeDefIndex: 9940"
"764262","enum","TransparencySortMode","9941","public enum TransparencySortMode // TypeDefIndex: 9941"
"764274","enum","CameraType","9942","public enum CameraType // TypeDefIndex: 9942"
"764288","enum","ComputeBufferType","9943","public enum ComputeBufferType // TypeDefIndex: 9943"
"764306","enum","LightType","9944","public enum LightType // TypeDefIndex: 9944"
"764324","enum","LightShape","9945","public enum LightShape // TypeDefIndex: 9945"
"764334","enum","LightShadows","9946","public enum LightShadows // TypeDefIndex: 9946"
"764345","enum","LightmapBakeType","9947","public enum LightmapBakeType // TypeDefIndex: 9947"
"764355","enum","MixedLightingMode","9948","public enum MixedLightingMode // TypeDefIndex: 9948"
"764365","enum","ShadowmaskMode","9949","public enum ShadowmaskMode // TypeDefIndex: 9949"
"764374","enum","ShadowObjectsFilter","9950","public enum ShadowObjectsFilter // TypeDefIndex: 9950"
"764384","enum","CameraClearFlags","9951","public enum CameraClearFlags // TypeDefIndex: 9951"
"764397","enum","DepthTextureMode","9952","public enum DepthTextureMode // TypeDefIndex: 9952"
"764408","enum","MeshTopology","9953","public enum MeshTopology // TypeDefIndex: 9953"
"764420","enum","ColorSpace","9954","public enum ColorSpace // TypeDefIndex: 9954"
"764432","enum","ColorGamut","9955","public enum ColorGamut // TypeDefIndex: 9955"
"764448","enum","ColorPrimaries","9956","public enum ColorPrimaries // TypeDefIndex: 9956"
"764461","enum","WhitePoint","9957","public enum WhitePoint // TypeDefIndex: 9957"
"764472","enum","TransferFunction","9958","public enum TransferFunction // TypeDefIndex: 9958"
"764485","enum","ScreenOrientation","9959","public enum ScreenOrientation // TypeDefIndex: 9959"
"764501","enum","FilterMode","9960","public enum FilterMode // TypeDefIndex: 9960"
"764511","enum","TextureWrapMode","9961","public enum TextureWrapMode // TypeDefIndex: 9961"
"764522","enum","TextureFormat","9962","public enum TextureFormat // TypeDefIndex: 9962"
"764593","enum","TextureColorSpace","9963","internal enum TextureColorSpace // TypeDefIndex: 9963"
"764602","enum","CubemapFace","9964","public enum CubemapFace // TypeDefIndex: 9964"
"764616","enum","RenderTextureFormat","9965","public enum RenderTextureFormat // TypeDefIndex: 9965"
"764651","enum","VRTextureUsage","9966","public enum VRTextureUsage // TypeDefIndex: 9966"
"764663","enum","RenderTextureCreationFlags","9967","public enum RenderTextureCreationFlags // TypeDefIndex: 9967"
"764681","enum","RenderTextureReadWrite","9968","public enum RenderTextureReadWrite // TypeDefIndex: 9968"
"764692","enum","RenderTextureMemoryless","9969","public enum RenderTextureMemoryless // TypeDefIndex: 9969"
"764704","enum","HDRDisplaySupportFlags","9970","public enum HDRDisplaySupportFlags // TypeDefIndex: 9970"
"764716","enum","LightmapsMode","9971","public enum LightmapsMode // TypeDefIndex: 9971"
"764726","class","LightProbeProxyVolume","9972","public sealed class LightProbeProxyVolume : Behaviour // TypeDefIndex: 9972"
"764730","enum","MotionVectorGenerationMode","9973","public enum MotionVectorGenerationMode // TypeDefIndex: 9973"
"764742","class","SkinnedMeshRenderer","9974","public class SkinnedMeshRenderer : Renderer // TypeDefIndex: 9974"
"764759","class","MeshRenderer","9975","public class MeshRenderer : Renderer // TypeDefIndex: 9975"
"764782","enum","LODFadeMode","9976","public enum LODFadeMode // TypeDefIndex: 9976"
"764796","class","LODGroup","9977","public class LODGroup : Component // TypeDefIndex: 9977"
"764802","struct","Mesh.MeshData","9978","public struct Mesh.MeshData // TypeDefIndex: 9978"
"764813","class","Mesh","9979","public sealed class Mesh : Object // TypeDefIndex: 9979"
"765578","struct","BoneWeight","9980","public struct BoneWeight : IEquatable<BoneWeight> // TypeDefIndex: 9980"
"765645","struct","CombineInstance","9981","public struct CombineInstance // TypeDefIndex: 9981"
"765674","class","Texture","9982","public class Texture : Object // TypeDefIndex: 9982"
"765928","class","Texture2D","9983","public sealed class Texture2D : Texture // TypeDefIndex: 9983"
"766197","class","Cubemap","9984","public sealed class Cubemap : Texture // TypeDefIndex: 9984"
"766290","class","Texture3D","9985","public sealed class Texture3D : Texture // TypeDefIndex: 9985"
"766428","class","Texture2DArray","9986","public sealed class Texture2DArray : Texture // TypeDefIndex: 9986"
"766512","class","CubemapArray","9987","public sealed class CubemapArray : Texture // TypeDefIndex: 9987"
"766598","class","RenderTexture","9988","public class RenderTexture : Texture // TypeDefIndex: 9988"
"767025","class","CustomRenderTexture","9989","public sealed class CustomRenderTexture : RenderTexture // TypeDefIndex: 9989"
"767029","struct","RenderTextureDescriptor","9990","public struct RenderTextureDescriptor // TypeDefIndex: 9990"
"767286","struct","MipmapLimitDescriptor","9991","public struct MipmapLimitDescriptor // TypeDefIndex: 9991"
"767318","class","Handheld","9992","public class Handheld // TypeDefIndex: 9992"
"767332","struct","Hash128","9993","public struct Hash128 : IComparable, IComparable<Hash128>, IEquatable<Hash128> // TypeDefIndex: 9993"
"767443","class","HashUtilities","9994","public static class HashUtilities // TypeDefIndex: 9994"
"767452","class","HashUnsafeUtilities","9995","public static class HashUnsafeUtilities // TypeDefIndex: 9995"
"767464","struct","SpookyHash.U","9996","private struct SpookyHash.U // TypeDefIndex: 9996"
"767479","class","SpookyHash","9997","internal static class SpookyHash // TypeDefIndex: 9997"
"767509","enum","CursorMode","9998","public enum CursorMode // TypeDefIndex: 9998"
"767518","enum","CursorLockMode","9999","public enum CursorLockMode // TypeDefIndex: 9999"
"767529","class","Cursor","10000","public class Cursor // TypeDefIndex: 10000"
"767547","enum","KeyCode","10001","public enum KeyCode // TypeDefIndex: 10001"
"767893","interface","ILogHandler","10002","public interface ILogHandler // TypeDefIndex: 10002"
"767905","interface","ILogger","10003","public interface ILogger : ILogHandler // TypeDefIndex: 10003"
"767951","class","Logger","10004","public class Logger : ILogger, ILogHandler // TypeDefIndex: 10004"
"768037","class","UnityLogWriter","10005","internal class UnityLogWriter : TextWriter // TypeDefIndex: 10005"
"768079","struct","Color","10006","public struct Color : IEquatable<Color>, IFormattable // TypeDefIndex: 10006"
"768205","struct","Color32","10007","public struct Color32 : IEquatable<Color32>, IFormattable // TypeDefIndex: 10007"
"768250","class","ColorUtility","10008","public class ColorUtility // TypeDefIndex: 10008"
"768270","struct","GradientColorKey","10009","public struct GradientColorKey // TypeDefIndex: 10009"
"768284","struct","GradientAlphaKey","10010","public struct GradientAlphaKey // TypeDefIndex: 10010"
"768297","enum","GradientMode","10011","public enum GradientMode // TypeDefIndex: 10011"
"768307","class","Gradient.BindingsMarshaller","10012","internal static class Gradient.BindingsMarshaller // TypeDefIndex: 10012"
"768318","class","Gradient","10013","public class Gradient : IEquatable<Gradient> // TypeDefIndex: 10013"
"768442","struct","FrustumPlanes","10014","public struct FrustumPlanes // TypeDefIndex: 10014"
"768460","struct","Matrix4x4","10015","public struct Matrix4x4 : IEquatable<Matrix4x4>, IFormattable // TypeDefIndex: 10015"
"768690","struct","Vector3","10016","public struct Vector3 : IEquatable<Vector3>, IFormattable // TypeDefIndex: 10016"
"768877","struct","Quaternion","10017","public struct Quaternion : IEquatable<Quaternion>, IFormattable // TypeDefIndex: 10017"
"769023","struct","Mathf","10018","public struct Mathf // TypeDefIndex: 10018"
"769200","struct","Vector2","10019","public struct Vector2 : IEquatable<Vector2>, IFormattable // TypeDefIndex: 10019"
"769367","struct","Vector2Int","10020","public struct Vector2Int : IEquatable<Vector2Int>, IFormattable // TypeDefIndex: 10020"
"769462","struct","Vector3Int","10021","public struct Vector3Int : IEquatable<Vector3Int>, IFormattable // TypeDefIndex: 10021"
"769562","struct","Vector4","10022","public struct Vector4 : IEquatable<Vector4>, IFormattable // TypeDefIndex: 10022"
"769682","struct","TypeDispatchData","10023","internal struct TypeDispatchData : IDisposable // TypeDefIndex: 10023"
"769696","struct","TransformDispatchData","10024","internal struct TransformDispatchData : IDisposable // TypeDefIndex: 10024"
"769713","enum","ObjectDispatcher.TransformTrackingType","10025","public enum ObjectDispatcher.TransformTrackingType // TypeDefIndex: 10025"
"769724","enum","ObjectDispatcher.TypeTrackingFlags","10026","public enum ObjectDispatcher.TypeTrackingFlags // TypeDefIndex: 10026"
"769738","class","ObjectDispatcher.","10027","private sealed class ObjectDispatcher.<>c // TypeDefIndex: 10027"
"769762","class","ObjectDispatcher","10028","internal sealed class ObjectDispatcher : IDisposable // TypeDefIndex: 10028"
"769890","class","NumericFieldDraggerUtility","10029","internal class NumericFieldDraggerUtility // TypeDefIndex: 10029"
"769923","interface","IPlayerEditorConnectionNative","10030","internal interface IPlayerEditorConnectionNative // TypeDefIndex: 10030"
"769954","class","PlayerConnectionInternal","10031","internal class PlayerConnectionInternal : IPlayerEditorConnectionNative // TypeDefIndex: 10031"
"770031","class","PlayerPrefsException","10032","public class PlayerPrefsException : Exception // TypeDefIndex: 10032"
"770041","class","PlayerPrefs","10033","public class PlayerPrefs // TypeDefIndex: 10033"
"770126","class","PropertyAttribute","10034","public abstract class PropertyAttribute : Attribute // TypeDefIndex: 10034"
"770155","class","InspectorNameAttribute","10035","public class InspectorNameAttribute : PropertyAttribute // TypeDefIndex: 10035"
"770168","class","TooltipAttribute","10036","public class TooltipAttribute : PropertyAttribute // TypeDefIndex: 10036"
"770181","class","SpaceAttribute","10037","public class SpaceAttribute : PropertyAttribute // TypeDefIndex: 10037"
"770197","class","HeaderAttribute","10038","public class HeaderAttribute : PropertyAttribute // TypeDefIndex: 10038"
"770210","class","RangeAttribute","10039","public sealed class RangeAttribute : PropertyAttribute // TypeDefIndex: 10039"
"770224","class","MinAttribute","10040","public sealed class MinAttribute : PropertyAttribute // TypeDefIndex: 10040"
"770237","class","MultilineAttribute","10041","public sealed class MultilineAttribute : PropertyAttribute // TypeDefIndex: 10041"
"770250","class","TextAreaAttribute","10042","public sealed class TextAreaAttribute : PropertyAttribute // TypeDefIndex: 10042"
"770264","class","ColorUsageAttribute","10043","public sealed class ColorUsageAttribute : PropertyAttribute // TypeDefIndex: 10043"
"770286","class","DelayedAttribute","10044","public sealed class DelayedAttribute : PropertyAttribute // TypeDefIndex: 10044"
"770296","class","PropertyNameUtils","10045","internal class PropertyNameUtils // TypeDefIndex: 10045"
"770310","struct","PropertyName","10046","public struct PropertyName : IEquatable<PropertyName> // TypeDefIndex: 10046"
"770347","struct","Random.State","10047","public struct Random.State // TypeDefIndex: 10047"
"770362","class","Random","10048","public static class Random // TypeDefIndex: 10048"
"770425","struct","RenderingLayerMask","10049","public struct RenderingLayerMask // TypeDefIndex: 10049"
"770478","class","ResourceRequest.BindingsMarshaller","10050","internal static class ResourceRequest.BindingsMarshaller // TypeDefIndex: 10050"
"770488","class","ResourceRequest","10051","public class ResourceRequest : AsyncOperation // TypeDefIndex: 10051"
"770512","class","ResourcesAPIInternal","10052","internal static class ResourcesAPIInternal // TypeDefIndex: 10052"
"770553","class","ResourcesAPI","10053","public class ResourcesAPI // TypeDefIndex: 10053"
"770599","class","Resources","10054","public sealed class Resources // TypeDefIndex: 10054"
"770688","class","AsyncInstantiateOperation","10055","public class AsyncInstantiateOperation : AsyncOperation // TypeDefIndex: 10055"
"770713","struct","AsyncInstantiateOperation.Awaiter","10056","public struct AsyncInstantiateOperation.Awaiter<T> : INotifyCompletion // TypeDefIndex: 10056"
"770770","class","AsyncInstantiateOperation","10057","public class AsyncInstantiateOperation<T> : AsyncInstantiateOperation // TypeDefIndex: 10057"
"770825","class","AsyncInstantiateOperationHelper","10058","internal class AsyncInstantiateOperationHelper // TypeDefIndex: 10058"
"770835","class","AsyncOperation.BindingsMarshaller","10059","internal static class AsyncOperation.BindingsMarshaller // TypeDefIndex: 10059"
"770850","class","AsyncOperation","10060","public class AsyncOperation : YieldInstruction // TypeDefIndex: 10060"
"770928","class","AttributeHelperEngine","10061","internal class AttributeHelperEngine // TypeDefIndex: 10061"
"770971","class","DisallowMultipleComponent","10062","public sealed class DisallowMultipleComponent : Attribute // TypeDefIndex: 10062"
"770982","class","RequireComponent","10063","public sealed class RequireComponent : Attribute // TypeDefIndex: 10063"
"770999","class","AddComponentMenu","10064","public sealed class AddComponentMenu : Attribute // TypeDefIndex: 10064"
"771016","class","CreateAssetMenuAttribute","10065","public sealed class CreateAssetMenuAttribute : Attribute // TypeDefIndex: 10065"
"771055","class","ContextMenu","10066","public sealed class ContextMenu : Attribute // TypeDefIndex: 10066"
"771076","class","ExecuteInEditMode","10067","public sealed class ExecuteInEditMode : Attribute // TypeDefIndex: 10067"
"771086","class","ExecuteAlways","10068","public sealed class ExecuteAlways : Attribute // TypeDefIndex: 10068"
"771096","class","HideInInspector","10069","public sealed class HideInInspector : Attribute // TypeDefIndex: 10069"
"771107","class","HideInCallstackAttribute","10070","public sealed class HideInCallstackAttribute : Attribute // TypeDefIndex: 10070"
"771113","class","HelpURLAttribute","10071","public class HelpURLAttribute : Attribute // TypeDefIndex: 10071"
"771135","class","DefaultExecutionOrder","10072","public class DefaultExecutionOrder : Attribute // TypeDefIndex: 10072"
"771155","class","AssemblyIsEditorAssembly","10073","public class AssemblyIsEditorAssembly : Attribute // TypeDefIndex: 10073"
"771161","class","ExcludeFromPresetAttribute","10074","public class ExcludeFromPresetAttribute : Attribute // TypeDefIndex: 10074"
"771170","enum","Awaitable.AwaiterCompletionThreadAffinity","10075","internal enum Awaitable.AwaiterCompletionThreadAffinity // TypeDefIndex: 10075"
"771180","interface","Awaitable.AwaitableAsyncMethodBuilder.IStateMachineBox","10076","private interface Awaitable.AwaitableAsyncMethodBuilder.IStateMachineBox : IDisposable // TypeDefIndex: 10076"
"771185","struct","Awaitable.AwaitableAsyncMethodBuilder","10077","public struct Awaitable.AwaitableAsyncMethodBuilder // TypeDefIndex: 10077"
"771194","struct","Awaitable.Awaiter","10078","public struct Awaitable.Awaiter : INotifyCompletion // TypeDefIndex: 10078"
"771212","struct","Awaitable.AwaitableAndFrameIndex","10079","private struct Awaitable.AwaitableAndFrameIndex // TypeDefIndex: 10079"
"771241","class","Awaitable.DoubleBufferedAwaitableList.","10080","private sealed class Awaitable.DoubleBufferedAwaitableList.<>c__DisplayClass4_0 // TypeDefIndex: 10080"
"771256","class","Awaitable.DoubleBufferedAwaitableList","10081","private class Awaitable.DoubleBufferedAwaitableList // TypeDefIndex: 10081"
"771279","struct","Awaitable.AwaitableHandle","10082","private struct Awaitable.AwaitableHandle // TypeDefIndex: 10082"
"771314","class","Awaitable.","10083","private sealed class Awaitable.<>c // TypeDefIndex: 10083"
"771344","class","Awaitable","10084","public class Awaitable : IEnumerator // TypeDefIndex: 10084"
"771486","class","Behaviour","10085","public class Behaviour : Component // TypeDefIndex: 10085"
"771521","struct","CastHelper","10086","internal struct CastHelper<T> // TypeDefIndex: 10086"
"771529","class","ClassLibraryInitializer","10087","internal static class ClassLibraryInitializer // TypeDefIndex: 10087"
"771541","struct","AssemblyVersion","10088","internal struct AssemblyVersion // TypeDefIndex: 10088"
"771567","struct","AssemblyFullName","10089","internal struct AssemblyFullName // TypeDefIndex: 10089"
"771595","class","Component","10090","public class Component : Object // TypeDefIndex: 10090"
"771828","class","Coroutine.BindingsMarshaller","10091","internal static class Coroutine.BindingsMarshaller // TypeDefIndex: 10091"
"771839","class","Coroutine","10092","public sealed class Coroutine : YieldInstruction // TypeDefIndex: 10092"
"771859","class","SetupCoroutine","10093","internal class SetupCoroutine // TypeDefIndex: 10093"
"771873","class","CustomYieldInstruction","10094","public abstract class CustomYieldInstruction : IEnumerator // TypeDefIndex: 10094"
"771899","struct","EnumData","10095","internal struct EnumData // TypeDefIndex: 10095"
"771914","enum","EnumDataUtility.CachedType","10096","public enum EnumDataUtility.CachedType // TypeDefIndex: 10096"
"771926","class","EnumDataUtility.","10097","private sealed class EnumDataUtility.<>c // TypeDefIndex: 10097"
"771962","class","EnumDataUtility.","10098","private sealed class EnumDataUtility.<>c__DisplayClass2_0 // TypeDefIndex: 10098"
"771978","struct","EnumDataUtility.","10099","private struct EnumDataUtility.<>c__DisplayClass8_0 // TypeDefIndex: 10099"
"771987","class","EnumDataUtility","10100","internal static class EnumDataUtility // TypeDefIndex: 10100"
"772020","class","ExcludeFromObjectFactoryAttribute","10101","public class ExcludeFromObjectFactoryAttribute : Attribute // TypeDefIndex: 10101"
"772032","class","ExtensionOfNativeClassAttribute","10102","internal sealed class ExtensionOfNativeClassAttribute : Attribute // TypeDefIndex: 10102"
"772044","class","FailedToLoadScriptObject","10103","internal class FailedToLoadScriptObject : Object // TypeDefIndex: 10103"
"772051","class","GameObject","10104","public sealed class GameObject : Object // TypeDefIndex: 10104"
"772424","class","InspectorOrderAttribute","10105","public sealed class InspectorOrderAttribute : PropertyAttribute // TypeDefIndex: 10105"
"772450","enum","InspectorSort","10106","public enum InspectorSort // TypeDefIndex: 10106"
"772459","enum","InspectorSortDirection","10107","public enum InspectorSortDirection // TypeDefIndex: 10107"
"772472","struct","LayerMask","10108","public struct LayerMask // TypeDefIndex: 10108"
"772506","struct","LazyLoadReference","10109","public struct LazyLoadReference<T> // TypeDefIndex: 10109"
"772553","class","ManagedStreamHelpers","10110","internal static class ManagedStreamHelpers // TypeDefIndex: 10110"
"772578","class","MonoBehaviour","10111","public class MonoBehaviour : Behaviour // TypeDefIndex: 10111"
"772758","class","NoAllocHelpers.ListPrivateFieldAccess","10112","private class NoAllocHelpers.ListPrivateFieldAccess<T> // TypeDefIndex: 10112"
"772767","class","NoAllocHelpers","10113","internal static class NoAllocHelpers // TypeDefIndex: 10113"
"772888","struct","RangeInt","10114","public struct RangeInt // TypeDefIndex: 10114"
"772907","enum","RuntimeInitializeLoadType","10115","public enum RuntimeInitializeLoadType // TypeDefIndex: 10115"
"772921","class","RuntimeInitializeOnLoadMethodAttribute","10116","public class RuntimeInitializeOnLoadMethodAttribute : PreserveAttribute // TypeDefIndex: 10116"
"772943","class","ScriptableObject","10117","public class ScriptableObject : Object // TypeDefIndex: 10117"
"772976","class","ScriptingRuntime","10118","internal class ScriptingRuntime // TypeDefIndex: 10118"
"772985","struct","ScriptingUtility.TestClass","10119","private struct ScriptingUtility.TestClass // TypeDefIndex: 10119"
"772992","class","ScriptingUtility","10120","internal class ScriptingUtility // TypeDefIndex: 10120"
"773007","class","SelectionBaseAttribute","10121","public class SelectionBaseAttribute : Attribute // TypeDefIndex: 10121"
"773016","class","StackTraceUtility","10122","public static class StackTraceUtility // TypeDefIndex: 10122"
"773045","class","UnityException","10123","public class UnityException : Exception // TypeDefIndex: 10123"
"773061","class","MissingReferenceException","10124","public class MissingReferenceException : Exception // TypeDefIndex: 10124"
"773076","enum","TextAsset.CreateOptions","10125","internal enum TextAsset.CreateOptions // TypeDefIndex: 10125"
"773085","class","TextAsset.EncodingUtility","10126","private static class TextAsset.EncodingUtility // TypeDefIndex: 10126"
"773099","class","TextAsset","10127","public class TextAsset : Object // TypeDefIndex: 10127"
"773160","class","TrackedReference","10128","public class TrackedReference // TypeDefIndex: 10128"
"773187","class","UnhandledExceptionHandler.","10129","private sealed class UnhandledExceptionHandler.<>c // TypeDefIndex: 10129"
"773207","class","UnhandledExceptionHandler","10130","internal sealed class UnhandledExceptionHandler // TypeDefIndex: 10130"
"773218","enum","HideFlags","10131","public enum HideFlags // TypeDefIndex: 10131"
"773234","enum","FindObjectsSortMode","10132","public enum FindObjectsSortMode // TypeDefIndex: 10132"
"773243","enum","FindObjectsInactive","10133","public enum FindObjectsInactive // TypeDefIndex: 10133"
"773252","struct","InstantiateParameters","10134","public struct InstantiateParameters // TypeDefIndex: 10134"
"773263","class","Object.MarshalledUnityObject","10135","internal static class Object.MarshalledUnityObject // TypeDefIndex: 10135"
"773292","class","Object","10136","public class Object // TypeDefIndex: 10136"
"773883","struct","UnitySynchronizationContext.WorkRequest","10137","private struct UnitySynchronizationContext.WorkRequest // TypeDefIndex: 10137"
"773900","class","UnitySynchronizationContext","10138","internal sealed class UnitySynchronizationContext : SynchronizationContext // TypeDefIndex: 10138"
"773958","class","WaitForEndOfFrame","10139","public sealed class WaitForEndOfFrame : YieldInstruction // TypeDefIndex: 10139"
"773968","class","WaitForFixedUpdate","10140","public sealed class WaitForFixedUpdate : YieldInstruction // TypeDefIndex: 10140"
"773978","class","WaitForSeconds","10141","public sealed class WaitForSeconds : YieldInstruction // TypeDefIndex: 10141"
"773990","class","WaitForSecondsRealtime","10142","public class WaitForSecondsRealtime : CustomYieldInstruction // TypeDefIndex: 10142"
"774023","enum","WaitTimeoutMode","10143","public enum WaitTimeoutMode // TypeDefIndex: 10143"
"774032","class","WaitUntil","10144","public sealed class WaitUntil : CustomYieldInstruction // TypeDefIndex: 10144"
"774057","class","YieldInstruction","10145","public class YieldInstruction // TypeDefIndex: 10145"
"774067","class","SerializeField","10146","public sealed class SerializeField : Attribute // TypeDefIndex: 10146"
"774078","class","SerializeReference","10147","public sealed class SerializeReference : Attribute // TypeDefIndex: 10147"
"774090","class","PreferBinarySerialization","10148","public sealed class PreferBinarySerialization : Attribute // TypeDefIndex: 10148"
"774100","interface","ISerializationCallbackReceiver","10149","public interface ISerializationCallbackReceiver // TypeDefIndex: 10149"
"774114","class","ComputeBuffer.BindingsMarshaller","10150","internal static class ComputeBuffer.BindingsMarshaller // TypeDefIndex: 10150"
"774127","class","ComputeBuffer","10151","public sealed class ComputeBuffer : IDisposable // TypeDefIndex: 10151"
"774245","class","ComputeShader","10152","public sealed class ComputeShader : Object // TypeDefIndex: 10152"
"774350","class","ShaderVariantCollection","10153","public sealed class ShaderVariantCollection : Object // TypeDefIndex: 10153"
"774363","class","LowerResBlitTexture","10154","internal class LowerResBlitTexture : Object // TypeDefIndex: 10154"
"774373","class","PreloadData","10155","internal class PreloadData : Object // TypeDefIndex: 10155"
"774383","enum","OperatingSystemFamily","10156","public enum OperatingSystemFamily // TypeDefIndex: 10156"
"774394","enum","DeviceType","10157","public enum DeviceType // TypeDefIndex: 10157"
"774412","class","SystemInfo","10158","public sealed class SystemInfo // TypeDefIndex: 10158"
"774843","class","SystemClock","10159","internal class SystemClock // TypeDefIndex: 10159"
"774863","class","Time","10160","public class Time // TypeDefIndex: 10160"
"774940","struct","TouchScreenKeyboard_InternalConstructorHelperArguments","10161","internal struct TouchScreenKeyboard_InternalConstructorHelperArguments // TypeDefIndex: 10161"
"774952","enum","TouchScreenKeyboard.Status","10162","public enum TouchScreenKeyboard.Status // TypeDefIndex: 10162"
"774963","enum","TouchScreenKeyboard.InputFieldAppearance","10163","public enum TouchScreenKeyboard.InputFieldAppearance // TypeDefIndex: 10163"
"774973","class","TouchScreenKeyboard.BindingsMarshaller","10164","internal static class TouchScreenKeyboard.BindingsMarshaller // TypeDefIndex: 10164"
"774985","class","TouchScreenKeyboard","10165","public class TouchScreenKeyboard // TypeDefIndex: 10165"
"775127","enum","TouchScreenKeyboardType","10166","public enum TouchScreenKeyboardType // TypeDefIndex: 10166"
"775149","class","UINumericFieldsUtils","10167","internal static class UINumericFieldsUtils // TypeDefIndex: 10167"
"775194","class","NameFormatter","10168","internal sealed class NameFormatter // TypeDefIndex: 10168"
"775208","enum","DrivenTransformProperties","10169","public enum DrivenTransformProperties // TypeDefIndex: 10169"
"775240","struct","DrivenRectTransformTracker","10170","public struct DrivenRectTransformTracker // TypeDefIndex: 10170"
"775252","enum","RectTransform.Axis","10171","public enum RectTransform.Axis // TypeDefIndex: 10171"
"775261","class","RectTransform.ReapplyDrivenProperties","10172","public sealed class RectTransform.ReapplyDrivenProperties : MulticastDelegate // TypeDefIndex: 10172"
"775275","class","RectTransform","10173","public sealed class RectTransform : Transform // TypeDefIndex: 10173"
"775415","class","Transform.Enumerator","10174","private class Transform.Enumerator : IEnumerator // TypeDefIndex: 10174"
"775444","class","Transform","10175","public class Transform : Component, IEnumerable // TypeDefIndex: 10175"
"775783","class","APIUpdaterRuntimeHelpers","10176","internal class APIUpdaterRuntimeHelpers // TypeDefIndex: 10176"
"775805","class","Profiler","10177","public sealed class Profiler // TypeDefIndex: 10177"
"775827","class","Recorder","10178","public sealed class Recorder // TypeDefIndex: 10178"
"775881","class","Sampler","10179","public class Sampler // TypeDefIndex: 10179"
"775912","class","CustomSampler.BindingsMarshaller","10180","internal static class CustomSampler.BindingsMarshaller // TypeDefIndex: 10180"
"775924","class","CustomSampler","10181","public sealed class CustomSampler : Sampler // TypeDefIndex: 10181"
"775946","interface","IJobParallelForTransform","10182","public interface IJobParallelForTransform // TypeDefIndex: 10182"
"775955","struct","IJobParallelForTransformExtensions.TransformParallelForLoopStruct.TransformJobData","10183","private struct IJobParallelForTransformExtensions.TransformParallelForLoopStruct.TransformJobData<T> // TypeDefIndex: 10183"
"775963","class","IJobParallelForTransformExtensions.TransformParallelForLoopStruct.ExecuteJobFunction","10184","public sealed class IJobParallelForTransformExtensions.TransformParallelForLoopStruct.ExecuteJobFunction<T> : MulticastDelegate // TypeDefIndex: 10184"
"775991","struct","IJobParallelForTransformExtensions.TransformParallelForLoopStruct","10185","internal struct IJobParallelForTransformExtensions.TransformParallelForLoopStruct<T> // TypeDefIndex: 10185"
"776035","class","IJobParallelForTransformExtensions","10186","public static class IJobParallelForTransformExtensions // TypeDefIndex: 10186"
"776065","struct","TransformAccess","10187","public struct TransformAccess // TypeDefIndex: 10187"
"776111","struct","TransformAccessArray","10188","public struct TransformAccessArray : IDisposable // TypeDefIndex: 10188"
"776191","enum","PersistentListenerMode","10189","public enum PersistentListenerMode // TypeDefIndex: 10189"
"776205","class","UnityEventTools","10190","internal class UnityEventTools // TypeDefIndex: 10190"
"776215","class","ArgumentCache","10191","internal class ArgumentCache : ISerializationCallbackReceiver // TypeDefIndex: 10191"
"776275","class","BaseInvokableCall","10192","internal abstract class BaseInvokableCall // TypeDefIndex: 10192"
"776325","class","InvokableCall","10193","internal class InvokableCall : BaseInvokableCall // TypeDefIndex: 10193"
"776359","class","InvokableCall","10194","internal class InvokableCall<T1> : BaseInvokableCall // TypeDefIndex: 10194"
"776575","class","InvokableCall","10195","internal class InvokableCall<T1, T2> : BaseInvokableCall // TypeDefIndex: 10195"
"776665","class","InvokableCall","10196","internal class InvokableCall<T1, T2, T3> : BaseInvokableCall // TypeDefIndex: 10196"
"776720","class","InvokableCall","10197","internal class InvokableCall<T1, T2, T3, T4> : BaseInvokableCall // TypeDefIndex: 10197"
"776775","class","CachedInvokableCall","10198","internal class CachedInvokableCall<T> : InvokableCall<T> // TypeDefIndex: 10198"
"776844","enum","UnityEventCallState","10199","public enum UnityEventCallState // TypeDefIndex: 10199"
"776855","class","PersistentCall","10200","internal class PersistentCall : ISerializationCallbackReceiver // TypeDefIndex: 10200"
"776922","class","PersistentCallGroup","10201","internal class PersistentCallGroup // TypeDefIndex: 10201"
"776948","class","InvokableCallList","10202","internal class InvokableCallList // TypeDefIndex: 10202"
"776989","class","UnityEventBase","10203","public abstract class UnityEventBase : ISerializationCallbackReceiver // TypeDefIndex: 10203"
"777056","class","UnityAction","10204","public sealed class UnityAction : MulticastDelegate // TypeDefIndex: 10204"
"777069","class","UnityEvent","10205","public class UnityEvent : UnityEventBase // TypeDefIndex: 10205"
"777100","class","UnityAction","10206","public sealed class UnityAction<T0> : MulticastDelegate // TypeDefIndex: 10206"
"777171","class","UnityEvent","10207","public class UnityEvent<T0> : UnityEventBase // TypeDefIndex: 10207"
"777384","class","UnityAction","10208","public sealed class UnityAction<T0, T1> : MulticastDelegate // TypeDefIndex: 10208"
"777425","class","UnityEvent","10209","public class UnityEvent<T0, T1> : UnityEventBase // TypeDefIndex: 10209"
"777512","class","UnityAction","10210","public sealed class UnityAction<T0, T1, T2> : MulticastDelegate // TypeDefIndex: 10210"
"777541","class","UnityEvent","10211","public class UnityEvent<T0, T1, T2> : UnityEventBase // TypeDefIndex: 10211"
"777595","class","UnityAction","10212","public sealed class UnityAction<T0, T1, T2, T3> : MulticastDelegate // TypeDefIndex: 10212"
"777624","class","UnityEvent","10213","public class UnityEvent<T0, T1, T2, T3> : UnityEventBase // TypeDefIndex: 10213"
"777680","class","FormerlySerializedAsAttribute","10214","public class FormerlySerializedAsAttribute : Attribute // TypeDefIndex: 10214"
"777693","class","ElementInfoAttribute","10215","public sealed class ElementInfoAttribute : Attribute // TypeDefIndex: 10215"
"777718","class","CategoryInfoAttribute","10216","public sealed class CategoryInfoAttribute : Attribute // TypeDefIndex: 10216"
"777748","struct","Unmarshal","10217","internal struct Unmarshal // TypeDefIndex: 10217"
"777766","class","ThrowHelper","10218","internal static class ThrowHelper // TypeDefIndex: 10218"
"777780","struct","BindingsAllocator.NativeOwnedMemory","10219","private struct BindingsAllocator.NativeOwnedMemory // TypeDefIndex: 10219"
"777790","class","BindingsAllocator","10220","internal static class BindingsAllocator // TypeDefIndex: 10220"
"777807","enum","BlittableArrayWrapper.UpdateFlags","10221","internal enum BlittableArrayWrapper.UpdateFlags // TypeDefIndex: 10221"
"777823","struct","BlittableArrayWrapper","10222","internal struct BlittableArrayWrapper // TypeDefIndex: 10222"
"777902","struct","BlittableListWrapper","10223","internal struct BlittableListWrapper // TypeDefIndex: 10223"
"777930","class","ExceptionMarshaller","10224","internal static class ExceptionMarshaller // TypeDefIndex: 10224"
"777948","struct","ManagedSpanWrapper","10225","internal struct ManagedSpanWrapper // TypeDefIndex: 10225"
"777962","class","StringMarshaller","10226","internal static class StringMarshaller // TypeDefIndex: 10226"
"777974","struct","OutStringMarshaller","10227","internal struct OutStringMarshaller // TypeDefIndex: 10227"
"777984","class","AlwaysLinkAssemblyAttribute","10228","public class AlwaysLinkAssemblyAttribute : Attribute // TypeDefIndex: 10228"
"777995","class","PreserveAttribute","10229","public class PreserveAttribute : Attribute // TypeDefIndex: 10229"
"778005","class","RequiredMemberAttribute","10230","public class RequiredMemberAttribute : Attribute // TypeDefIndex: 10230"
"778015","struct","MovedFromAttributeData","10231","internal struct MovedFromAttributeData // TypeDefIndex: 10231"
"778034","class","MovedFromAttribute","10232","public class MovedFromAttribute : Attribute // TypeDefIndex: 10232"
"778052","struct","Scene","10233","public struct Scene // TypeDefIndex: 10233"
"778144","class","SceneManagerAPIInternal","10234","internal static class SceneManagerAPIInternal // TypeDefIndex: 10234"
"778160","class","SceneManagerAPI","10235","public class SceneManagerAPI // TypeDefIndex: 10235"
"778200","class","SceneManager","10236","public class SceneManager // TypeDefIndex: 10236"
"778323","enum","LoadSceneMode","10237","public enum LoadSceneMode // TypeDefIndex: 10237"
"778333","enum","LocalPhysicsMode","10238","public enum LocalPhysicsMode // TypeDefIndex: 10238"
"778344","struct","LoadSceneParameters","10239","public struct LoadSceneParameters // TypeDefIndex: 10239"
"778360","enum","UnloadSceneOptions","10240","public enum UnloadSceneOptions // TypeDefIndex: 10240"
"778372","struct","PlayerLoopSystemInternal","10241","internal struct PlayerLoopSystemInternal // TypeDefIndex: 10241"
"778383","class","PlayerLoopSystem.UpdateFunction","10242","public sealed class PlayerLoopSystem.UpdateFunction : MulticastDelegate // TypeDefIndex: 10242"
"778396","struct","PlayerLoopSystem","10243","public struct PlayerLoopSystem // TypeDefIndex: 10243"
"778413","class","PlayerLoop","10244","public class PlayerLoop // TypeDefIndex: 10244"
"778440","struct","TimeUpdate.WaitForLastPresentationAndUpdateTime","10245","public struct TimeUpdate.WaitForLastPresentationAndUpdateTime // TypeDefIndex: 10245"
"778445","struct","TimeUpdate","10246","public struct TimeUpdate // TypeDefIndex: 10246"
"778450","struct","Initialization.ProfilerStartFrame","10247","public struct Initialization.ProfilerStartFrame // TypeDefIndex: 10247"
"778455","struct","Initialization.UpdateCameraMotionVectors","10248","public struct Initialization.UpdateCameraMotionVectors // TypeDefIndex: 10248"
"778460","struct","Initialization.DirectorSampleTime","10249","public struct Initialization.DirectorSampleTime // TypeDefIndex: 10249"
"778465","struct","Initialization.AsyncUploadTimeSlicedUpdate","10250","public struct Initialization.AsyncUploadTimeSlicedUpdate // TypeDefIndex: 10250"
"778470","struct","Initialization.SynchronizeState","10251","public struct Initialization.SynchronizeState // TypeDefIndex: 10251"
"778475","struct","Initialization.SynchronizeInputs","10252","public struct Initialization.SynchronizeInputs // TypeDefIndex: 10252"
"778480","struct","Initialization.XREarlyUpdate","10253","public struct Initialization.XREarlyUpdate // TypeDefIndex: 10253"
"778486","struct","Initialization","10254","public struct Initialization // TypeDefIndex: 10254"
"778491","struct","EarlyUpdate.PollPlayerConnection","10255","public struct EarlyUpdate.PollPlayerConnection // TypeDefIndex: 10255"
"778496","struct","EarlyUpdate.PollHtcsPlayerConnection","10256","public struct EarlyUpdate.PollHtcsPlayerConnection // TypeDefIndex: 10256"
"778501","struct","EarlyUpdate.GpuTimestamp","10257","public struct EarlyUpdate.GpuTimestamp // TypeDefIndex: 10257"
"778506","struct","EarlyUpdate.AnalyticsCoreStatsUpdate","10258","public struct EarlyUpdate.AnalyticsCoreStatsUpdate // TypeDefIndex: 10258"
"778511","struct","EarlyUpdate.InsightsUpdate","10259","public struct EarlyUpdate.InsightsUpdate // TypeDefIndex: 10259"
"778516","struct","EarlyUpdate.UnityWebRequestUpdate","10260","public struct EarlyUpdate.UnityWebRequestUpdate // TypeDefIndex: 10260"
"778521","struct","EarlyUpdate.UpdateStreamingManager","10261","public struct EarlyUpdate.UpdateStreamingManager // TypeDefIndex: 10261"
"778526","struct","EarlyUpdate.ExecuteMainThreadJobs","10262","public struct EarlyUpdate.ExecuteMainThreadJobs // TypeDefIndex: 10262"
"778531","struct","EarlyUpdate.ProcessMouseInWindow","10263","public struct EarlyUpdate.ProcessMouseInWindow // TypeDefIndex: 10263"
"778536","struct","EarlyUpdate.ClearIntermediateRenderers","10264","public struct EarlyUpdate.ClearIntermediateRenderers // TypeDefIndex: 10264"
"778541","struct","EarlyUpdate.ClearLines","10265","public struct EarlyUpdate.ClearLines // TypeDefIndex: 10265"
"778546","struct","EarlyUpdate.PresentBeforeUpdate","10266","public struct EarlyUpdate.PresentBeforeUpdate // TypeDefIndex: 10266"
"778551","struct","EarlyUpdate.ResetFrameStatsAfterPresent","10267","public struct EarlyUpdate.ResetFrameStatsAfterPresent // TypeDefIndex: 10267"
"778556","struct","EarlyUpdate.UpdateAsyncReadbackManager","10268","public struct EarlyUpdate.UpdateAsyncReadbackManager // TypeDefIndex: 10268"
"778561","struct","EarlyUpdate.UpdateTextureStreamingManager","10269","public struct EarlyUpdate.UpdateTextureStreamingManager // TypeDefIndex: 10269"
"778566","struct","EarlyUpdate.UpdatePreloading","10270","public struct EarlyUpdate.UpdatePreloading // TypeDefIndex: 10270"
"778571","struct","EarlyUpdate.UpdateContentLoading","10271","public struct EarlyUpdate.UpdateContentLoading // TypeDefIndex: 10271"
"778576","struct","EarlyUpdate.UpdateAsyncInstantiate","10272","public struct EarlyUpdate.UpdateAsyncInstantiate // TypeDefIndex: 10272"
"778581","struct","EarlyUpdate.RendererNotifyInvisible","10273","public struct EarlyUpdate.RendererNotifyInvisible // TypeDefIndex: 10273"
"778586","struct","EarlyUpdate.PlayerCleanupCachedData","10274","public struct EarlyUpdate.PlayerCleanupCachedData // TypeDefIndex: 10274"
"778591","struct","EarlyUpdate.UpdateMainGameViewRect","10275","public struct EarlyUpdate.UpdateMainGameViewRect // TypeDefIndex: 10275"
"778596","struct","EarlyUpdate.UpdateCanvasRectTransform","10276","public struct EarlyUpdate.UpdateCanvasRectTransform // TypeDefIndex: 10276"
"778601","struct","EarlyUpdate.UpdateInputManager","10277","public struct EarlyUpdate.UpdateInputManager // TypeDefIndex: 10277"
"778606","struct","EarlyUpdate.ProcessRemoteInput","10278","public struct EarlyUpdate.ProcessRemoteInput // TypeDefIndex: 10278"
"778611","struct","EarlyUpdate.XRUpdate","10279","public struct EarlyUpdate.XRUpdate // TypeDefIndex: 10279"
"778616","struct","EarlyUpdate.ScriptRunDelayedStartupFrame","10280","public struct EarlyUpdate.ScriptRunDelayedStartupFrame // TypeDefIndex: 10280"
"778621","struct","EarlyUpdate.UpdateKinect","10281","public struct EarlyUpdate.UpdateKinect // TypeDefIndex: 10281"
"778626","struct","EarlyUpdate.DeliverIosPlatformEvents","10282","public struct EarlyUpdate.DeliverIosPlatformEvents // TypeDefIndex: 10282"
"778631","struct","EarlyUpdate.DispatchEventQueueEvents","10283","public struct EarlyUpdate.DispatchEventQueueEvents // TypeDefIndex: 10283"
"778636","struct","EarlyUpdate.Physics2DEarlyUpdate","10284","public struct EarlyUpdate.Physics2DEarlyUpdate // TypeDefIndex: 10284"
"778641","struct","EarlyUpdate.PhysicsResetInterpolatedTransformPosition","10285","public struct EarlyUpdate.PhysicsResetInterpolatedTransformPosition // TypeDefIndex: 10285"
"778646","struct","EarlyUpdate.SpriteAtlasManagerUpdate","10286","public struct EarlyUpdate.SpriteAtlasManagerUpdate // TypeDefIndex: 10286"
"778652","struct","EarlyUpdate.TangoUpdate","10287","public struct EarlyUpdate.TangoUpdate // TypeDefIndex: 10287"
"778657","struct","EarlyUpdate.ARCoreUpdate","10288","public struct EarlyUpdate.ARCoreUpdate // TypeDefIndex: 10288"
"778662","struct","EarlyUpdate.PerformanceAnalyticsUpdate","10289","public struct EarlyUpdate.PerformanceAnalyticsUpdate // TypeDefIndex: 10289"
"778667","struct","EarlyUpdate.TilemapRendererEarlyUpdate","10290","public struct EarlyUpdate.TilemapRendererEarlyUpdate // TypeDefIndex: 10290"
"778673","struct","EarlyUpdate","10291","public struct EarlyUpdate // TypeDefIndex: 10291"
"778678","struct","FixedUpdate.ClearLines","10292","public struct FixedUpdate.ClearLines // TypeDefIndex: 10292"
"778683","struct","FixedUpdate.DirectorFixedSampleTime","10293","public struct FixedUpdate.DirectorFixedSampleTime // TypeDefIndex: 10293"
"778688","struct","FixedUpdate.AudioFixedUpdate","10294","public struct FixedUpdate.AudioFixedUpdate // TypeDefIndex: 10294"
"778693","struct","FixedUpdate.ScriptRunBehaviourFixedUpdate","10295","public struct FixedUpdate.ScriptRunBehaviourFixedUpdate // TypeDefIndex: 10295"
"778698","struct","FixedUpdate.DirectorFixedUpdate","10296","public struct FixedUpdate.DirectorFixedUpdate // TypeDefIndex: 10296"
"778703","struct","FixedUpdate.LegacyFixedAnimationUpdate","10297","public struct FixedUpdate.LegacyFixedAnimationUpdate // TypeDefIndex: 10297"
"778708","struct","FixedUpdate.XRFixedUpdate","10298","public struct FixedUpdate.XRFixedUpdate // TypeDefIndex: 10298"
"778713","struct","FixedUpdate.PhysicsFixedUpdate","10299","public struct FixedUpdate.PhysicsFixedUpdate // TypeDefIndex: 10299"
"778718","struct","FixedUpdate.Physics2DFixedUpdate","10300","public struct FixedUpdate.Physics2DFixedUpdate // TypeDefIndex: 10300"
"778723","struct","FixedUpdate.PhysicsClothFixedUpdate","10301","private struct FixedUpdate.PhysicsClothFixedUpdate // TypeDefIndex: 10301"
"778728","struct","FixedUpdate.DirectorFixedUpdatePostPhysics","10302","public struct FixedUpdate.DirectorFixedUpdatePostPhysics // TypeDefIndex: 10302"
"778733","struct","FixedUpdate.ScriptRunDelayedFixedFrameRate","10303","public struct FixedUpdate.ScriptRunDelayedFixedFrameRate // TypeDefIndex: 10303"
"778738","struct","FixedUpdate.NewInputFixedUpdate","10304","public struct FixedUpdate.NewInputFixedUpdate // TypeDefIndex: 10304"
"778744","struct","FixedUpdate","10305","public struct FixedUpdate // TypeDefIndex: 10305"
"778749","struct","PreUpdate.PhysicsUpdate","10306","public struct PreUpdate.PhysicsUpdate // TypeDefIndex: 10306"
"778754","struct","PreUpdate.Physics2DUpdate","10307","public struct PreUpdate.Physics2DUpdate // TypeDefIndex: 10307"
"778759","struct","PreUpdate.PhysicsClothUpdate","10308","internal struct PreUpdate.PhysicsClothUpdate // TypeDefIndex: 10308"
"778764","struct","PreUpdate.CheckTexFieldInput","10309","public struct PreUpdate.CheckTexFieldInput // TypeDefIndex: 10309"
"778769","struct","PreUpdate.IMGUISendQueuedEvents","10310","public struct PreUpdate.IMGUISendQueuedEvents // TypeDefIndex: 10310"
"778774","struct","PreUpdate.SendMouseEvents","10311","public struct PreUpdate.SendMouseEvents // TypeDefIndex: 10311"
"778779","struct","PreUpdate.AIUpdate","10312","public struct PreUpdate.AIUpdate // TypeDefIndex: 10312"
"778784","struct","PreUpdate.WindUpdate","10313","public struct PreUpdate.WindUpdate // TypeDefIndex: 10313"
"778789","struct","PreUpdate.UpdateVideo","10314","public struct PreUpdate.UpdateVideo // TypeDefIndex: 10314"
"778794","struct","PreUpdate.NewInputUpdate","10315","public struct PreUpdate.NewInputUpdate // TypeDefIndex: 10315"
"778799","struct","PreUpdate.InputForUIUpdate","10316","public struct PreUpdate.InputForUIUpdate // TypeDefIndex: 10316"
"778805","struct","PreUpdate","10317","public struct PreUpdate // TypeDefIndex: 10317"
"778810","struct","Update.ScriptRunBehaviourUpdate","10318","public struct Update.ScriptRunBehaviourUpdate // TypeDefIndex: 10318"
"778815","struct","Update.DirectorUpdate","10319","public struct Update.DirectorUpdate // TypeDefIndex: 10319"
"778820","struct","Update.ScriptRunDelayedDynamicFrameRate","10320","public struct Update.ScriptRunDelayedDynamicFrameRate // TypeDefIndex: 10320"
"778825","struct","Update.ScriptRunDelayedTasks","10321","public struct Update.ScriptRunDelayedTasks // TypeDefIndex: 10321"
"778831","struct","Update","10322","public struct Update // TypeDefIndex: 10322"
"778836","struct","PreLateUpdate.Physics2DLateUpdate","10323","public struct PreLateUpdate.Physics2DLateUpdate // TypeDefIndex: 10323"
"778841","struct","PreLateUpdate.PhysicsLateUpdate","10324","public struct PreLateUpdate.PhysicsLateUpdate // TypeDefIndex: 10324"
"778846","struct","PreLateUpdate.AIUpdatePostScript","10325","public struct PreLateUpdate.AIUpdatePostScript // TypeDefIndex: 10325"
"778851","struct","PreLateUpdate.DirectorUpdateAnimationBegin","10326","public struct PreLateUpdate.DirectorUpdateAnimationBegin // TypeDefIndex: 10326"
"778856","struct","PreLateUpdate.LegacyAnimationUpdate","10327","public struct PreLateUpdate.LegacyAnimationUpdate // TypeDefIndex: 10327"
"778861","struct","PreLateUpdate.DirectorUpdateAnimationEnd","10328","public struct PreLateUpdate.DirectorUpdateAnimationEnd // TypeDefIndex: 10328"
"778866","struct","PreLateUpdate.DirectorDeferredEvaluate","10329","public struct PreLateUpdate.DirectorDeferredEvaluate // TypeDefIndex: 10329"
"778871","struct","PreLateUpdate.AccessibilityUpdate","10330","public struct PreLateUpdate.AccessibilityUpdate // TypeDefIndex: 10330"
"778876","struct","PreLateUpdate.UIElementsUpdatePanels","10331","public struct PreLateUpdate.UIElementsUpdatePanels // TypeDefIndex: 10331"
"778881","struct","PreLateUpdate.UpdateNetworkManager","10332","public struct PreLateUpdate.UpdateNetworkManager // TypeDefIndex: 10332"
"778886","struct","PreLateUpdate.UpdateMasterServerInterface","10333","public struct PreLateUpdate.UpdateMasterServerInterface // TypeDefIndex: 10333"
"778891","struct","PreLateUpdate.EndGraphicsJobsAfterScriptUpdate","10334","public struct PreLateUpdate.EndGraphicsJobsAfterScriptUpdate // TypeDefIndex: 10334"
"778896","struct","PreLateUpdate.ParticleSystemBeginUpdateAll","10335","public struct PreLateUpdate.ParticleSystemBeginUpdateAll // TypeDefIndex: 10335"
"778901","struct","PreLateUpdate.ScriptRunBehaviourLateUpdate","10336","public struct PreLateUpdate.ScriptRunBehaviourLateUpdate // TypeDefIndex: 10336"
"778906","struct","PreLateUpdate.ConstraintManagerUpdate","10337","public struct PreLateUpdate.ConstraintManagerUpdate // TypeDefIndex: 10337"
"778912","struct","PreLateUpdate","10338","public struct PreLateUpdate // TypeDefIndex: 10338"
"778917","struct","PostLateUpdate.PlayerSendFrameStarted","10339","public struct PostLateUpdate.PlayerSendFrameStarted // TypeDefIndex: 10339"
"778922","struct","PostLateUpdate.UpdateRectTransform","10340","public struct PostLateUpdate.UpdateRectTransform // TypeDefIndex: 10340"
"778927","struct","PostLateUpdate.UpdateCanvasRectTransform","10341","public struct PostLateUpdate.UpdateCanvasRectTransform // TypeDefIndex: 10341"
"778932","struct","PostLateUpdate.PlayerUpdateCanvases","10342","public struct PostLateUpdate.PlayerUpdateCanvases // TypeDefIndex: 10342"
"778937","struct","PostLateUpdate.UIElementsRepaintPanels","10343","internal struct PostLateUpdate.UIElementsRepaintPanels // TypeDefIndex: 10343"
"778942","struct","PostLateUpdate.UpdateAudio","10344","public struct PostLateUpdate.UpdateAudio // TypeDefIndex: 10344"
"778947","struct","PostLateUpdate.UpdateVideo","10345","public struct PostLateUpdate.UpdateVideo // TypeDefIndex: 10345"
"778952","struct","PostLateUpdate.DirectorLateUpdate","10346","public struct PostLateUpdate.DirectorLateUpdate // TypeDefIndex: 10346"
"778957","struct","PostLateUpdate.ScriptRunDelayedDynamicFrameRate","10347","public struct PostLateUpdate.ScriptRunDelayedDynamicFrameRate // TypeDefIndex: 10347"
"778962","struct","PostLateUpdate.VFXUpdate","10348","public struct PostLateUpdate.VFXUpdate // TypeDefIndex: 10348"
"778967","struct","PostLateUpdate.ParticleSystemEndUpdateAll","10349","public struct PostLateUpdate.ParticleSystemEndUpdateAll // TypeDefIndex: 10349"
"778972","struct","PostLateUpdate.EndGraphicsJobsAfterScriptLateUpdate","10350","public struct PostLateUpdate.EndGraphicsJobsAfterScriptLateUpdate // TypeDefIndex: 10350"
"778977","struct","PostLateUpdate.UpdateSubstance","10351","public struct PostLateUpdate.UpdateSubstance // TypeDefIndex: 10351"
"778982","struct","PostLateUpdate.UpdateCustomRenderTextures","10352","public struct PostLateUpdate.UpdateCustomRenderTextures // TypeDefIndex: 10352"
"778987","struct","PostLateUpdate.XRPostLateUpdate","10353","public struct PostLateUpdate.XRPostLateUpdate // TypeDefIndex: 10353"
"778992","struct","PostLateUpdate.UpdateAllRenderers","10354","public struct PostLateUpdate.UpdateAllRenderers // TypeDefIndex: 10354"
"778997","struct","PostLateUpdate.UpdateLightProbeProxyVolumes","10355","public struct PostLateUpdate.UpdateLightProbeProxyVolumes // TypeDefIndex: 10355"
"779002","struct","PostLateUpdate.EnlightenRuntimeUpdate","10356","public struct PostLateUpdate.EnlightenRuntimeUpdate // TypeDefIndex: 10356"
"779007","struct","PostLateUpdate.UpdateAllSkinnedMeshes","10357","public struct PostLateUpdate.UpdateAllSkinnedMeshes // TypeDefIndex: 10357"
"779012","struct","PostLateUpdate.ProcessWebSendMessages","10358","public struct PostLateUpdate.ProcessWebSendMessages // TypeDefIndex: 10358"
"779017","struct","PostLateUpdate.SortingGroupsUpdate","10359","public struct PostLateUpdate.SortingGroupsUpdate // TypeDefIndex: 10359"
"779022","struct","PostLateUpdate.UpdateVideoTextures","10360","public struct PostLateUpdate.UpdateVideoTextures // TypeDefIndex: 10360"
"779027","struct","PostLateUpdate.DirectorRenderImage","10361","public struct PostLateUpdate.DirectorRenderImage // TypeDefIndex: 10361"
"779032","struct","PostLateUpdate.PlayerEmitCanvasGeometry","10362","public struct PostLateUpdate.PlayerEmitCanvasGeometry // TypeDefIndex: 10362"
"779037","struct","PostLateUpdate.UIElementsRenderBatchModeOffscreen","10363","internal struct PostLateUpdate.UIElementsRenderBatchModeOffscreen // TypeDefIndex: 10363"
"779042","struct","PostLateUpdate.FinishFrameRendering","10364","public struct PostLateUpdate.FinishFrameRendering // TypeDefIndex: 10364"
"779047","struct","PostLateUpdate.BatchModeUpdate","10365","public struct PostLateUpdate.BatchModeUpdate // TypeDefIndex: 10365"
"779052","struct","PostLateUpdate.PlayerSendFrameComplete","10366","public struct PostLateUpdate.PlayerSendFrameComplete // TypeDefIndex: 10366"
"779057","struct","PostLateUpdate.UpdateCaptureScreenshot","10367","public struct PostLateUpdate.UpdateCaptureScreenshot // TypeDefIndex: 10367"
"779062","struct","PostLateUpdate.PresentAfterDraw","10368","public struct PostLateUpdate.PresentAfterDraw // TypeDefIndex: 10368"
"779067","struct","PostLateUpdate.ClearImmediateRenderers","10369","public struct PostLateUpdate.ClearImmediateRenderers // TypeDefIndex: 10369"
"779072","struct","PostLateUpdate.XRPostPresent","10370","public struct PostLateUpdate.XRPostPresent // TypeDefIndex: 10370"
"779077","struct","PostLateUpdate.UpdateResolution","10371","public struct PostLateUpdate.UpdateResolution // TypeDefIndex: 10371"
"779082","struct","PostLateUpdate.InputEndFrame","10372","public struct PostLateUpdate.InputEndFrame // TypeDefIndex: 10372"
"779087","struct","PostLateUpdate.GUIClearEvents","10373","public struct PostLateUpdate.GUIClearEvents // TypeDefIndex: 10373"
"779092","struct","PostLateUpdate.ShaderHandleErrors","10374","public struct PostLateUpdate.ShaderHandleErrors // TypeDefIndex: 10374"
"779097","struct","PostLateUpdate.ResetInputAxis","10375","public struct PostLateUpdate.ResetInputAxis // TypeDefIndex: 10375"
"779102","struct","PostLateUpdate.ThreadedLoadingDebug","10376","public struct PostLateUpdate.ThreadedLoadingDebug // TypeDefIndex: 10376"
"779107","struct","PostLateUpdate.ProfilerSynchronizeStats","10377","public struct PostLateUpdate.ProfilerSynchronizeStats // TypeDefIndex: 10377"
"779112","struct","PostLateUpdate.MemoryFrameMaintenance","10378","public struct PostLateUpdate.MemoryFrameMaintenance // TypeDefIndex: 10378"
"779117","struct","PostLateUpdate.ExecuteGameCenterCallbacks","10379","public struct PostLateUpdate.ExecuteGameCenterCallbacks // TypeDefIndex: 10379"
"779122","struct","PostLateUpdate.XRPreEndFrame","10380","public struct PostLateUpdate.XRPreEndFrame // TypeDefIndex: 10380"
"779127","struct","PostLateUpdate.ProfilerEndFrame","10381","public struct PostLateUpdate.ProfilerEndFrame // TypeDefIndex: 10381"
"779132","struct","PostLateUpdate.GraphicsWarmupPreloadedShaders","10382","public struct PostLateUpdate.GraphicsWarmupPreloadedShaders // TypeDefIndex: 10382"
"779137","struct","PostLateUpdate.PlayerSendFramePostPresent","10383","public struct PostLateUpdate.PlayerSendFramePostPresent // TypeDefIndex: 10383"
"779142","struct","PostLateUpdate.PhysicsSkinnedClothBeginUpdate","10384","public struct PostLateUpdate.PhysicsSkinnedClothBeginUpdate // TypeDefIndex: 10384"
"779147","struct","PostLateUpdate.PhysicsSkinnedClothFinishUpdate","10385","public struct PostLateUpdate.PhysicsSkinnedClothFinishUpdate // TypeDefIndex: 10385"
"779152","struct","PostLateUpdate.TriggerEndOfFrameCallbacks","10386","public struct PostLateUpdate.TriggerEndOfFrameCallbacks // TypeDefIndex: 10386"
"779157","struct","PostLateUpdate.ObjectDispatcherPostLateUpdate","10387","public struct PostLateUpdate.ObjectDispatcherPostLateUpdate // TypeDefIndex: 10387"
"779163","struct","PostLateUpdate","10388","public struct PostLateUpdate // TypeDefIndex: 10388"
"779169","class","CollectionPool.","10389","private sealed class CollectionPool.<>c<TCollection, TItem> // TypeDefIndex: 10389"
"779438","class","CollectionPool","10390","public class CollectionPool<TCollection, TItem> // TypeDefIndex: 10390"
"779709","class","GenericPool.","10391","private sealed class GenericPool.<>c<T> // TypeDefIndex: 10391"
"779742","class","GenericPool","10392","public class GenericPool<T> // TypeDefIndex: 10392"
"779783","interface","IObjectPool","10393","public interface IObjectPool<T> // TypeDefIndex: 10393"
"779797","interface","IPool","10394","internal interface IPool // TypeDefIndex: 10394"
"779801","class","ObjectPool","10395","public class ObjectPool<T> : IDisposable, IPool, IObjectPool<T> // TypeDefIndex: 10395"
"779898","class","PoolManager","10396","internal static class PoolManager // TypeDefIndex: 10396"
"779913","struct","PooledObject","10397","public struct PooledObject<T> : IDisposable // TypeDefIndex: 10397"
"779940","class","MessageEventArgs","10398","public class MessageEventArgs // TypeDefIndex: 10398"
"779954","class","PlayerConnection.","10399","private sealed class PlayerConnection.<>c__DisplayClass12_0 // TypeDefIndex: 10399"
"779970","class","PlayerConnection.","10400","private sealed class PlayerConnection.<>c__DisplayClass13_0 // TypeDefIndex: 10400"
"779986","class","PlayerConnection.","10401","private sealed class PlayerConnection.<>c__DisplayClass20_0 // TypeDefIndex: 10401"
"780002","class","PlayerConnection","10402","public class PlayerConnection : ScriptableObject // TypeDefIndex: 10402"
"780082","class","PlayerEditorConnectionEvents.MessageEvent","10403","public class PlayerEditorConnectionEvents.MessageEvent : UnityEvent<MessageEventArgs> // TypeDefIndex: 10403"
"780092","class","PlayerEditorConnectionEvents.ConnectionChangeEvent","10404","public class PlayerEditorConnectionEvents.ConnectionChangeEvent : UnityEvent<int> // TypeDefIndex: 10404"
"780102","class","PlayerEditorConnectionEvents.MessageTypeSubscribers","10405","public class PlayerEditorConnectionEvents.MessageTypeSubscribers // TypeDefIndex: 10405"
"780127","class","PlayerEditorConnectionEvents","10406","internal class PlayerEditorConnectionEvents // TypeDefIndex: 10406"
"780165","class","DefaultValueAttribute","10407","public class DefaultValueAttribute : Attribute // TypeDefIndex: 10407"
"780190","class","ExcludeFromDocsAttribute","10408","public class ExcludeFromDocsAttribute : Attribute // TypeDefIndex: 10408"
"780200","enum","FrameData.Flags","10409","internal enum FrameData.Flags // TypeDefIndex: 10409"
"780213","struct","FrameData","10410","public struct FrameData // TypeDefIndex: 10410"
"780228","interface","INotification","10411","public interface INotification // TypeDefIndex: 10411"
"780233","interface","INotificationReceiver","10412","public interface INotificationReceiver // TypeDefIndex: 10412"
"780243","interface","IPlayableBehaviour","10413","public interface IPlayableBehaviour // TypeDefIndex: 10413"
"780282","struct","Playable","10414","public struct Playable : IEquatable<Playable> // TypeDefIndex: 10414"
"780314","class","PlayableAsset","10415","public abstract class PlayableAsset : ScriptableObject // TypeDefIndex: 10415"
"780346","class","PlayableBehaviour","10416","public abstract class PlayableBehaviour : IPlayableBehaviour, ICloneable // TypeDefIndex: 10416"
"780383","class","PlayableBinding.CreateOutputMethod","10417","internal sealed class PlayableBinding.CreateOutputMethod : MulticastDelegate // TypeDefIndex: 10417"
"780395","struct","PlayableBinding","10418","public struct PlayableBinding // TypeDefIndex: 10418"
"780417","struct","PlayableGraph","10419","public struct PlayableGraph // TypeDefIndex: 10419"
"780429","struct","PlayableHandle","10420","public struct PlayableHandle : IEquatable<PlayableHandle> // TypeDefIndex: 10420"
"780507","struct","PlayableOutput","10421","public struct PlayableOutput : IEquatable<PlayableOutput> // TypeDefIndex: 10421"
"780534","struct","PlayableOutputHandle","10422","public struct PlayableOutputHandle : IEquatable<PlayableOutputHandle> // TypeDefIndex: 10422"
"780570","struct","ScriptPlayableOutput","10423","public struct ScriptPlayableOutput // TypeDefIndex: 10423"
"780577","class","Application","10424","public static class Application // TypeDefIndex: 10424"
"780590","class","Assert","10425","public static class Assert // TypeDefIndex: 10425"
"780725","class","AssertionException","10426","public class AssertionException : Exception // TypeDefIndex: 10426"
"780743","class","AssertionMessageUtil","10427","internal class AssertionMessageUtil // TypeDefIndex: 10427"
"780765","enum","SendEventOptions","10428","public enum SendEventOptions // TypeDefIndex: 10428"
"780776","class","AnalyticsEventBase","10429","public class AnalyticsEventBase // TypeDefIndex: 10429"
"780793","class","BatchRenderGroupUsageAnalytic","10430","internal class BatchRenderGroupUsageAnalytic : AnalyticsEventBase // TypeDefIndex: 10430"
"780814","class","UaaLApplicationLaunchAnalytic","10431","internal class UaaLApplicationLaunchAnalytic : AnalyticsEventBase // TypeDefIndex: 10431"
"780834","class","ShaderRuntimeInfoAnalytic","10432","internal class ShaderRuntimeInfoAnalytic : AnalyticsEventBase // TypeDefIndex: 10432"
"780870","class","SortingGroup","10433","public sealed class SortingGroup : Behaviour // TypeDefIndex: 10433"
"780908","struct","AsyncGPUReadbackRequest","10434","public struct AsyncGPUReadbackRequest // TypeDefIndex: 10434"
"780977","struct","AsyncRequestNativeArrayData","10435","internal struct AsyncRequestNativeArrayData // TypeDefIndex: 10435"
"780996","class","AsyncGPUReadback","10436","public static class AsyncGPUReadback // TypeDefIndex: 10436"
"781023","enum","RayTracingAccelerationStructureBuildFlags","10437","public enum RayTracingAccelerationStructureBuildFlags // TypeDefIndex: 10437"
"781034","enum","IndexFormat","10438","public enum IndexFormat // TypeDefIndex: 10438"
"781044","enum","MeshUpdateFlags","10439","public enum MeshUpdateFlags // TypeDefIndex: 10439"
"781056","enum","VertexAttributeFormat","10440","public enum VertexAttributeFormat // TypeDefIndex: 10440"
"781076","enum","VertexAttribute","10441","public enum VertexAttribute // TypeDefIndex: 10441"
"781097","enum","OpaqueSortMode","10442","public enum OpaqueSortMode // TypeDefIndex: 10442"
"781107","enum","RenderBufferLoadAction","10443","public enum RenderBufferLoadAction // TypeDefIndex: 10443"
"781117","enum","RenderBufferStoreAction","10444","public enum RenderBufferStoreAction // TypeDefIndex: 10444"
"781129","enum","FastMemoryFlags","10445","public enum FastMemoryFlags // TypeDefIndex: 10445"
"781140","enum","BlendMode","10446","public enum BlendMode // TypeDefIndex: 10446"
"781159","enum","BlendOp","10447","public enum BlendOp // TypeDefIndex: 10447"
"781203","enum","CompareFunction","10448","public enum CompareFunction // TypeDefIndex: 10448"
"781220","enum","CullMode","10449","public enum CullMode // TypeDefIndex: 10449"
"781231","enum","ColorWriteMask","10450","public enum ColorWriteMask // TypeDefIndex: 10450"
"781244","enum","StencilOp","10451","public enum StencilOp // TypeDefIndex: 10451"
"781259","enum","CameraEvent","10452","public enum CameraEvent // TypeDefIndex: 10452"
"781291","class","CameraEventUtils","10453","internal static class CameraEventUtils // TypeDefIndex: 10453"
"781300","enum","BuiltinRenderTextureType","10454","public enum BuiltinRenderTextureType // TypeDefIndex: 10454"
"781333","enum","ShadowCastingMode","10455","public enum ShadowCastingMode // TypeDefIndex: 10455"
"781344","enum","LightShadowResolution","10456","public enum LightShadowResolution // TypeDefIndex: 10456"
"781357","enum","LightUnit","10457","public enum LightUnit // TypeDefIndex: 10457"
"781370","enum","GraphicsDeviceType","10458","public enum GraphicsDeviceType // TypeDefIndex: 10458"
"781412","enum","GraphicsTier","10459","public enum GraphicsTier // TypeDefIndex: 10459"
"781422","struct","SubMeshDescriptor","10460","public struct SubMeshDescriptor // TypeDefIndex: 10460"
"781530","struct","VertexAttributeDescriptor","10461","public struct VertexAttributeDescriptor : IEquatable<VertexAttributeDescriptor> // TypeDefIndex: 10461"
"781607","enum","FormatSwizzle","10462","public enum FormatSwizzle // TypeDefIndex: 10462"
"781620","struct","RenderTargetIdentifier","10463","public struct RenderTargetIdentifier : IEquatable<RenderTargetIdentifier> // TypeDefIndex: 10463"
"781688","enum","RenderTargetFlags","10464","public enum RenderTargetFlags // TypeDefIndex: 10464"
"781699","struct","RenderTargetBinding","10465","public struct RenderTargetBinding // TypeDefIndex: 10465"
"781744","enum","ReflectionProbeUsage","10466","public enum ReflectionProbeUsage // TypeDefIndex: 10466"
"781755","enum","ReflectionProbeRefreshMode","10467","public enum ReflectionProbeRefreshMode // TypeDefIndex: 10467"
"781765","enum","ShadowSamplingMode","10468","public enum ShadowSamplingMode // TypeDefIndex: 10468"
"781775","enum","LightProbeUsage","10469","public enum LightProbeUsage // TypeDefIndex: 10469"
"781786","enum","BuiltinShaderDefine","10470","public enum BuiltinShaderDefine // TypeDefIndex: 10470"
"781835","enum","TextureDimension","10471","public enum TextureDimension // TypeDefIndex: 10471"
"781851","enum","CopyTextureSupport","10472","public enum CopyTextureSupport // TypeDefIndex: 10472"
"781864","enum","ComputeQueueType","10473","public enum ComputeQueueType // TypeDefIndex: 10473"
"781874","enum","SinglePassStereoMode","10474","public enum SinglePassStereoMode // TypeDefIndex: 10474"
"781886","enum","FoveatedRenderingCaps","10475","public enum FoveatedRenderingCaps // TypeDefIndex: 10475"
"781897","enum","FoveatedRenderingMode","10476","public enum FoveatedRenderingMode // TypeDefIndex: 10476"
"781906","enum","CommandBufferExecutionFlags","10477","public enum CommandBufferExecutionFlags // TypeDefIndex: 10477"
"781916","enum","RTClearFlags","10478","public enum RTClearFlags // TypeDefIndex: 10478"
"781931","enum","RenderTextureSubElement","10479","public enum RenderTextureSubElement // TypeDefIndex: 10479"
"781942","enum","CameraLateLatchMatrixType","10480","public enum CameraLateLatchMatrixType // TypeDefIndex: 10480"
"781953","enum","OpenGLESVersion","10481","public enum OpenGLESVersion // TypeDefIndex: 10481"
"781967","enum","SynchronisationStageFlags","10482","public enum SynchronisationStageFlags // TypeDefIndex: 10482"
"781978","enum","GraphicsFenceType","10483","public enum GraphicsFenceType // TypeDefIndex: 10483"
"781989","struct","GraphicsFence","10484","public struct GraphicsFence // TypeDefIndex: 10484"
"782019","class","GraphicsSettings","10485","public sealed class GraphicsSettings : Object // TypeDefIndex: 10485"
"782122","enum","DefaultMaterialType","10486","internal enum DefaultMaterialType // TypeDefIndex: 10486"
"782139","enum","DefaultShaderType","10487","internal enum DefaultShaderType // TypeDefIndex: 10487"
"782156","interface","IRenderPipelineGraphicsSettings","10488","public interface IRenderPipelineGraphicsSettings // TypeDefIndex: 10488"
"782172","interface","IRenderPipelineResources","10489","public interface IRenderPipelineResources : IRenderPipelineGraphicsSettings // TypeDefIndex: 10489"
"782176","enum","SearchType","10490","public enum SearchType // TypeDefIndex: 10490"
"782188","class","ResourcePathsBaseAttribute","10491","public abstract class ResourcePathsBaseAttribute : Attribute // TypeDefIndex: 10491"
"782197","class","ResourcePathAttribute","10492","public sealed class ResourcePathAttribute : ResourcePathsBaseAttribute // TypeDefIndex: 10492"
"782206","class","ResourcePathsAttribute","10493","public sealed class ResourcePathsAttribute : ResourcePathsBaseAttribute // TypeDefIndex: 10493"
"782215","class","ResourceFormattedPathsAttribute","10494","public sealed class ResourceFormattedPathsAttribute : ResourcePathsBaseAttribute // TypeDefIndex: 10494"
"782225","class","OnDemandRendering","10495","public class OnDemandRendering // TypeDefIndex: 10495"
"782247","struct","RayTracingAccelerationStructure.BuildSettings","10496","public struct RayTracingAccelerationStructure.BuildSettings // TypeDefIndex: 10496"
"782276","class","RayTracingAccelerationStructure.BindingsMarshaller","10497","internal static class RayTracingAccelerationStructure.BindingsMarshaller // TypeDefIndex: 10497"
"782286","class","RayTracingAccelerationStructure","10498","public sealed class RayTracingAccelerationStructure : IDisposable // TypeDefIndex: 10498"
"782309","class","RenderPipelineGraphicsSettingsCollection","10499","public class RenderPipelineGraphicsSettingsCollection // TypeDefIndex: 10499"
"782329","class","RenderPipelineGraphicsSettingsExtensions","10500","public static class RenderPipelineGraphicsSettingsExtensions // TypeDefIndex: 10500"
"782354","class","RecreatePipelineOnChangeAttribute","10501","public class RecreatePipelineOnChangeAttribute : Attribute // TypeDefIndex: 10501"
"782363","class","CommandBuffer.BindingsMarshaller","10502","internal static class CommandBuffer.BindingsMarshaller // TypeDefIndex: 10502"
"782377","class","CommandBuffer","10503","public class CommandBuffer : IDisposable // TypeDefIndex: 10503"
"784256","class","CommandBufferExtensions","10504","public static class CommandBufferExtensions // TypeDefIndex: 10504"
"784286","enum","SupportedOnRenderPipelineAttribute.SupportedMode","10505","public enum SupportedOnRenderPipelineAttribute.SupportedMode // TypeDefIndex: 10505"
"784298","class","SupportedOnRenderPipelineAttribute.","10506","private sealed class SupportedOnRenderPipelineAttribute.<>c // TypeDefIndex: 10506"
"784321","class","SupportedOnRenderPipelineAttribute","10507","public class SupportedOnRenderPipelineAttribute : Attribute // TypeDefIndex: 10507"
"784359","class","Watermark","10508","public class Watermark // TypeDefIndex: 10508"
"784372","struct","SphericalHarmonicsL2","10509","public struct SphericalHarmonicsL2 : IEquatable<SphericalHarmonicsL2> // TypeDefIndex: 10509"
"784431","struct","AttachmentDescriptor","10510","public struct AttachmentDescriptor : IEquatable<AttachmentDescriptor> // TypeDefIndex: 10510"
"784509","enum","SubPassFlags","10511","public enum SubPassFlags // TypeDefIndex: 10511"
"784521","struct","AttachmentIndexArray","10512","public struct AttachmentIndexArray // TypeDefIndex: 10512"
"784558","struct","SubPassDescriptor","10513","public struct SubPassDescriptor // TypeDefIndex: 10513"
"784567","struct","BlendState","10514","public struct BlendState : IEquatable<BlendState> // TypeDefIndex: 10514"
"784609","struct","CoreCameraValues","10515","internal struct CoreCameraValues : IEquatable<CoreCameraValues> // TypeDefIndex: 10515"
"784631","struct","CameraProperties.","10516","public struct CameraProperties.<layerCullDistances>e__FixedBuffer // TypeDefIndex: 10516"
"784640","struct","CameraProperties.","10517","public struct CameraProperties.<m_CameraCullPlanes>e__FixedBuffer // TypeDefIndex: 10517"
"784649","struct","CameraProperties.","10518","public struct CameraProperties.<m_ShadowCullPlanes>e__FixedBuffer // TypeDefIndex: 10518"
"784657","struct","CameraProperties","10519","public struct CameraProperties : IEquatable<CameraProperties> // TypeDefIndex: 10519"
"784719","enum","CullingOptions","10520","public enum CullingOptions // TypeDefIndex: 10520"
"784736","struct","ScriptableCullingParameters.","10521","public struct ScriptableCullingParameters.<m_CullingPlanes>e__FixedBuffer // TypeDefIndex: 10521"
"784745","struct","ScriptableCullingParameters.","10522","public struct ScriptableCullingParameters.<m_LayerFarCullDistances>e__FixedBuffer // TypeDefIndex: 10522"
"784753","struct","ScriptableCullingParameters","10523","public struct ScriptableCullingParameters : IEquatable<ScriptableCullingParameters> // TypeDefIndex: 10523"
"784847","struct","LightShadowCasterCullingInfo","10524","public struct LightShadowCasterCullingInfo // TypeDefIndex: 10524"
"784856","struct","ShadowCastersCullingInfos","10525","public struct ShadowCastersCullingInfos // TypeDefIndex: 10525"
"784867","struct","CullingResults","10526","public struct CullingResults : IEquatable<CullingResults> // TypeDefIndex: 10526"
"784985","struct","CullingAllocationInfo","10527","internal struct CullingAllocationInfo // TypeDefIndex: 10527"
"784997","struct","DepthState","10528","public struct DepthState : IEquatable<DepthState> // TypeDefIndex: 10528"
"785030","enum","DrawRendererFlags","10529","internal enum DrawRendererFlags // TypeDefIndex: 10529"
"785042","struct","DrawingSettings.","10530","public struct DrawingSettings.<shaderPassNames>e__FixedBuffer // TypeDefIndex: 10530"
"785049","struct","DrawingSettings","10531","public struct DrawingSettings : IEquatable<DrawingSettings> // TypeDefIndex: 10531"
"785135","struct","FilteringSettings","10532","public struct FilteringSettings : IEquatable<FilteringSettings> // TypeDefIndex: 10532"
"785198","enum","GizmoSubset","10533","public enum GizmoSubset // TypeDefIndex: 10533"
"785207","class","InvalidImportException","10534","public class InvalidImportException : Exception // TypeDefIndex: 10534"
"785211","struct","LODParameters","10535","public struct LODParameters : IEquatable<LODParameters> // TypeDefIndex: 10535"
"785255","enum","PerObjectData","10536","public enum PerObjectData // TypeDefIndex: 10536"
"785274","struct","RasterState","10537","public struct RasterState : IEquatable<RasterState> // TypeDefIndex: 10537"
"785305","enum","ReflectionProbeSortingCriteria","10538","public enum ReflectionProbeSortingCriteria // TypeDefIndex: 10538"
"785316","class","RenderPipeline.StandardRequest","10539","public class RenderPipeline.StandardRequest // TypeDefIndex: 10539"
"785326","class","RenderPipeline","10540","public abstract class RenderPipeline // TypeDefIndex: 10540"
"785412","class","RenderPipelineAsset","10541","public abstract class RenderPipelineAsset : ScriptableObject // TypeDefIndex: 10541"
"785551","class","RenderPipelineAsset","10542","public abstract class RenderPipelineAsset<TRenderPipeline> : RenderPipelineAsset // TypeDefIndex: 10542"
"785595","class","RenderPipelineGlobalSettings","10543","public abstract class RenderPipelineGlobalSettings : ScriptableObject, ISerializationCallbackReceiver // TypeDefIndex: 10543"
"785651","class","RenderPipelineManager","10544","public static class RenderPipelineManager // TypeDefIndex: 10544"
"785787","struct","RenderQueueRange","10545","public struct RenderQueueRange : IEquatable<RenderQueueRange> // TypeDefIndex: 10545"
"785838","struct","RenderStateBlock","10546","public struct RenderStateBlock : IEquatable<RenderStateBlock> // TypeDefIndex: 10546"
"785903","enum","RenderStateMask","10547","public enum RenderStateMask // TypeDefIndex: 10547"
"785916","struct","RenderTargetBlendState","10548","public struct RenderTargetBlendState : IEquatable<RenderTargetBlendState> // TypeDefIndex: 10548"
"785952","struct","RendererList","10549","public struct RendererList // TypeDefIndex: 10549"
"785979","enum","RendererListStatus","10550","public enum RendererListStatus // TypeDefIndex: 10550"
"785990","struct","RendererListParams","10551","public struct RendererListParams : IEquatable<RendererListParams> // TypeDefIndex: 10551"
"786038","struct","ScriptableRenderContext.CullShadowCastersContext","10552","private struct ScriptableRenderContext.CullShadowCastersContext // TypeDefIndex: 10552"
"786055","struct","ScriptableRenderContext","10553","public struct ScriptableRenderContext : IEquatable<ScriptableRenderContext> // TypeDefIndex: 10553"
"786292","struct","ShaderTagId","10554","public struct ShaderTagId : IEquatable<ShaderTagId> // TypeDefIndex: 10554"
"786330","struct","ShadowDrawingSettings","10555","public struct ShadowDrawingSettings : IEquatable<ShadowDrawingSettings> // TypeDefIndex: 10555"
"786366","struct","ShadowSplitData.","10556","public struct ShadowSplitData.<m_CullingPlanes>e__FixedBuffer // TypeDefIndex: 10556"
"786374","struct","ShadowSplitData","10557","public struct ShadowSplitData : IEquatable<ShadowSplitData> // TypeDefIndex: 10557"
"786421","enum","SortingCriteria","10558","public enum SortingCriteria // TypeDefIndex: 10558"
"786438","struct","SortingLayerRange","10559","public struct SortingLayerRange : IEquatable<SortingLayerRange> // TypeDefIndex: 10559"
"786474","enum","DistanceMetric","10560","public enum DistanceMetric // TypeDefIndex: 10560"
"786484","struct","SortingSettings","10561","public struct SortingSettings : IEquatable<SortingSettings> // TypeDefIndex: 10561"
"786526","struct","StencilState","10562","public struct StencilState : IEquatable<StencilState> // TypeDefIndex: 10562"
"786657","enum","SupportedRenderingFeatures.ReflectionProbeModes","10563","public enum SupportedRenderingFeatures.ReflectionProbeModes // TypeDefIndex: 10563"
"786667","enum","SupportedRenderingFeatures.LightmapMixedBakeModes","10564","public enum SupportedRenderingFeatures.LightmapMixedBakeModes // TypeDefIndex: 10564"
"786678","class","SupportedRenderingFeatures","10565","public class SupportedRenderingFeatures // TypeDefIndex: 10565"
"786908","enum","UISubset","10566","public enum UISubset // TypeDefIndex: 10566"
"786919","struct","VisibleLight","10567","public struct VisibleLight : IEquatable<VisibleLight> // TypeDefIndex: 10567"
"786971","enum","VisibleLightFlags","10568","internal enum VisibleLightFlags // TypeDefIndex: 10568"
"786982","struct","VisibleReflectionProbe","10569","public struct VisibleReflectionProbe : IEquatable<VisibleReflectionProbe> // TypeDefIndex: 10569"
"787045","struct","BatchID","10570","public struct BatchID : IEquatable<BatchID> // TypeDefIndex: 10570"
"787070","struct","BatchMaterialID","10571","public struct BatchMaterialID : IEquatable<BatchMaterialID> // TypeDefIndex: 10571"
"787098","struct","BatchMeshID","10572","public struct BatchMeshID : IEquatable<BatchMeshID> // TypeDefIndex: 10572"
"787123","enum","BatchDrawCommandType","10573","public enum BatchDrawCommandType // TypeDefIndex: 10573"
"787135","enum","BatchDrawCommandFlags","10574","public enum BatchDrawCommandFlags // TypeDefIndex: 10574"
"787152","enum","BatchCullingFlags","10575","public enum BatchCullingFlags // TypeDefIndex: 10575"
"787161","enum","BatchCullingViewType","10576","public enum BatchCullingViewType // TypeDefIndex: 10576"
"787174","enum","BatchCullingProjectionType","10577","public enum BatchCullingProjectionType // TypeDefIndex: 10577"
"787184","enum","BatchBufferTarget","10578","public enum BatchBufferTarget // TypeDefIndex: 10578"
"787195","struct","BatchPackedCullingViewID","10579","public struct BatchPackedCullingViewID : IEquatable<BatchPackedCullingViewID> // TypeDefIndex: 10579"
"787216","struct","BatchDrawCommand","10580","public struct BatchDrawCommand // TypeDefIndex: 10580"
"787233","struct","BatchDrawCommandIndirect","10581","public struct BatchDrawCommandIndirect // TypeDefIndex: 10581"
"787253","struct","BatchDrawCommandProcedural","10582","public struct BatchDrawCommandProcedural // TypeDefIndex: 10582"
"787272","struct","BatchDrawCommandProceduralIndirect","10583","public struct BatchDrawCommandProceduralIndirect // TypeDefIndex: 10583"
"787292","struct","BatchFilterSettings","10584","public struct BatchFilterSettings // TypeDefIndex: 10584"
"787337","struct","BatchDrawRange","10585","public struct BatchDrawRange // TypeDefIndex: 10585"
"787347","struct","BatchCullingOutputDrawCommands","10586","public struct BatchCullingOutputDrawCommands // TypeDefIndex: 10586"
"787368","struct","MetadataValue","10587","public struct MetadataValue // TypeDefIndex: 10587"
"787378","struct","CullingSplit","10588","public struct CullingSplit // TypeDefIndex: 10588"
"787393","struct","BatchCullingContext","10589","public struct BatchCullingContext // TypeDefIndex: 10589"
"787420","struct","BatchCullingOutput","10590","public struct BatchCullingOutput // TypeDefIndex: 10590"
"787430","struct","BatchRendererCullingOutput","10591","internal struct BatchRendererCullingOutput // TypeDefIndex: 10591"
"787455","struct","BatchRendererGroupCreateInfo","10592","public struct BatchRendererGroupCreateInfo // TypeDefIndex: 10592"
"787464","class","BatchRendererGroup.OnPerformCulling","10593","public sealed class BatchRendererGroup.OnPerformCulling : MulticastDelegate // TypeDefIndex: 10593"
"787476","class","BatchRendererGroup.OnFinishedCulling","10594","public sealed class BatchRendererGroup.OnFinishedCulling : MulticastDelegate // TypeDefIndex: 10594"
"787488","class","BatchRendererGroup.BindingsMarshaller","10595","internal static class BatchRendererGroup.BindingsMarshaller // TypeDefIndex: 10595"
"787500","class","BatchRendererGroup","10596","public class BatchRendererGroup : IDisposable // TypeDefIndex: 10596"
"787589","class","GPUDrivenLODGroupDataCallback","10597","internal sealed class GPUDrivenLODGroupDataCallback : MulticastDelegate // TypeDefIndex: 10597"
"787601","class","GPUDrivenLODGroupDataNativeCallback","10598","internal sealed class GPUDrivenLODGroupDataNativeCallback : MulticastDelegate // TypeDefIndex: 10598"
"787613","class","GPUDrivenRendererDataCallback","10599","internal sealed class GPUDrivenRendererDataCallback : MulticastDelegate // TypeDefIndex: 10599"
"787625","class","GPUDrivenRendererDataNativeCallback","10600","internal sealed class GPUDrivenRendererDataNativeCallback : MulticastDelegate // TypeDefIndex: 10600"
"787638","class","GPUDrivenCallbacks","10601","internal static class GPUDrivenCallbacks // TypeDefIndex: 10601"
"787652","class","GPUDrivenProcessor.BindingsMarshaller","10602","internal static class GPUDrivenProcessor.BindingsMarshaller // TypeDefIndex: 10602"
"787663","class","GPUDrivenProcessor.","10603","private sealed class GPUDrivenProcessor.<>c // TypeDefIndex: 10603"
"787686","class","GPUDrivenProcessor","10604","internal class GPUDrivenProcessor // TypeDefIndex: 10604"
"787792","struct","GPUDrivenRendererEditorData","10605","internal struct GPUDrivenRendererEditorData // TypeDefIndex: 10605"
"787800","struct","GPUDrivenRendererGroupDataNative","10606","internal struct GPUDrivenRendererGroupDataNative // TypeDefIndex: 10606"
"787842","struct","GPUDrivenLODGroupDataNative","10607","internal struct GPUDrivenLODGroupDataNative // TypeDefIndex: 10607"
"787865","struct","GPUDrivenPackedRendererData","10608","internal struct GPUDrivenPackedRendererData // TypeDefIndex: 10608"
"787912","struct","GPUDrivenPackedMaterialData","10609","internal struct GPUDrivenPackedMaterialData // TypeDefIndex: 10609"
"787941","struct","GPUDrivenRendererGroupData","10610","internal struct GPUDrivenRendererGroupData // TypeDefIndex: 10610"
"787975","struct","GPUDrivenLODGroupData","10611","internal struct GPUDrivenLODGroupData // TypeDefIndex: 10611"
"787998","struct","GlobalKeyword","10612","public struct GlobalKeyword // TypeDefIndex: 10612"
"788039","struct","LocalKeyword","10613","public struct LocalKeyword : IEquatable<LocalKeyword> // TypeDefIndex: 10613"
"788098","struct","LocalKeywordSpace","10614","public struct LocalKeywordSpace : IEquatable<LocalKeywordSpace> // TypeDefIndex: 10614"
"788123","class","RayTracingShaderHelpURLAttribute","10615","internal class RayTracingShaderHelpURLAttribute : HelpURLAttribute // TypeDefIndex: 10615"
"788139","class","RayTracingShader","10616","public sealed class RayTracingShader : Object // TypeDefIndex: 10616"
"788151","struct","ShaderKeyword","10617","public struct ShaderKeyword // TypeDefIndex: 10617"
"788196","struct","ShaderKeywordSet","10618","public struct ShaderKeywordSet // TypeDefIndex: 10618"
"788235","enum","ShaderPropertyFlags","10619","public enum ShaderPropertyFlags // TypeDefIndex: 10619"
"788252","struct","RendererListDesc","10620","public struct RendererListDesc // TypeDefIndex: 10620"
"788328","enum","LightType","10621","public enum LightType // TypeDefIndex: 10621"
"788342","enum","LightMode","10622","public enum LightMode // TypeDefIndex: 10622"
"788353","enum","FalloffType","10623","public enum FalloffType // TypeDefIndex: 10623"
"788365","enum","AngularFalloffType","10624","public enum AngularFalloffType // TypeDefIndex: 10624"
"788374","struct","LinearColor","10625","public struct LinearColor // TypeDefIndex: 10625"
"788415","struct","DirectionalLight","10626","public struct DirectionalLight // TypeDefIndex: 10626"
"788431","struct","PointLight","10627","public struct PointLight // TypeDefIndex: 10627"
"788447","struct","SpotLight","10628","public struct SpotLight // TypeDefIndex: 10628"
"788466","struct","RectangleLight","10629","public struct RectangleLight // TypeDefIndex: 10629"
"788483","struct","DiscLight","10630","public struct DiscLight // TypeDefIndex: 10630"
"788499","struct","Cookie","10631","public struct Cookie // TypeDefIndex: 10631"
"788514","struct","LightDataGI","10632","public struct LightDataGI // TypeDefIndex: 10632"
"788565","class","LightmapperUtils","10633","public static class LightmapperUtils // TypeDefIndex: 10633"
"788604","class","Lightmapping.RequestLightsDelegate","10634","public sealed class Lightmapping.RequestLightsDelegate : MulticastDelegate // TypeDefIndex: 10634"
"788618","class","Lightmapping.","10635","private sealed class Lightmapping.<>c // TypeDefIndex: 10635"
"788636","class","Lightmapping","10636","public static class Lightmapping // TypeDefIndex: 10636"
"788672","struct","CameraPlayable","10637","public struct CameraPlayable : IEquatable<CameraPlayable> // TypeDefIndex: 10637"
"788692","struct","MaterialEffectPlayable","10638","public struct MaterialEffectPlayable : IEquatable<MaterialEffectPlayable> // TypeDefIndex: 10638"
"788712","struct","TextureMixerPlayable","10639","public struct TextureMixerPlayable : IEquatable<TextureMixerPlayable> // TypeDefIndex: 10639"
"788732","struct","TexturePlayableOutput","10640","public struct TexturePlayableOutput // TypeDefIndex: 10640"
"788740","class","BuiltinRuntimeReflectionSystem","10641","internal class BuiltinRuntimeReflectionSystem : IScriptableRuntimeReflectionSystem, IDisposable // TypeDefIndex: 10641"
"788766","interface","IScriptableRuntimeReflectionSystem","10642","public interface IScriptableRuntimeReflectionSystem : IDisposable // TypeDefIndex: 10642"
"788777","class","ScriptableRuntimeReflectionSystemSettings","10643","public static class ScriptableRuntimeReflectionSystemSettings // TypeDefIndex: 10643"
"788807","class","ScriptableRuntimeReflectionSystemWrapper","10644","internal class ScriptableRuntimeReflectionSystemWrapper // TypeDefIndex: 10644"
"788837","enum","TextureCreationFlags","10645","public enum TextureCreationFlags // TypeDefIndex: 10645"
"788853","enum","FormatUsage","10646","public enum FormatUsage // TypeDefIndex: 10646"
"788875","enum","GraphicsFormatUsage","10647","public enum GraphicsFormatUsage // TypeDefIndex: 10647"
"788897","enum","DefaultFormat","10648","public enum DefaultFormat // TypeDefIndex: 10648"
"788909","enum","GraphicsFormat","10649","public enum GraphicsFormat // TypeDefIndex: 10649"
"789077","class","GraphicsFormatUtility","10650","public class GraphicsFormatUtility // TypeDefIndex: 10650"
"789231","struct","SpriteIntermediateRendererInfo","10651","internal struct SpriteIntermediateRendererInfo // TypeDefIndex: 10651"
"789254","class","SpriteRendererGroup","10652","internal class SpriteRendererGroup // TypeDefIndex: 10652"
"789258","class","DataUtility","10653","public sealed class DataUtility // TypeDefIndex: 10653"
"789276","enum","Clipper2D.ClipType","10654","public enum Clipper2D.ClipType // TypeDefIndex: 10654"
"789287","enum","Clipper2D.PolyType","10655","public enum Clipper2D.PolyType // TypeDefIndex: 10655"
"789296","enum","Clipper2D.PolyFillType","10656","public enum Clipper2D.PolyFillType // TypeDefIndex: 10656"
"789307","enum","Clipper2D.InitOptions","10657","public enum Clipper2D.InitOptions // TypeDefIndex: 10657"
"789319","struct","Clipper2D.PathArguments","10658","public struct Clipper2D.PathArguments // TypeDefIndex: 10658"
"789333","struct","Clipper2D.ExecuteArguments","10659","public struct Clipper2D.ExecuteArguments // TypeDefIndex: 10659"
"789351","struct","Clipper2D.Solution","10660","public struct Clipper2D.Solution : IDisposable // TypeDefIndex: 10660"
"789366","struct","Clipper2D","10661","internal struct Clipper2D // TypeDefIndex: 10661"
"789386","enum","ClipperOffset2D.JoinType","10662","public enum ClipperOffset2D.JoinType // TypeDefIndex: 10662"
"789396","enum","ClipperOffset2D.EndType","10663","public enum ClipperOffset2D.EndType // TypeDefIndex: 10663"
"789409","struct","ClipperOffset2D.PathArguments","10664","public struct ClipperOffset2D.PathArguments // TypeDefIndex: 10664"
"789417","struct","ClipperOffset2D.Solution","10665","public struct ClipperOffset2D.Solution // TypeDefIndex: 10665"
"789431","struct","ClipperOffset2D","10666","internal struct ClipperOffset2D // TypeDefIndex: 10666"
"789448","class","Light2DBase","10667","public abstract class Light2DBase : MonoBehaviour // TypeDefIndex: 10667"
"789459","class","PixelPerfectRendering","10668","public static class PixelPerfectRendering // TypeDefIndex: 10668"
"789478","struct","SpriteBone","10669","public struct SpriteBone // TypeDefIndex: 10669"
"789506","struct","SpriteChannelInfo","10670","internal struct SpriteChannelInfo // TypeDefIndex: 10670"
"789543","class","SpriteDataAccessExtensions","10671","public static class SpriteDataAccessExtensions // TypeDefIndex: 10671"
"789597","class","SpriteAtlasManager","10672","public class SpriteAtlasManager // TypeDefIndex: 10672"
"789635","class","SpriteAtlas","10673","public class SpriteAtlas : Object // TypeDefIndex: 10673"
"789698","class","EmbeddedAttribute","10678","internal sealed class EmbeddedAttribute : Attribute // TypeDefIndex: 10678"
"789709","class","IsUnmanagedAttribute","10679","internal sealed class IsUnmanagedAttribute : Attribute // TypeDefIndex: 10679"
"789719","class","FullScreenPassRendererFeature_OldGUID","10680","internal class FullScreenPassRendererFeature_OldGUID : FullScreenPassRendererFeature, ISerializationCallbackReceiver // TypeDefIndex: 10680"
"789731","struct","UnitySourceGeneratedAssemblyMonoScriptTypes_v1.MonoScriptData","10681","private struct UnitySourceGeneratedAssemblyMonoScriptTypes_v1.MonoScriptData // TypeDefIndex: 10681"
"789745","class","UnitySourceGeneratedAssemblyMonoScriptTypes_v1","10682","internal class UnitySourceGeneratedAssemblyMonoScriptTypes_v1 // TypeDefIndex: 10682"
"789759","class","RenderGraphGraphicsAutomatedTests.","10683","private sealed class RenderGraphGraphicsAutomatedTests.<>c // TypeDefIndex: 10683"
"789778","class","RenderGraphGraphicsAutomatedTests","10684","public static class RenderGraphGraphicsAutomatedTests // TypeDefIndex: 10684"
"789806","class","ComponentUtility","10685","public static class ComponentUtility // TypeDefIndex: 10685"
"789823","class","PostProcessData.ShaderResources","10686","public sealed class PostProcessData.ShaderResources : IRenderPipelineResources, IRenderPipelineGraphicsSettings // TypeDefIndex: 10686"
"789884","class","PostProcessData.TextureResources","10687","public sealed class PostProcessData.TextureResources : IRenderPipelineResources, IRenderPipelineGraphicsSettings // TypeDefIndex: 10687"
"789917","class","PostProcessData","10688","public class PostProcessData : ScriptableObject // TypeDefIndex: 10688"
"789931","class","StencilStateData","10689","public class StencilStateData // TypeDefIndex: 10689"
"789948","enum","DefaultMaterialType","10690","internal enum DefaultMaterialType // TypeDefIndex: 10690"
"789961","class","UniversalRenderPipelineAsset.Strings","10691","private static class UniversalRenderPipelineAsset.Strings // TypeDefIndex: 10691"
"789977","class","UniversalRenderPipelineAsset.TextureResources","10692","public sealed class UniversalRenderPipelineAsset.TextureResources // TypeDefIndex: 10692"
"789996","class","UniversalRenderPipelineAsset","10693","public class UniversalRenderPipelineAsset : RenderPipelineAsset<UniversalRenderPipeline>, ISerializationCallbackReceiver, IProbeVolumeEnabledRenderPipeline, IGPUResidentRenderPipeline, IRenderGraphEnabledRenderPipeline, ISTPEnabledRenderPipeline // TypeDefIndex: 10693"
"790836","enum","ShadowQuality","10694","public enum ShadowQuality // TypeDefIndex: 10694"
"790846","enum","SoftShadowQuality","10695","public enum SoftShadowQuality // TypeDefIndex: 10695"
"790858","enum","ShadowResolution","10696","public enum ShadowResolution // TypeDefIndex: 10696"
"790871","enum","LightCookieResolution","10697","public enum LightCookieResolution // TypeDefIndex: 10697"
"790883","enum","LightCookieFormat","10698","public enum LightCookieFormat // TypeDefIndex: 10698"
"790895","enum","HDRColorBufferPrecision","10699","public enum HDRColorBufferPrecision // TypeDefIndex: 10699"
"790906","enum","MsaaQuality","10700","public enum MsaaQuality // TypeDefIndex: 10700"
"790917","enum","Downsampling","10701","public enum Downsampling // TypeDefIndex: 10701"
"790928","enum","LightRenderingMode","10702","public enum LightRenderingMode // TypeDefIndex: 10702"
"790939","enum","PipelineDebugLevel","10703","public enum PipelineDebugLevel // TypeDefIndex: 10703"
"790948","enum","RendererType","10704","public enum RendererType // TypeDefIndex: 10704"
"790958","enum","ColorGradingMode","10705","public enum ColorGradingMode // TypeDefIndex: 10705"
"790967","enum","StoreActionsOptimization","10706","public enum StoreActionsOptimization // TypeDefIndex: 10706"
"790977","enum","VolumeFrameworkUpdateMode","10707","public enum VolumeFrameworkUpdateMode // TypeDefIndex: 10707"
"790990","enum","UpscalingFilterSelection","10708","public enum UpscalingFilterSelection // TypeDefIndex: 10708"
"791010","enum","LODCrossFadeDitheringType","10709","public enum LODCrossFadeDitheringType // TypeDefIndex: 10709"
"791019","enum","LightProbeSystem","10710","public enum LightProbeSystem // TypeDefIndex: 10710"
"791030","enum","ShEvalMode","10711","public enum ShEvalMode // TypeDefIndex: 10711"
"791041","struct","DeprecationMessage","10712","internal struct DeprecationMessage // TypeDefIndex: 10712"
"791050","class","DebugDisplaySettingsCommon.SettingsPanel.","10713","private sealed class DebugDisplaySettingsCommon.SettingsPanel.<>c__DisplayClass3_0 // TypeDefIndex: 10713"
"791066","class","DebugDisplaySettingsCommon.SettingsPanel","10714","private class DebugDisplaySettingsCommon.SettingsPanel : DebugDisplaySettingsPanel // TypeDefIndex: 10714"
"791084","class","DebugDisplaySettingsCommon","10715","internal class DebugDisplaySettingsCommon : IDebugDisplaySettingsData, IDebugDisplaySettingsQuery // TypeDefIndex: 10715"
"791102","class","DebugDisplaySettingsLighting.Strings","10716","internal static class DebugDisplaySettingsLighting.Strings // TypeDefIndex: 10716"
"791117","class","DebugDisplaySettingsLighting.WidgetFactory.","10717","private sealed class DebugDisplaySettingsLighting.WidgetFactory.<>c__DisplayClass0_0 // TypeDefIndex: 10717"
"791142","class","DebugDisplaySettingsLighting.WidgetFactory.","10718","private sealed class DebugDisplaySettingsLighting.WidgetFactory.<>c__DisplayClass1_0 // TypeDefIndex: 10718"
"791161","class","DebugDisplaySettingsLighting.WidgetFactory.","10719","private sealed class DebugDisplaySettingsLighting.WidgetFactory.<>c__DisplayClass2_0 // TypeDefIndex: 10719"
"791185","class","DebugDisplaySettingsLighting.WidgetFactory","10720","internal static class DebugDisplaySettingsLighting.WidgetFactory // TypeDefIndex: 10720"
"791201","class","DebugDisplaySettingsLighting.SettingsPanel","10721","internal class DebugDisplaySettingsLighting.SettingsPanel : DebugDisplaySettingsPanel<DebugDisplaySettingsLighting> // TypeDefIndex: 10721"
"791210","class","DebugDisplaySettingsLighting","10722","public class DebugDisplaySettingsLighting : IDebugDisplaySettingsData, IDebugDisplaySettingsQuery // TypeDefIndex: 10722"
"791271","enum","DebugDisplaySettingsMaterial.AlbedoDebugValidationPreset","10723","public enum DebugDisplaySettingsMaterial.AlbedoDebugValidationPreset // TypeDefIndex: 10723"
"791293","struct","DebugDisplaySettingsMaterial.AlbedoDebugValidationPresetData","10724","private struct DebugDisplaySettingsMaterial.AlbedoDebugValidationPresetData // TypeDefIndex: 10724"
"791303","class","DebugDisplaySettingsMaterial.Strings","10725","private static class DebugDisplaySettingsMaterial.Strings // TypeDefIndex: 10725"
"791333","class","DebugDisplaySettingsMaterial.WidgetFactory.","10726","private sealed class DebugDisplaySettingsMaterial.WidgetFactory.<>c // TypeDefIndex: 10726"
"791357","class","DebugDisplaySettingsMaterial.WidgetFactory.","10727","private sealed class DebugDisplaySettingsMaterial.WidgetFactory.<>c__DisplayClass0_0 // TypeDefIndex: 10727"
"791382","class","DebugDisplaySettingsMaterial.WidgetFactory.","10728","private sealed class DebugDisplaySettingsMaterial.WidgetFactory.<>c__DisplayClass10_0 // TypeDefIndex: 10728"
"791404","class","DebugDisplaySettingsMaterial.WidgetFactory.","10729","private sealed class DebugDisplaySettingsMaterial.WidgetFactory.<>c__DisplayClass11_0 // TypeDefIndex: 10729"
"791426","class","DebugDisplaySettingsMaterial.WidgetFactory.","10730","private sealed class DebugDisplaySettingsMaterial.WidgetFactory.<>c__DisplayClass12_0 // TypeDefIndex: 10730"
"791445","class","DebugDisplaySettingsMaterial.WidgetFactory.","10731","private sealed class DebugDisplaySettingsMaterial.WidgetFactory.<>c__DisplayClass13_0 // TypeDefIndex: 10731"
"791464","class","DebugDisplaySettingsMaterial.WidgetFactory.","10732","private sealed class DebugDisplaySettingsMaterial.WidgetFactory.<>c__DisplayClass1_0 // TypeDefIndex: 10732"
"791489","class","DebugDisplaySettingsMaterial.WidgetFactory.","10733","private sealed class DebugDisplaySettingsMaterial.WidgetFactory.<>c__DisplayClass2_0 // TypeDefIndex: 10733"
"791514","class","DebugDisplaySettingsMaterial.WidgetFactory.","10734","private sealed class DebugDisplaySettingsMaterial.WidgetFactory.<>c__DisplayClass3_0 // TypeDefIndex: 10734"
"791533","class","DebugDisplaySettingsMaterial.WidgetFactory.","10735","private sealed class DebugDisplaySettingsMaterial.WidgetFactory.<>c__DisplayClass4_0 // TypeDefIndex: 10735"
"791555","class","DebugDisplaySettingsMaterial.WidgetFactory.","10736","private sealed class DebugDisplaySettingsMaterial.WidgetFactory.<>c__DisplayClass5_0 // TypeDefIndex: 10736"
"791583","class","DebugDisplaySettingsMaterial.WidgetFactory.","10737","private sealed class DebugDisplaySettingsMaterial.WidgetFactory.<>c__DisplayClass6_0 // TypeDefIndex: 10737"
"791608","class","DebugDisplaySettingsMaterial.WidgetFactory.","10738","private sealed class DebugDisplaySettingsMaterial.WidgetFactory.<>c__DisplayClass7_0 // TypeDefIndex: 10738"
"791630","class","DebugDisplaySettingsMaterial.WidgetFactory.","10739","private sealed class DebugDisplaySettingsMaterial.WidgetFactory.<>c__DisplayClass8_0 // TypeDefIndex: 10739"
"791649","class","DebugDisplaySettingsMaterial.WidgetFactory.","10740","private sealed class DebugDisplaySettingsMaterial.WidgetFactory.<>c__DisplayClass9_0 // TypeDefIndex: 10740"
"791667","class","DebugDisplaySettingsMaterial.WidgetFactory","10741","internal static class DebugDisplaySettingsMaterial.WidgetFactory // TypeDefIndex: 10741"
"791716","class","DebugDisplaySettingsMaterial.SettingsPanel.","10742","private sealed class DebugDisplaySettingsMaterial.SettingsPanel.<>c__DisplayClass0_0 // TypeDefIndex: 10742"
"791738","class","DebugDisplaySettingsMaterial.SettingsPanel","10743","internal class DebugDisplaySettingsMaterial.SettingsPanel : DebugDisplaySettingsPanel<DebugDisplaySettingsMaterial> // TypeDefIndex: 10743"
"791747","class","DebugDisplaySettingsMaterial","10744","public class DebugDisplaySettingsMaterial : IDebugDisplaySettingsData, IDebugDisplaySettingsQuery // TypeDefIndex: 10744"
"791925","enum","DebugWireframeMode","10745","public enum DebugWireframeMode // TypeDefIndex: 10745"
"791936","enum","DebugDisplaySettingsRendering.TaaDebugMode","10746","public enum DebugDisplaySettingsRendering.TaaDebugMode // TypeDefIndex: 10746"
"791947","class","DebugDisplaySettingsRendering.Strings","10747","private static class DebugDisplaySettingsRendering.Strings // TypeDefIndex: 10747"
"791984","class","DebugDisplaySettingsRendering.WidgetFactory.","10748","private sealed class DebugDisplaySettingsRendering.WidgetFactory.<>c // TypeDefIndex: 10748"
"792056","class","DebugDisplaySettingsRendering.WidgetFactory.","10749","private sealed class DebugDisplaySettingsRendering.WidgetFactory.<>c__DisplayClass0_0 // TypeDefIndex: 10749"
"792081","class","DebugDisplaySettingsRendering.WidgetFactory.","10750","private sealed class DebugDisplaySettingsRendering.WidgetFactory.<>c__DisplayClass10_0 // TypeDefIndex: 10750"
"792106","class","DebugDisplaySettingsRendering.WidgetFactory.","10751","private sealed class DebugDisplaySettingsRendering.WidgetFactory.<>c__DisplayClass11_0 // TypeDefIndex: 10751"
"792128","class","DebugDisplaySettingsRendering.WidgetFactory.","10752","private sealed class DebugDisplaySettingsRendering.WidgetFactory.<>c__DisplayClass12_0 // TypeDefIndex: 10752"
"792150","class","DebugDisplaySettingsRendering.WidgetFactory.","10753","private sealed class DebugDisplaySettingsRendering.WidgetFactory.<>c__DisplayClass13_0 // TypeDefIndex: 10753"
"792175","class","DebugDisplaySettingsRendering.WidgetFactory.","10754","private sealed class DebugDisplaySettingsRendering.WidgetFactory.<>c__DisplayClass14_0 // TypeDefIndex: 10754"
"792194","class","DebugDisplaySettingsRendering.WidgetFactory.","10755","private sealed class DebugDisplaySettingsRendering.WidgetFactory.<>c__DisplayClass15_0 // TypeDefIndex: 10755"
"792213","class","DebugDisplaySettingsRendering.WidgetFactory.","10756","private sealed class DebugDisplaySettingsRendering.WidgetFactory.<>c__DisplayClass16_0 // TypeDefIndex: 10756"
"792238","class","DebugDisplaySettingsRendering.WidgetFactory.","10757","private sealed class DebugDisplaySettingsRendering.WidgetFactory.<>c__DisplayClass17_0 // TypeDefIndex: 10757"
"792263","class","DebugDisplaySettingsRendering.WidgetFactory.","10758","private sealed class DebugDisplaySettingsRendering.WidgetFactory.<>c__DisplayClass18_0 // TypeDefIndex: 10758"
"792288","class","DebugDisplaySettingsRendering.WidgetFactory.","10759","private sealed class DebugDisplaySettingsRendering.WidgetFactory.<>c__DisplayClass19_0 // TypeDefIndex: 10759"
"792307","class","DebugDisplaySettingsRendering.WidgetFactory.","10760","private sealed class DebugDisplaySettingsRendering.WidgetFactory.<>c__DisplayClass1_0 // TypeDefIndex: 10760"
"792335","class","DebugDisplaySettingsRendering.WidgetFactory.","10761","private sealed class DebugDisplaySettingsRendering.WidgetFactory.<>c__DisplayClass20_0 // TypeDefIndex: 10761"
"792354","class","DebugDisplaySettingsRendering.WidgetFactory.","10762","private sealed class DebugDisplaySettingsRendering.WidgetFactory.<>c__DisplayClass2_0 // TypeDefIndex: 10762"
"792373","class","DebugDisplaySettingsRendering.WidgetFactory.","10763","private sealed class DebugDisplaySettingsRendering.WidgetFactory.<>c__DisplayClass3_0 // TypeDefIndex: 10763"
"792398","class","DebugDisplaySettingsRendering.WidgetFactory.","10764","private sealed class DebugDisplaySettingsRendering.WidgetFactory.<>c__DisplayClass4_0 // TypeDefIndex: 10764"
"792414","class","DebugDisplaySettingsRendering.WidgetFactory.","10765","private sealed class DebugDisplaySettingsRendering.WidgetFactory.<>c__DisplayClass5_0 // TypeDefIndex: 10765"
"792439","class","DebugDisplaySettingsRendering.WidgetFactory.","10766","private sealed class DebugDisplaySettingsRendering.WidgetFactory.<>c__DisplayClass6_0 // TypeDefIndex: 10766"
"792461","class","DebugDisplaySettingsRendering.WidgetFactory.","10767","private sealed class DebugDisplaySettingsRendering.WidgetFactory.<>c__DisplayClass8_0 // TypeDefIndex: 10767"
"792486","class","DebugDisplaySettingsRendering.WidgetFactory.","10768","private sealed class DebugDisplaySettingsRendering.WidgetFactory.<>c__DisplayClass9_0 // TypeDefIndex: 10768"
"792534","class","DebugDisplaySettingsRendering.WidgetFactory","10769","internal static class DebugDisplaySettingsRendering.WidgetFactory // TypeDefIndex: 10769"
"792604","class","DebugDisplaySettingsRendering.SettingsPanel.","10770","private sealed class DebugDisplaySettingsRendering.SettingsPanel.<>c__DisplayClass0_0 // TypeDefIndex: 10770"
"792620","class","DebugDisplaySettingsRendering.SettingsPanel","10771","internal class DebugDisplaySettingsRendering.SettingsPanel : DebugDisplaySettingsPanel<DebugDisplaySettingsRendering> // TypeDefIndex: 10771"
"792629","class","DebugDisplaySettingsRendering","10772","public class DebugDisplaySettingsRendering : IDebugDisplaySettingsData, IDebugDisplaySettingsQuery // TypeDefIndex: 10772"
"792923","class","DebugHandler.DebugFinalValidationPassData","10773","private class DebugHandler.DebugFinalValidationPassData // TypeDefIndex: 10773"
"792945","class","DebugHandler.DebugSetupPassData","10774","private class DebugHandler.DebugSetupPassData // TypeDefIndex: 10774"
"792962","class","DebugHandler.","10775","private sealed class DebugHandler.<>c // TypeDefIndex: 10775"
"792985","class","DebugHandler","10776","internal class DebugHandler : IDebugDisplaySettingsQuery // TypeDefIndex: 10776"
"793198","class","DebugRendererLists","10777","internal class DebugRendererLists // TypeDefIndex: 10777"
"793232","class","DebugRenderSetup","10778","internal class DebugRenderSetup : IDisposable // TypeDefIndex: 10778"
"793287","class","UniversalRenderPipelineDebugDisplaySettings","10779","public class UniversalRenderPipelineDebugDisplaySettings : DebugDisplaySettings<UniversalRenderPipelineDebugDisplaySettings> // TypeDefIndex: 10779"
"793390","class","UniversalRenderPipelineDebugDisplayStats","10780","internal class UniversalRenderPipelineDebugDisplayStats : DebugDisplayStats<URPProfileId> // TypeDefIndex: 10780"
"793431","class","UniversalRenderPipelineVolumeDebugSettings","10781","public class UniversalRenderPipelineVolumeDebugSettings : VolumeDebugSettings<UniversalAdditionalCameraData> // TypeDefIndex: 10781"
"793459","class","DBufferCopyDepthPass","10782","internal class DBufferCopyDepthPass : CopyDepthPass // TypeDefIndex: 10782"
"793471","class","DecalDrawDBufferSystem","10783","internal class DecalDrawDBufferSystem : DecalDrawSystem // TypeDefIndex: 10783"
"793483","class","DBufferRenderPass.PassData","10784","private class DBufferRenderPass.PassData // TypeDefIndex: 10784"
"793504","class","DBufferRenderPass.","10785","private sealed class DBufferRenderPass.<>c // TypeDefIndex: 10785"
"793523","class","DBufferRenderPass","10786","internal class DBufferRenderPass : ScriptableRenderPass // TypeDefIndex: 10786"
"793619","class","DecalDrawFowardEmissiveSystem","10787","internal class DecalDrawFowardEmissiveSystem : DecalDrawSystem // TypeDefIndex: 10787"
"793631","class","DecalForwardEmissivePass.PassData","10788","private class DecalForwardEmissivePass.PassData // TypeDefIndex: 10788"
"793646","class","DecalForwardEmissivePass.","10789","private sealed class DecalForwardEmissivePass.<>c // TypeDefIndex: 10789"
"793665","class","DecalForwardEmissivePass","10790","internal class DecalForwardEmissivePass : ScriptableRenderPass // TypeDefIndex: 10790"
"793696","class","DecalDrawErrorSystem","10791","internal class DecalDrawErrorSystem : DecalDrawSystem // TypeDefIndex: 10791"
"793714","class","DecalPreviewPass.PassData","10792","private class DecalPreviewPass.PassData // TypeDefIndex: 10792"
"793728","class","DecalPreviewPass.","10793","private sealed class DecalPreviewPass.<>c // TypeDefIndex: 10793"
"793747","class","DecalPreviewPass","10794","internal class DecalPreviewPass : ScriptableRenderPass // TypeDefIndex: 10794"
"793772","enum","DecalScaleMode","10795","public enum DecalScaleMode // TypeDefIndex: 10795"
"793782","class","DecalProjector.DecalProjectorAction","10796","internal sealed class DecalProjector.DecalProjectorAction : MulticastDelegate // TypeDefIndex: 10796"
"793802","class","DecalProjector","10797","public class DecalProjector : MonoBehaviour // TypeDefIndex: 10797"
"794051","class","DecalShaderPassNames","10798","internal static class DecalShaderPassNames // TypeDefIndex: 10798"
"794070","class","DecalChunk","10799","internal abstract class DecalChunk : IDisposable // TypeDefIndex: 10799"
"794198","struct","DecalSubDrawCall","10800","internal struct DecalSubDrawCall // TypeDefIndex: 10800"
"794214","class","DecalDrawCallChunk","10801","internal class DecalDrawCallChunk : DecalChunk // TypeDefIndex: 10801"
"794249","struct","DecalCreateDrawCallSystem.DrawCallJob","10802","private struct DecalCreateDrawCallSystem.DrawCallJob : IJob // TypeDefIndex: 10802"
"794299","class","DecalCreateDrawCallSystem","10803","internal class DecalCreateDrawCallSystem // TypeDefIndex: 10803"
"794328","class","DecalDrawSystem","10804","internal abstract class DecalDrawSystem // TypeDefIndex: 10804"
"794394","struct","DecalEntityIndexer.DecalEntityItem","10805","public struct DecalEntityIndexer.DecalEntityItem // TypeDefIndex: 10805"
"794403","class","DecalEntityIndexer","10806","internal class DecalEntityIndexer // TypeDefIndex: 10806"
"794437","struct","DecalEntity","10807","internal struct DecalEntity // TypeDefIndex: 10807"
"794445","class","DecalEntityChunk","10808","internal class DecalEntityChunk : DecalChunk // TypeDefIndex: 10808"
"794472","struct","DecalEntityManager.CombinedChunks","10809","private struct DecalEntityManager.CombinedChunks // TypeDefIndex: 10809"
"794486","class","DecalEntityManager.","10810","private sealed class DecalEntityManager.<>c // TypeDefIndex: 10810"
"794505","class","DecalEntityManager","10811","internal class DecalEntityManager : IDisposable // TypeDefIndex: 10811"
"794564","class","DecalSkipCulledSystem","10812","internal class DecalSkipCulledSystem // TypeDefIndex: 10812"
"794587","class","DecalCachedChunk","10813","internal class DecalCachedChunk : DecalChunk // TypeDefIndex: 10813"
"794632","struct","DecalUpdateCachedSystem.UpdateTransformsJob","10814","public struct DecalUpdateCachedSystem.UpdateTransformsJob : IJobParallelForTransform // TypeDefIndex: 10814"
"794668","class","DecalUpdateCachedSystem","10815","internal class DecalUpdateCachedSystem // TypeDefIndex: 10815"
"794688","class","DecalUpdateCulledSystem","10816","internal class DecalUpdateCulledSystem // TypeDefIndex: 10816"
"794707","class","DecalCulledChunk","10817","internal class DecalCulledChunk : DecalChunk // TypeDefIndex: 10817"
"794734","class","DecalUpdateCullingGroupSystem","10818","internal class DecalUpdateCullingGroupSystem // TypeDefIndex: 10818"
"794767","class","DecalDrawGBufferSystem","10819","internal class DecalDrawGBufferSystem : DecalDrawSystem // TypeDefIndex: 10819"
"794779","class","DecalGBufferRenderPass.PassData","10820","private class DecalGBufferRenderPass.PassData // TypeDefIndex: 10820"
"794797","class","DecalGBufferRenderPass.","10821","private sealed class DecalGBufferRenderPass.<>c // TypeDefIndex: 10821"
"794816","class","DecalGBufferRenderPass","10822","internal class DecalGBufferRenderPass : ScriptableRenderPass // TypeDefIndex: 10822"
"794858","class","DecalDrawScreenSpaceSystem","10823","internal class DecalDrawScreenSpaceSystem : DecalDrawSystem // TypeDefIndex: 10823"
"794870","class","DecalScreenSpaceRenderPass.PassData","10824","private class DecalScreenSpaceRenderPass.PassData // TypeDefIndex: 10824"
"794890","class","DecalScreenSpaceRenderPass.","10825","private sealed class DecalScreenSpaceRenderPass.<>c // TypeDefIndex: 10825"
"794909","class","DecalScreenSpaceRenderPass","10826","internal class DecalScreenSpaceRenderPass : ScriptableRenderPass // TypeDefIndex: 10826"
"794945","class","ScriptableRenderPass","10827","public abstract class ScriptableRenderPass : IRenderGraphRecorder // TypeDefIndex: 10827"
"795279","enum","ShadowCascadesOption","10828","public enum ShadowCascadesOption // TypeDefIndex: 10828"
"795290","enum","ShaderVariantLogLevel","10829","public enum ShaderVariantLogLevel // TypeDefIndex: 10829"
"795302","class","ScriptableRenderer.Profiling.RenderBlock","10830","public static class ScriptableRenderer.Profiling.RenderBlock // TypeDefIndex: 10830"
"795318","class","ScriptableRenderer.Profiling.RenderPass","10831","public static class ScriptableRenderer.Profiling.RenderPass // TypeDefIndex: 10831"
"795332","class","ScriptableRenderer.Profiling","10832","private static class ScriptableRenderer.Profiling // TypeDefIndex: 10832"
"795365","struct","ScriptableRenderer.RenderPassDescriptor","10833","internal struct ScriptableRenderer.RenderPassDescriptor // TypeDefIndex: 10833"
"795380","class","ScriptableRenderer.RenderingFeatures","10834","public class ScriptableRenderer.RenderingFeatures // TypeDefIndex: 10834"
"795416","class","ScriptableRenderer.RenderPassBlock","10835","private static class ScriptableRenderer.RenderPassBlock // TypeDefIndex: 10835"
"795431","class","ScriptableRenderer.VFXProcessCameraPassData","10836","private class ScriptableRenderer.VFXProcessCameraPassData // TypeDefIndex: 10836"
"795446","class","ScriptableRenderer.DrawGizmosPassData","10837","private class ScriptableRenderer.DrawGizmosPassData // TypeDefIndex: 10837"
"795460","class","ScriptableRenderer.DrawWireOverlayPassData","10838","private class ScriptableRenderer.DrawWireOverlayPassData // TypeDefIndex: 10838"
"795472","class","ScriptableRenderer.BeginXRPassData","10839","private class ScriptableRenderer.BeginXRPassData // TypeDefIndex: 10839"
"795484","class","ScriptableRenderer.EndXRPassData","10840","private class ScriptableRenderer.EndXRPassData // TypeDefIndex: 10840"
"795496","class","ScriptableRenderer.DummyData","10841","private class ScriptableRenderer.DummyData // TypeDefIndex: 10841"
"795505","class","ScriptableRenderer.PassData","10842","private class ScriptableRenderer.PassData // TypeDefIndex: 10842"
"795520","struct","ScriptableRenderer.RenderBlocks.BlockRange","10843","public struct ScriptableRenderer.RenderBlocks.BlockRange : IDisposable // TypeDefIndex: 10843"
"795548","struct","ScriptableRenderer.RenderBlocks","10844","internal struct ScriptableRenderer.RenderBlocks : IDisposable // TypeDefIndex: 10844"
"795576","class","ScriptableRenderer.","10845","private sealed class ScriptableRenderer.<>c // TypeDefIndex: 10845"
"795607","class","ScriptableRenderer","10846","public abstract class ScriptableRenderer : IDisposable // TypeDefIndex: 10846"
"796103","class","ScriptableRendererData.DebugShaderResources","10847","public sealed class ScriptableRendererData.DebugShaderResources // TypeDefIndex: 10847"
"796123","class","ScriptableRendererData.ProbeVolumeResources","10848","public sealed class ScriptableRendererData.ProbeVolumeResources // TypeDefIndex: 10848"
"796148","class","ScriptableRendererData","10849","public abstract class ScriptableRendererData : ScriptableObject // TypeDefIndex: 10849"
"796235","class","Bloom","10850","public sealed class Bloom : VolumeComponent, IPostProcessComponent // TypeDefIndex: 10850"
"796283","class","XRSystemData.ShaderResources","10851","public sealed class XRSystemData.ShaderResources // TypeDefIndex: 10851"
"796300","class","XRSystemData","10852","public class XRSystemData : ScriptableObject // TypeDefIndex: 10852"
"796316","class","UniversalRendererData","10853","public class UniversalRendererData : ScriptableRendererData, ISerializationCallbackReceiver // TypeDefIndex: 10853"
"796466","class","UniversalRenderPipelineEditorResources.ShaderResources","10854","public sealed class UniversalRenderPipelineEditorResources.ShaderResources // TypeDefIndex: 10854"
"796496","class","UniversalRenderPipelineEditorResources.MaterialResources","10855","public sealed class UniversalRenderPipelineEditorResources.MaterialResources // TypeDefIndex: 10855"
"796516","class","UniversalRenderPipelineEditorResources","10856","public class UniversalRenderPipelineEditorResources : ScriptableObject // TypeDefIndex: 10856"
"796534","class","ShaderResources","10857","public sealed class ShaderResources // TypeDefIndex: 10857"
"796591","class","UniversalRenderPipelineGlobalSettings","10858","internal class UniversalRenderPipelineGlobalSettings : RenderPipelineGlobalSettings<UniversalRenderPipelineGlobalSettings, UniversalRenderPipeline> // TypeDefIndex: 10858"
"796704","class","URPHelpURLAttribute","10859","internal class URPHelpURLAttribute : CoreRPHelpURLAttribute // TypeDefIndex: 10859"
"796713","class","Documentation","10860","internal class Documentation : DocumentationInfo // TypeDefIndex: 10860"
"796730","class","ForwardRendererData.ShaderResources","10861","public sealed class ForwardRendererData.ShaderResources // TypeDefIndex: 10861"
"796772","class","ForwardRendererData","10862","public class ForwardRendererData : ScriptableRendererData // TypeDefIndex: 10862"
"796851","class","Universal2DResourceData","10863","internal class Universal2DResourceData : UniversalResourceDataBase // TypeDefIndex: 10863"
"796929","class","UniversalCameraData","10864","public class UniversalCameraData : ContextItem // TypeDefIndex: 10864"
"797120","class","UniversalLightData","10865","public class UniversalLightData : ContextItem // TypeDefIndex: 10865"
"797144","class","UniversalPostProcessingData","10866","public class UniversalPostProcessingData : ContextItem // TypeDefIndex: 10866"
"797164","class","UniversalRenderingData","10867","public class UniversalRenderingData : ContextItem // TypeDefIndex: 10867"
"797221","enum","UniversalResourceDataBase.ActiveID","10868","internal enum UniversalResourceDataBase.ActiveID // TypeDefIndex: 10868"
"797230","class","UniversalResourceDataBase","10869","public abstract class UniversalResourceDataBase : ContextItem // TypeDefIndex: 10869"
"797275","class","UniversalResourceData","10870","public class UniversalResourceData : UniversalResourceDataBase // TypeDefIndex: 10870"
"797501","class","UniversalShadowData","10871","public class UniversalShadowData : ContextItem // TypeDefIndex: 10871"
"797537","class","RawColorHistory","10872","public sealed class RawColorHistory : CameraHistoryItem // TypeDefIndex: 10872"
"797582","class","RawDepthHistory","10873","public sealed class RawDepthHistory : CameraHistoryItem // TypeDefIndex: 10873"
"797627","class","SingleHistoryBase","10874","internal abstract class SingleHistoryBase : CameraHistoryItem // TypeDefIndex: 10874"
"797677","class","StpHistory","10875","internal sealed class StpHistory : CameraHistoryItem // TypeDefIndex: 10875"
"797701","class","TaaHistory","10876","public sealed class TaaHistory : CameraHistoryItem // TypeDefIndex: 10876"
"797747","enum","IntermediateTextureMode","10877","public enum IntermediateTextureMode // TypeDefIndex: 10877"
"797756","class","LightCookieManager.ShaderProperty","10878","private static class LightCookieManager.ShaderProperty // TypeDefIndex: 10878"
"797779","enum","LightCookieManager.LightCookieShaderFormat","10879","private enum LightCookieManager.LightCookieShaderFormat // TypeDefIndex: 10879"
"797790","struct","LightCookieManager.Settings.AtlasSettings","10880","public struct LightCookieManager.Settings.AtlasSettings // TypeDefIndex: 10880"
"797810","struct","LightCookieManager.Settings","10881","public struct LightCookieManager.Settings // TypeDefIndex: 10881"
"797827","class","LightCookieManager.LightCookieMapping.","10882","private sealed class LightCookieManager.LightCookieMapping.<>c // TypeDefIndex: 10882"
"797848","struct","LightCookieManager.LightCookieMapping","10883","private struct LightCookieManager.LightCookieMapping // TypeDefIndex: 10883"
"797866","struct","LightCookieManager.WorkSlice","10884","private struct LightCookieManager.WorkSlice<T> // TypeDefIndex: 10884"
"797980","class","LightCookieManager.WorkMemory","10885","private class LightCookieManager.WorkMemory // TypeDefIndex: 10885"
"797996","class","LightCookieManager.LightCookieShaderData","10886","private class LightCookieManager.LightCookieShaderData : IDisposable // TypeDefIndex: 10886"
"798057","class","LightCookieManager","10887","internal class LightCookieManager : IDisposable // TypeDefIndex: 10887"
"798158","struct","BuddyAllocation","10888","internal struct BuddyAllocation // TypeDefIndex: 10888"
"798177","struct","BuddyAllocator.Header","10889","private struct BuddyAllocator.Header // TypeDefIndex: 10889"
"798187","struct","BuddyAllocator","10890","internal struct BuddyAllocator : IDisposable // TypeDefIndex: 10890"
"798293","struct","Fixed2","10891","internal struct Fixed2<T> // TypeDefIndex: 10891"
"798392","struct","PinnedArray","10892","internal struct PinnedArray<T> : IDisposable // TypeDefIndex: 10892"
"798430","class","MotionVectorsPersistentData","10893","internal sealed class MotionVectorsPersistentData // TypeDefIndex: 10893"
"798536","struct","Sorting.","10894","private struct Sorting.<>c__DisplayClass4_0<T> // TypeDefIndex: 10894"
"798543","struct","Sorting","10895","internal struct Sorting // TypeDefIndex: 10895"
"798658","enum","BloomDownscaleMode","10896","public enum BloomDownscaleMode // TypeDefIndex: 10896"
"798668","class","DownscaleParameter","10897","public sealed class DownscaleParameter : VolumeParameter<BloomDownscaleMode> // TypeDefIndex: 10897"
"798680","class","ChannelMixer","10898","public sealed class ChannelMixer : VolumeComponent, IPostProcessComponent // TypeDefIndex: 10898"
"798719","class","ChromaticAberration","10899","public sealed class ChromaticAberration : VolumeComponent, IPostProcessComponent // TypeDefIndex: 10899"
"798742","class","ColorAdjustments","10900","public sealed class ColorAdjustments : VolumeComponent, IPostProcessComponent // TypeDefIndex: 10900"
"798773","class","ColorCurves","10901","public sealed class ColorCurves : VolumeComponent, IPostProcessComponent // TypeDefIndex: 10901"
"798810","class","ColorLookup","10902","public sealed class ColorLookup : VolumeComponent, IPostProcessComponent // TypeDefIndex: 10902"
"798835","enum","DepthOfFieldMode","10903","public enum DepthOfFieldMode // TypeDefIndex: 10903"
"798848","class","DepthOfField","10904","public sealed class DepthOfField : VolumeComponent, IPostProcessComponent // TypeDefIndex: 10904"
"798889","class","DepthOfFieldModeParameter","10905","public sealed class DepthOfFieldModeParameter : VolumeParameter<DepthOfFieldMode> // TypeDefIndex: 10905"
"798898","enum","FilmGrainLookup","10906","public enum FilmGrainLookup // TypeDefIndex: 10906"
"798919","class","FilmGrain","10907","public sealed class FilmGrain : VolumeComponent, IPostProcessComponent // TypeDefIndex: 10907"
"798946","class","FilmGrainLookupParameter","10908","public sealed class FilmGrainLookupParameter : VolumeParameter<FilmGrainLookup> // TypeDefIndex: 10908"
"798958","class","LensDistortion","10909","public sealed class LensDistortion : VolumeComponent, IPostProcessComponent // TypeDefIndex: 10909"
"798989","class","LiftGammaGain","10910","public sealed class LiftGammaGain : VolumeComponent, IPostProcessComponent // TypeDefIndex: 10910"
"799010","enum","MotionBlurMode","10911","public enum MotionBlurMode // TypeDefIndex: 10911"
"799019","enum","MotionBlurQuality","10912","public enum MotionBlurQuality // TypeDefIndex: 10912"
"799032","class","MotionBlur","10913","public sealed class MotionBlur : VolumeComponent, IPostProcessComponent // TypeDefIndex: 10913"
"799059","class","MotionBlurModeParameter","10914","public sealed class MotionBlurModeParameter : VolumeParameter<MotionBlurMode> // TypeDefIndex: 10914"
"799069","class","MotionBlurQualityParameter","10915","public sealed class MotionBlurQualityParameter : VolumeParameter<MotionBlurQuality> // TypeDefIndex: 10915"
"799081","class","PaniniProjection","10916","public sealed class PaniniProjection : VolumeComponent, IPostProcessComponent // TypeDefIndex: 10916"
"799103","enum","ScreenSpaceLensFlareResolution","10917","public enum ScreenSpaceLensFlareResolution // TypeDefIndex: 10917"
"799116","class","ScreenSpaceLensFlare","10918","public class ScreenSpaceLensFlare : VolumeComponent, IPostProcessComponent // TypeDefIndex: 10918"
"799164","class","ScreenSpaceLensFlareResolutionParameter","10919","public sealed class ScreenSpaceLensFlareResolutionParameter : VolumeParameter<ScreenSpaceLensFlareResolution> // TypeDefIndex: 10919"
"799176","class","ShadowsMidtonesHighlights","10920","public sealed class ShadowsMidtonesHighlights : VolumeComponent, IPostProcessComponent // TypeDefIndex: 10920"
"799210","class","SplitToning","10921","public sealed class SplitToning : VolumeComponent, IPostProcessComponent // TypeDefIndex: 10921"
"799234","enum","TonemappingMode","10922","public enum TonemappingMode // TypeDefIndex: 10922"
"799244","enum","NeutralRangeReductionMode","10923","public enum NeutralRangeReductionMode // TypeDefIndex: 10923"
"799253","enum","HDRACESPreset","10924","public enum HDRACESPreset // TypeDefIndex: 10924"
"799266","class","Tonemapping","10925","public sealed class Tonemapping : VolumeComponent, IPostProcessComponent // TypeDefIndex: 10925"
"799304","class","TonemappingModeParameter","10926","public sealed class TonemappingModeParameter : VolumeParameter<TonemappingMode> // TypeDefIndex: 10926"
"799314","class","NeutralRangeReductionModeParameter","10927","public sealed class NeutralRangeReductionModeParameter : VolumeParameter<NeutralRangeReductionMode> // TypeDefIndex: 10927"
"799324","class","HDRACESPresetParameter","10928","public sealed class HDRACESPresetParameter : VolumeParameter<HDRACESPreset> // TypeDefIndex: 10928"
"799336","class","Vignette","10929","public sealed class Vignette : VolumeComponent, IPostProcessComponent // TypeDefIndex: 10929"
"799367","class","WhiteBalance","10930","public sealed class WhiteBalance : VolumeComponent, IPostProcessComponent // TypeDefIndex: 10930"
"799390","enum","AdditionalLightsShadowAtlasLayout.ShadowResolutionRequest.SettingsOptions","10931","private enum AdditionalLightsShadowAtlasLayout.ShadowResolutionRequest.SettingsOptions // TypeDefIndex: 10931"
"799401","struct","AdditionalLightsShadowAtlasLayout.ShadowResolutionRequest","10932","internal struct AdditionalLightsShadowAtlasLayout.ShadowResolutionRequest // TypeDefIndex: 10932"
"799434","class","AdditionalLightsShadowAtlasLayout.","10933","private sealed class AdditionalLightsShadowAtlasLayout.<>c // TypeDefIndex: 10933"
"799453","struct","AdditionalLightsShadowAtlasLayout","10934","internal struct AdditionalLightsShadowAtlasLayout // TypeDefIndex: 10934"
"799509","class","CapturePass.UnsafePassData","10935","private class CapturePass.UnsafePassData // TypeDefIndex: 10935"
"799524","class","CapturePass.","10936","private sealed class CapturePass.<>c // TypeDefIndex: 10936"
"799543","class","CapturePass","10937","internal class CapturePass : ScriptableRenderPass // TypeDefIndex: 10937"
"799562","class","DrawScreenSpaceUIPass.PassData","10938","private class DrawScreenSpaceUIPass.PassData // TypeDefIndex: 10938"
"799574","class","DrawScreenSpaceUIPass.UnsafePassData","10939","private class DrawScreenSpaceUIPass.UnsafePassData // TypeDefIndex: 10939"
"799589","class","DrawScreenSpaceUIPass.","10940","private sealed class DrawScreenSpaceUIPass.<>c // TypeDefIndex: 10940"
"799620","class","DrawScreenSpaceUIPass","10941","internal class DrawScreenSpaceUIPass : ScriptableRenderPass // TypeDefIndex: 10941"
"799672","class","DrawSkyboxPass.PassData","10942","private class DrawSkyboxPass.PassData // TypeDefIndex: 10942"
"799688","class","DrawSkyboxPass.","10943","private sealed class DrawSkyboxPass.<>c // TypeDefIndex: 10943"
"799707","class","DrawSkyboxPass","10944","public class DrawSkyboxPass : ScriptableRenderPass // TypeDefIndex: 10944"
"799735","enum","HDRDebugViewPass.HDRDebugPassId","10945","private enum HDRDebugViewPass.HDRDebugPassId // TypeDefIndex: 10945"
"799744","class","HDRDebugViewPass.PassDataCIExy","10946","private class HDRDebugViewPass.PassDataCIExy // TypeDefIndex: 10946"
"799760","class","HDRDebugViewPass.PassDataDebugView","10947","private class HDRDebugViewPass.PassDataDebugView // TypeDefIndex: 10947"
"799779","class","HDRDebugViewPass.ShaderConstants","10948","internal class HDRDebugViewPass.ShaderConstants // TypeDefIndex: 10948"
"799800","class","HDRDebugViewPass.","10949","private sealed class HDRDebugViewPass.<>c // TypeDefIndex: 10949"
"799823","class","HDRDebugViewPass","10950","internal class HDRDebugViewPass : ScriptableRenderPass // TypeDefIndex: 10950"
"799867","class","InvokeOnRenderObjectCallbackPass.PassData","10951","private class InvokeOnRenderObjectCallbackPass.PassData // TypeDefIndex: 10951"
"799882","class","InvokeOnRenderObjectCallbackPass.","10952","private sealed class InvokeOnRenderObjectCallbackPass.<>c // TypeDefIndex: 10952"
"799901","class","InvokeOnRenderObjectCallbackPass","10953","internal class InvokeOnRenderObjectCallbackPass : ScriptableRenderPass // TypeDefIndex: 10953"
"799917","class","MotionVectorRenderPass.PassData","10954","private class MotionVectorRenderPass.PassData // TypeDefIndex: 10954"
"799936","class","MotionVectorRenderPass.MotionMatrixPassData","10955","public class MotionVectorRenderPass.MotionMatrixPassData // TypeDefIndex: 10955"
"799951","class","MotionVectorRenderPass.","10956","private sealed class MotionVectorRenderPass.<>c // TypeDefIndex: 10956"
"799974","class","MotionVectorRenderPass","10957","internal sealed class MotionVectorRenderPass : ScriptableRenderPass // TypeDefIndex: 10957"
"800038","class","PostProcessPass.MaterialLibrary","10958","private class PostProcessPass.MaterialLibrary // TypeDefIndex: 10958"
"800072","class","PostProcessPass.ShaderConstants","10959","private static class PostProcessPass.ShaderConstants // TypeDefIndex: 10959"
"800133","class","PostProcessPass.UpdateCameraResolutionPassData","10960","private class PostProcessPass.UpdateCameraResolutionPassData // TypeDefIndex: 10960"
"800145","class","PostProcessPass.StopNaNsPassData","10961","private class PostProcessPass.StopNaNsPassData // TypeDefIndex: 10961"
"800159","class","PostProcessPass.SMAASetupPassData","10962","private class PostProcessPass.SMAASetupPassData // TypeDefIndex: 10962"
"800177","class","PostProcessPass.SMAAPassData","10963","private class PostProcessPass.SMAAPassData // TypeDefIndex: 10963"
"800193","class","PostProcessPass.UberSetupBloomPassData","10964","private class PostProcessPass.UberSetupBloomPassData // TypeDefIndex: 10964"
"800211","class","PostProcessPass.BloomPassData","10965","private class PostProcessPass.BloomPassData // TypeDefIndex: 10965"
"800228","struct","PostProcessPass.BloomMaterialParams","10966","internal struct PostProcessPass.BloomMaterialParams // TypeDefIndex: 10966"
"800242","class","PostProcessPass.DoFGaussianPassData","10967","private class PostProcessPass.DoFGaussianPassData // TypeDefIndex: 10967"
"800267","class","PostProcessPass.DoFBokehPassData","10968","private class PostProcessPass.DoFBokehPassData // TypeDefIndex: 10968"
"800292","class","PostProcessPass.PaniniProjectionPassData","10969","private class PostProcessPass.PaniniProjectionPassData // TypeDefIndex: 10969"
"800309","class","PostProcessPass.MotionBlurPassData","10970","private class PostProcessPass.MotionBlurPassData // TypeDefIndex: 10970"
"800330","class","PostProcessPass.LensFlarePassData","10971","private class PostProcessPass.LensFlarePassData // TypeDefIndex: 10971"
"800351","class","PostProcessPass.LensFlareScreenSpacePassData","10972","private class PostProcessPass.LensFlareScreenSpacePassData // TypeDefIndex: 10972"
"800373","class","PostProcessPass.PostProcessingFinalSetupPassData","10973","private class PostProcessPass.PostProcessingFinalSetupPassData // TypeDefIndex: 10973"
"800388","class","PostProcessPass.PostProcessingFinalFSRScalePassData","10974","private class PostProcessPass.PostProcessingFinalFSRScalePassData // TypeDefIndex: 10974"
"800403","class","PostProcessPass.PostProcessingFinalBlitPassData","10975","private class PostProcessPass.PostProcessingFinalBlitPassData // TypeDefIndex: 10975"
"800419","struct","PostProcessPass.FinalBlitSettings","10976","public struct PostProcessPass.FinalBlitSettings // TypeDefIndex: 10976"
"800437","class","PostProcessPass.UberPostPassData","10977","private class PostProcessPass.UberPostPassData // TypeDefIndex: 10977"
"800461","class","PostProcessPass.PostFXSetupPassData","10978","private class PostProcessPass.PostFXSetupPassData // TypeDefIndex: 10978"
"800472","class","PostProcessPass.","10979","private sealed class PostProcessPass.<>c // TypeDefIndex: 10979"
"800576","struct","PostProcessPass.","10980","private struct PostProcessPass.<>c__DisplayClass89_0 // TypeDefIndex: 10980"
"800587","class","PostProcessPass","10981","internal class PostProcessPass : ScriptableRenderPass // TypeDefIndex: 10981"
"800888","class","ProbeVolumeDebugPass.WriteApvData","10982","private class ProbeVolumeDebugPass.WriteApvData // TypeDefIndex: 10982"
"800906","class","ProbeVolumeDebugPass.","10983","private sealed class ProbeVolumeDebugPass.<>c // TypeDefIndex: 10983"
"800925","class","ProbeVolumeDebugPass","10984","internal class ProbeVolumeDebugPass : ScriptableRenderPass // TypeDefIndex: 10984"
"800949","class","RenderObjectsPass.PassData","10985","private class RenderObjectsPass.PassData // TypeDefIndex: 10985"
"800969","class","RenderObjectsPass.","10986","private sealed class RenderObjectsPass.<>c // TypeDefIndex: 10986"
"800989","class","RenderObjectsPass","10987","public class RenderObjectsPass : ScriptableRenderPass // TypeDefIndex: 10987"
"801084","enum","ScreenSpaceAmbientOcclusionPass.BlurTypes","10988","private enum ScreenSpaceAmbientOcclusionPass.BlurTypes // TypeDefIndex: 10988"
"801094","enum","ScreenSpaceAmbientOcclusionPass.ShaderPasses","10989","private enum ScreenSpaceAmbientOcclusionPass.ShaderPasses // TypeDefIndex: 10989"
"801111","struct","ScreenSpaceAmbientOcclusionPass.SSAOMaterialParams","10990","private struct ScreenSpaceAmbientOcclusionPass.SSAOMaterialParams // TypeDefIndex: 10990"
"801136","class","ScreenSpaceAmbientOcclusionPass.SSAOPassData","10991","private class ScreenSpaceAmbientOcclusionPass.SSAOPassData // TypeDefIndex: 10991"
"801158","class","ScreenSpaceAmbientOcclusionPass.","10992","private sealed class ScreenSpaceAmbientOcclusionPass.<>c // TypeDefIndex: 10992"
"801177","class","ScreenSpaceAmbientOcclusionPass","10993","internal class ScreenSpaceAmbientOcclusionPass : ScriptableRenderPass // TypeDefIndex: 10993"
"801277","enum","ScriptableRenderPassInput","10994","public enum ScriptableRenderPassInput // TypeDefIndex: 10994"
"801289","enum","RenderPassEvent","10995","public enum RenderPassEvent // TypeDefIndex: 10995"
"801314","enum","FramebufferFetchEvent","10996","internal enum FramebufferFetchEvent // TypeDefIndex: 10996"
"801323","class","RenderPassEventsEnumValues","10997","internal static class RenderPassEventsEnumValues // TypeDefIndex: 10997"
"801335","class","TransparentSettingsPass","10998","internal class TransparentSettingsPass : ScriptableRenderPass // TypeDefIndex: 10998"
"801357","struct","PostProcessParams","10999","internal struct PostProcessParams // TypeDefIndex: 10999"
"801370","struct","PostProcessPasses","11000","internal struct PostProcessPasses : IDisposable // TypeDefIndex: 11000"
"801424","class","PostProcessUtils.ShaderConstants","11001","private static class PostProcessUtils.ShaderConstants // TypeDefIndex: 11001"
"801441","class","PostProcessUtils","11002","public static class PostProcessUtils // TypeDefIndex: 11002"
"801467","class","RTHandleResourcePool","11003","internal class RTHandleResourcePool // TypeDefIndex: 11003"
"801522","struct","ReflectionProbeManager.CachedProbe.","11004","public struct ReflectionProbeManager.CachedProbe.<dataIndices>e__FixedBuffer // TypeDefIndex: 11004"
"801531","struct","ReflectionProbeManager.CachedProbe.","11005","public struct ReflectionProbeManager.CachedProbe.<levels>e__FixedBuffer // TypeDefIndex: 11005"
"801538","struct","ReflectionProbeManager.CachedProbe","11006","private struct ReflectionProbeManager.CachedProbe // TypeDefIndex: 11006"
"801555","class","ReflectionProbeManager.ShaderProperties","11007","private static class ReflectionProbeManager.ShaderProperties // TypeDefIndex: 11007"
"801572","struct","ReflectionProbeManager","11008","internal struct ReflectionProbeManager : IDisposable // TypeDefIndex: 11008"
"801624","class","Renderer2DResources","11009","internal class Renderer2DResources : IRenderPipelineResources, IRenderPipelineGraphicsSettings // TypeDefIndex: 11009"
"801733","class","UniversalRenderPipelineDebugShaders","11010","public class UniversalRenderPipelineDebugShaders : IRenderPipelineResources, IRenderPipelineGraphicsSettings // TypeDefIndex: 11010"
"801788","class","UniversalRenderPipelineRuntimeShaders","11011","public class UniversalRenderPipelineRuntimeShaders : IRenderPipelineResources, IRenderPipelineGraphicsSettings // TypeDefIndex: 11011"
"801897","class","UniversalRenderPipelineRuntimeTextures","11012","public class UniversalRenderPipelineRuntimeTextures : IRenderPipelineResources, IRenderPipelineGraphicsSettings // TypeDefIndex: 11012"
"801955","class","UniversalRenderPipelineRuntimeXRResources","11013","public class UniversalRenderPipelineRuntimeXRResources : IRenderPipelineResources, IRenderPipelineGraphicsSettings // TypeDefIndex: 11013"
"802014","class","UniversalRendererResources","11014","public class UniversalRendererResources : IRenderPipelineResources, IRenderPipelineGraphicsSettings // TypeDefIndex: 11014"
"802080","struct","RenderTargetHandle","11015","public struct RenderTargetHandle // TypeDefIndex: 11015"
"802154","enum","DecalSurfaceData","11016","internal enum DecalSurfaceData // TypeDefIndex: 11016"
"802167","enum","DecalTechnique","11017","internal enum DecalTechnique // TypeDefIndex: 11017"
"802178","enum","DecalTechniqueOption","11018","internal enum DecalTechniqueOption // TypeDefIndex: 11018"
"802193","class","DBufferSettings","11019","internal class DBufferSettings // TypeDefIndex: 11019"
"802205","enum","DecalNormalBlend","11020","internal enum DecalNormalBlend // TypeDefIndex: 11020"
"802219","class","DecalScreenSpaceSettings","11021","internal class DecalScreenSpaceSettings // TypeDefIndex: 11021"
"802232","class","DecalSettings","11022","internal class DecalSettings // TypeDefIndex: 11022"
"802248","class","SharedDecalEntityManager","11023","internal class SharedDecalEntityManager : IDisposable // TypeDefIndex: 11023"
"802288","class","DecalRendererFeature","11024","public class DecalRendererFeature : ScriptableRendererFeature // TypeDefIndex: 11024"
"802399","class","DisallowMultipleRendererFeature","11025","public class DisallowMultipleRendererFeature : Attribute // TypeDefIndex: 11025"
"802423","enum","FullScreenPassRendererFeature.InjectionPoint","11026","public enum FullScreenPassRendererFeature.InjectionPoint // TypeDefIndex: 11026"
"802433","class","FullScreenPassRendererFeature.FullScreenRenderPass.CopyPassData","11027","private class FullScreenPassRendererFeature.FullScreenRenderPass.CopyPassData // TypeDefIndex: 11027"
"802445","class","FullScreenPassRendererFeature.FullScreenRenderPass.MainPassData","11028","private class FullScreenPassRendererFeature.FullScreenRenderPass.MainPassData // TypeDefIndex: 11028"
"802461","class","FullScreenPassRendererFeature.FullScreenRenderPass.","11029","private sealed class FullScreenPassRendererFeature.FullScreenRenderPass.<>c // TypeDefIndex: 11029"
"802484","class","FullScreenPassRendererFeature.FullScreenRenderPass","11030","internal class FullScreenPassRendererFeature.FullScreenRenderPass : ScriptableRenderPass // TypeDefIndex: 11030"
"802530","enum","FullScreenPassRendererFeature.Version","11031","private enum FullScreenPassRendererFeature.Version // TypeDefIndex: 11031"
"802543","class","FullScreenPassRendererFeature","11032","public class FullScreenPassRendererFeature : ScriptableRendererFeature, ISerializationCallbackReceiver // TypeDefIndex: 11032"
"802586","enum","RenderQueueType","11033","public enum RenderQueueType // TypeDefIndex: 11033"
"802595","enum","RenderObjects.RenderObjectsSettings.OverrideMaterialMode","11034","public enum RenderObjects.RenderObjectsSettings.OverrideMaterialMode // TypeDefIndex: 11034"
"802606","class","RenderObjects.RenderObjectsSettings","11035","public class RenderObjects.RenderObjectsSettings // TypeDefIndex: 11035"
"802631","class","RenderObjects.FilterSettings","11036","public class RenderObjects.FilterSettings // TypeDefIndex: 11036"
"802646","class","RenderObjects.CustomCameraSettings","11037","public class RenderObjects.CustomCameraSettings // TypeDefIndex: 11037"
"802664","class","RenderObjects","11038","public class RenderObjects : ScriptableRendererFeature // TypeDefIndex: 11038"
"802686","enum","ScreenSpaceAmbientOcclusionSettings.DepthSource","11039","internal enum ScreenSpaceAmbientOcclusionSettings.DepthSource // TypeDefIndex: 11039"
"802695","enum","ScreenSpaceAmbientOcclusionSettings.NormalQuality","11040","internal enum ScreenSpaceAmbientOcclusionSettings.NormalQuality // TypeDefIndex: 11040"
"802705","enum","ScreenSpaceAmbientOcclusionSettings.AOSampleOption","11041","internal enum ScreenSpaceAmbientOcclusionSettings.AOSampleOption // TypeDefIndex: 11041"
"802715","enum","ScreenSpaceAmbientOcclusionSettings.AOMethodOptions","11042","internal enum ScreenSpaceAmbientOcclusionSettings.AOMethodOptions // TypeDefIndex: 11042"
"802724","enum","ScreenSpaceAmbientOcclusionSettings.BlurQualityOptions","11043","internal enum ScreenSpaceAmbientOcclusionSettings.BlurQualityOptions // TypeDefIndex: 11043"
"802735","class","ScreenSpaceAmbientOcclusionSettings","11044","internal class ScreenSpaceAmbientOcclusionSettings // TypeDefIndex: 11044"
"802775","class","ScreenSpaceAmbientOcclusionPersistentResources","11045","internal class ScreenSpaceAmbientOcclusionPersistentResources : IRenderPipelineResources, IRenderPipelineGraphicsSettings // TypeDefIndex: 11045"
"802814","class","ScreenSpaceAmbientOcclusionDynamicResources","11046","internal class ScreenSpaceAmbientOcclusionDynamicResources : IRenderPipelineResources, IRenderPipelineGraphicsSettings // TypeDefIndex: 11046"
"802851","class","ScreenSpaceAmbientOcclusion","11047","public class ScreenSpaceAmbientOcclusion : ScriptableRendererFeature // TypeDefIndex: 11047"
"802897","class","ScreenSpaceShadowsSettings","11048","internal class ScreenSpaceShadowsSettings // TypeDefIndex: 11048"
"802906","class","ScreenSpaceShadows.ScreenSpaceShadowsPass.PassData","11049","private class ScreenSpaceShadows.ScreenSpaceShadowsPass.PassData // TypeDefIndex: 11049"
"802922","class","ScreenSpaceShadows.ScreenSpaceShadowsPass.","11050","private sealed class ScreenSpaceShadows.ScreenSpaceShadowsPass.<>c // TypeDefIndex: 11050"
"802941","class","ScreenSpaceShadows.ScreenSpaceShadowsPass","11051","private class ScreenSpaceShadows.ScreenSpaceShadowsPass : ScriptableRenderPass // TypeDefIndex: 11051"
"802980","class","ScreenSpaceShadows.ScreenSpaceShadowsPostPass.PassData","11052","internal class ScreenSpaceShadows.ScreenSpaceShadowsPostPass.PassData // TypeDefIndex: 11052"
"802995","class","ScreenSpaceShadows.ScreenSpaceShadowsPostPass.","11053","private sealed class ScreenSpaceShadows.ScreenSpaceShadowsPostPass.<>c // TypeDefIndex: 11053"
"803014","class","ScreenSpaceShadows.ScreenSpaceShadowsPostPass","11054","private class ScreenSpaceShadows.ScreenSpaceShadowsPostPass : ScriptableRenderPass // TypeDefIndex: 11054"
"803046","class","ScreenSpaceShadows","11055","internal class ScreenSpaceShadows : ScriptableRendererFeature // TypeDefIndex: 11055"
"803078","enum","RenderingLayerUtils.Event","11056","public enum RenderingLayerUtils.Event // TypeDefIndex: 11056"
"803087","enum","RenderingLayerUtils.MaskSize","11057","public enum RenderingLayerUtils.MaskSize // TypeDefIndex: 11057"
"803098","class","RenderingLayerUtils","11058","internal static class RenderingLayerUtils // TypeDefIndex: 11058"
"803137","class","RenderingUtils","11059","public static class RenderingUtils // TypeDefIndex: 11059"
"803315","enum","SampleCount","11060","public enum SampleCount // TypeDefIndex: 11060"
"803326","class","ScriptableRendererFeature","11061","public abstract class ScriptableRendererFeature : ScriptableObject, IDisposable // TypeDefIndex: 11061"
"803379","enum","RenderGraphSettings.Version","11062","internal enum RenderGraphSettings.Version // TypeDefIndex: 11062"
"803391","class","RenderGraphSettings","11063","public class RenderGraphSettings : IRenderPipelineGraphicsSettings // TypeDefIndex: 11063"
"803426","enum","URPDefaultVolumeProfileSettings.Version","11064","internal enum URPDefaultVolumeProfileSettings.Version // TypeDefIndex: 11064"
"803437","class","URPDefaultVolumeProfileSettings","11065","public class URPDefaultVolumeProfileSettings : IDefaultVolumeProfileSettings, IRenderPipelineGraphicsSettings // TypeDefIndex: 11065"
"803466","enum","URPShaderStrippingSetting.Version","11066","internal enum URPShaderStrippingSetting.Version // TypeDefIndex: 11066"
"803478","class","URPShaderStrippingSetting","11067","public class URPShaderStrippingSetting : IRenderPipelineGraphicsSettings // TypeDefIndex: 11067"
"803529","struct","ShaderBitArray","11068","internal struct ShaderBitArray // TypeDefIndex: 11068"
"803574","class","ShaderData","11069","internal class ShaderData : IDisposable // TypeDefIndex: 11069"
"803634","enum","ShaderPathID","11070","public enum ShaderPathID // TypeDefIndex: 11070"
"803655","class","ShaderUtils.","11071","private sealed class ShaderUtils.<>c__DisplayClass2_0 // TypeDefIndex: 11071"
"803670","class","ShaderUtils","11072","public static class ShaderUtils // TypeDefIndex: 11072"
"803697","struct","URPLightShadowCullingInfos","11073","internal struct URPLightShadowCullingInfos // TypeDefIndex: 11073"
"803711","class","ShadowCulling","11074","internal static class ShadowCulling // TypeDefIndex: 11074"
"803732","struct","ShadowSliceData","11075","public struct ShadowSliceData // TypeDefIndex: 11075"
"803750","class","ShadowUtils","11076","public static class ShadowUtils // TypeDefIndex: 11076"
"803882","class","SpaceFillingCurves","11077","internal static class SpaceFillingCurves // TypeDefIndex: 11077"
"803900","class","StpUtils","11078","internal static class StpUtils // TypeDefIndex: 11078"
"803922","class","SupportedOnRendererAttribute","11079","public class SupportedOnRendererAttribute : Attribute // TypeDefIndex: 11079"
"803945","enum","TemporalAAQuality","11080","public enum TemporalAAQuality // TypeDefIndex: 11080"
"803957","class","TemporalAA.ShaderConstants","11081","internal static class TemporalAA.ShaderConstants // TypeDefIndex: 11081"
"803974","class","TemporalAA.ShaderKeywords","11082","internal static class TemporalAA.ShaderKeywords // TypeDefIndex: 11082"
"803987","struct","TemporalAA.Settings","11083","public struct TemporalAA.Settings // TypeDefIndex: 11083"
"804062","class","TemporalAA.JitterFunc","11084","internal sealed class TemporalAA.JitterFunc : MulticastDelegate // TypeDefIndex: 11084"
"804080","class","TemporalAA.TaaPassData","11085","private class TemporalAA.TaaPassData // TypeDefIndex: 11085"
"804105","class","TemporalAA.","11086","private sealed class TemporalAA.<>c // TypeDefIndex: 11086"
"804128","class","TemporalAA","11087","public static class TemporalAA // TypeDefIndex: 11087"
"804168","struct","InclusiveRange","11088","internal struct InclusiveRange // TypeDefIndex: 11088"
"804210","struct","LightMinMaxZJob","11089","internal struct LightMinMaxZJob : IJobFor // TypeDefIndex: 11089"
"804226","struct","ReflectionProbeMinMaxZJob","11090","internal struct ReflectionProbeMinMaxZJob : IJobFor // TypeDefIndex: 11090"
"804242","struct","TileRangeExpansionJob","11091","internal struct TileRangeExpansionJob : IJobFor // TypeDefIndex: 11091"
"804261","enum","TileSize","11092","internal enum TileSize // TypeDefIndex: 11092"
"804273","class","TileSizeExtensions","11093","internal static class TileSizeExtensions // TypeDefIndex: 11093"
"804284","struct","TilingJob.","11094","private struct TilingJob.<>c__DisplayClass19_0 // TypeDefIndex: 11094"
"804296","struct","TilingJob.","11095","private struct TilingJob.<>c__DisplayClass20_0 // TypeDefIndex: 11095"
"804307","struct","TilingJob","11096","internal struct TilingJob : IJobFor // TypeDefIndex: 11096"
"804414","struct","ZBinningJob","11097","internal struct ZBinningJob : IJobFor // TypeDefIndex: 11097"
"804449","enum","CameraOverrideOption","11098","public enum CameraOverrideOption // TypeDefIndex: 11098"
"804461","enum","RendererOverrideOption","11099","public enum RendererOverrideOption // TypeDefIndex: 11099"
"804470","enum","AntialiasingMode","11100","public enum AntialiasingMode // TypeDefIndex: 11100"
"804485","enum","CameraRenderType","11101","public enum CameraRenderType // TypeDefIndex: 11101"
"804494","enum","AntialiasingQuality","11102","public enum AntialiasingQuality // TypeDefIndex: 11102"
"804505","class","CameraExtensions","11103","public static class CameraExtensions // TypeDefIndex: 11103"
"804544","class","CameraTypeUtility","11104","internal static class CameraTypeUtility // TypeDefIndex: 11104"
"804562","class","UniversalAdditionalCameraData.","11105","private sealed class UniversalAdditionalCameraData.<>c // TypeDefIndex: 11105"
"804584","class","UniversalAdditionalCameraData","11106","public class UniversalAdditionalCameraData : MonoBehaviour, ISerializationCallbackReceiver, IAdditionalData // TypeDefIndex: 11106"
"804881","enum","LightLayerEnum","11107","public enum LightLayerEnum // TypeDefIndex: 11107"
"804899","class","LightExtensions","11108","public static class LightExtensions // TypeDefIndex: 11108"
"804911","class","UniversalAdditionalLightData","11109","public class UniversalAdditionalLightData : MonoBehaviour, ISerializationCallbackReceiver, IAdditionalData // TypeDefIndex: 11109"
"805049","class","UniversalCameraHistory.TypeId","11110","private static class UniversalCameraHistory.TypeId<T> // TypeDefIndex: 11110"
"805069","struct","UniversalCameraHistory.Item","11111","private struct UniversalCameraHistory.Item // TypeDefIndex: 11111"
"805083","class","UniversalCameraHistory","11112","public class UniversalCameraHistory : ICameraHistoryReadAccess, ICameraHistoryWriteAccess, IPerFrameHistoryAccessTracker, IDisposable // TypeDefIndex: 11112"
"805167","class","UniversalRenderPipeline.CameraMetadataCache.CameraMetadataCacheEntry","11113","public class UniversalRenderPipeline.CameraMetadataCache.CameraMetadataCacheEntry // TypeDefIndex: 11113"
"805180","class","UniversalRenderPipeline.CameraMetadataCache","11114","internal static class UniversalRenderPipeline.CameraMetadataCache // TypeDefIndex: 11114"
"805196","class","UniversalRenderPipeline.Profiling.Pipeline.Renderer","11115","public static class UniversalRenderPipeline.Profiling.Pipeline.Renderer // TypeDefIndex: 11115"
"805210","class","UniversalRenderPipeline.Profiling.Pipeline.Context","11116","public static class UniversalRenderPipeline.Profiling.Pipeline.Context // TypeDefIndex: 11116"
"805223","class","UniversalRenderPipeline.Profiling.Pipeline","11117","public static class UniversalRenderPipeline.Profiling.Pipeline // TypeDefIndex: 11117"
"805246","class","UniversalRenderPipeline.Profiling","11118","internal static class UniversalRenderPipeline.Profiling // TypeDefIndex: 11118"
"805251","struct","UniversalRenderPipeline.CameraRenderingScope","11119","private struct UniversalRenderPipeline.CameraRenderingScope : IDisposable // TypeDefIndex: 11119"
"805273","struct","UniversalRenderPipeline.ContextRenderingScope","11120","private struct UniversalRenderPipeline.ContextRenderingScope : IDisposable // TypeDefIndex: 11120"
"805294","class","UniversalRenderPipeline.SingleCameraRequest","11121","public class UniversalRenderPipeline.SingleCameraRequest // TypeDefIndex: 11121"
"805311","class","UniversalRenderPipeline.","11122","private sealed class UniversalRenderPipeline.<>c // TypeDefIndex: 11122"
"805333","class","UniversalRenderPipeline","11123","public sealed class UniversalRenderPipeline : RenderPipeline // TypeDefIndex: 11123"
"805649","class","NativeArrayExtensions","11124","internal static class NativeArrayExtensions // TypeDefIndex: 11124"
"805688","enum","MixedLightingSetup","11125","public enum MixedLightingSetup // TypeDefIndex: 11125"
"805698","enum","ImageScalingMode","11126","internal enum ImageScalingMode // TypeDefIndex: 11126"
"805708","enum","ImageUpscalingFilter","11127","internal enum ImageUpscalingFilter // TypeDefIndex: 11127"
"805719","struct","RenderingData","11128","public struct RenderingData // TypeDefIndex: 11128"
"805761","struct","LightData","11129","public struct LightData // TypeDefIndex: 11129"
"805819","struct","CameraData","11130","public struct CameraData // TypeDefIndex: 11130"
"806108","struct","ShadowData","11131","public struct ShadowData // TypeDefIndex: 11131"
"806214","struct","PreTile","11132","public struct PreTile // TypeDefIndex: 11132"
"806224","struct","TileData","11133","public struct TileData // TypeDefIndex: 11133"
"806234","struct","PunctualLightData","11134","public struct PunctualLightData // TypeDefIndex: 11134"
"806248","class","ShaderPropertyId","11135","internal static class ShaderPropertyId // TypeDefIndex: 11135"
"806316","struct","PostProcessingData","11136","public struct PostProcessingData // TypeDefIndex: 11136"
"806354","class","ShaderGlobalKeywords","11137","internal static class ShaderGlobalKeywords // TypeDefIndex: 11137"
"806442","class","ShaderKeywordStrings","11138","public static class ShaderKeywordStrings // TypeDefIndex: 11138"
"806551","enum","URPProfileId","11139","internal enum URPProfileId // TypeDefIndex: 11139"
"806644","class","PlatformAutoDetect.PlatformDetectionCache","11140","private sealed class PlatformAutoDetect.PlatformDetectionCache // TypeDefIndex: 11140"
"806662","class","PlatformAutoDetect.","11141","private sealed class PlatformAutoDetect.<>c // TypeDefIndex: 11141"
"806680","class","PlatformAutoDetect","11142","internal static class PlatformAutoDetect // TypeDefIndex: 11142"
"806720","enum","RenderingMode","11143","public enum RenderingMode // TypeDefIndex: 11143"
"806731","enum","DepthPrimingMode","11144","public enum DepthPrimingMode // TypeDefIndex: 11144"
"806741","class","UniversalRenderer.Profiling","11145","private static class UniversalRenderer.Profiling // TypeDefIndex: 11145"
"806754","struct","UniversalRenderer.RenderPassInputSummary","11146","private struct UniversalRenderer.RenderPassInputSummary // TypeDefIndex: 11146"
"806768","class","UniversalRenderer.CopyToDebugTexturePassData","11147","private class UniversalRenderer.CopyToDebugTexturePassData // TypeDefIndex: 11147"
"806781","enum","UniversalRenderer.DepthCopySchedule","11148","private enum UniversalRenderer.DepthCopySchedule // TypeDefIndex: 11148"
"806795","enum","UniversalRenderer.ColorCopySchedule","11149","private enum UniversalRenderer.ColorCopySchedule // TypeDefIndex: 11149"
"806804","struct","UniversalRenderer.TextureCopySchedules","11150","private struct UniversalRenderer.TextureCopySchedules // TypeDefIndex: 11150"
"806814","class","UniversalRenderer.","11151","private sealed class UniversalRenderer.<>c // TypeDefIndex: 11151"
"806845","class","UniversalRenderer","11152","public sealed class UniversalRenderer : ScriptableRenderer // TypeDefIndex: 11152"
"807278","enum","CopyDepthMode","11153","public enum CopyDepthMode // TypeDefIndex: 11153"
"807289","enum","RenderPathCompatibility","11154","public enum RenderPathCompatibility // TypeDefIndex: 11154"
"807301","class","RenderPathCompatibleAttribute","11155","internal sealed class RenderPathCompatibleAttribute : Attribute // TypeDefIndex: 11155"
"807313","enum","DepthFormat","11156","public enum DepthFormat // TypeDefIndex: 11156"
"807334","enum","UniversalResource","11157","public enum UniversalResource // TypeDefIndex: 11157"
"807370","class","RenderGraphUtils.PassData","11158","private class RenderGraphUtils.PassData // TypeDefIndex: 11158"
"807385","class","RenderGraphUtils.","11159","private sealed class RenderGraphUtils.<>c // TypeDefIndex: 11159"
"807404","class","RenderGraphUtils","11160","internal static class RenderGraphUtils // TypeDefIndex: 11160"
"807425","class","ClearTargetsPass.PassData","11161","private class ClearTargetsPass.PassData // TypeDefIndex: 11161"
"807442","class","ClearTargetsPass.","11162","private sealed class ClearTargetsPass.<>c // TypeDefIndex: 11162"
"807461","class","ClearTargetsPass","11163","internal class ClearTargetsPass // TypeDefIndex: 11163"
"807483","class","VolumeRequiresRendererFeatures","11164","public sealed class VolumeRequiresRendererFeatures : Attribute // TypeDefIndex: 11164"
"807495","class","XRPassUniversal","11165","internal class XRPassUniversal : XRPass // TypeDefIndex: 11165"
"807558","class","XRSystemUniversal","11166","internal static class XRSystemUniversal // TypeDefIndex: 11166"
"807582","class","DeferredConfig","11167","internal static class DeferredConfig // TypeDefIndex: 11167"
"807614","enum","LightFlag","11168","internal enum LightFlag // TypeDefIndex: 11168"
"807622","class","DeferredLights.ShaderConstants","11169","internal static class DeferredLights.ShaderConstants // TypeDefIndex: 11169"
"807673","enum","DeferredLights.StencilDeferredPasses","11170","internal enum DeferredLights.StencilDeferredPasses // TypeDefIndex: 11170"
"807688","struct","DeferredLights.InitParams","11171","internal struct DeferredLights.InitParams // TypeDefIndex: 11171"
"807696","class","DeferredLights.SetupLightPassData","11172","private class DeferredLights.SetupLightPassData // TypeDefIndex: 11172"
"807713","class","DeferredLights.","11173","private sealed class DeferredLights.<>c // TypeDefIndex: 11173"
"807732","class","DeferredLights","11174","internal class DeferredLights // TypeDefIndex: 11174"
"808156","class","AdditionalLightsShadowCasterPass.AdditionalShadowsConstantBuffer","11175","private static class AdditionalLightsShadowCasterPass.AdditionalShadowsConstantBuffer // TypeDefIndex: 11175"
"808176","class","AdditionalLightsShadowCasterPass.PassData","11176","private class AdditionalLightsShadowCasterPass.PassData // TypeDefIndex: 11176"
"808202","class","AdditionalLightsShadowCasterPass.","11177","private sealed class AdditionalLightsShadowCasterPass.<>c // TypeDefIndex: 11177"
"808221","class","AdditionalLightsShadowCasterPass","11178","public class AdditionalLightsShadowCasterPass : ScriptableRenderPass // TypeDefIndex: 11178"
"808345","class","ForwardLights.LightConstantBuffer","11179","private static class ForwardLights.LightConstantBuffer // TypeDefIndex: 11179"
"808362","struct","ForwardLights.InitParams","11180","internal struct ForwardLights.InitParams // TypeDefIndex: 11180"
"808375","class","ForwardLights.SetupLightPassData","11181","private class ForwardLights.SetupLightPassData // TypeDefIndex: 11181"
"808392","class","ForwardLights.","11182","private sealed class ForwardLights.<>c // TypeDefIndex: 11182"
"808411","class","ForwardLights","11183","public class ForwardLights // TypeDefIndex: 11183"
"808509","class","NormalReconstruction","11184","public static class NormalReconstruction // TypeDefIndex: 11184"
"808534","class","ColorGradingLutPass.PassData","11185","private class ColorGradingLutPass.PassData // TypeDefIndex: 11185"
"808551","class","ColorGradingLutPass.ShaderConstants","11186","private static class ColorGradingLutPass.ShaderConstants // TypeDefIndex: 11186"
"808588","class","ColorGradingLutPass.","11187","private sealed class ColorGradingLutPass.<>c // TypeDefIndex: 11187"
"808607","class","ColorGradingLutPass","11188","public class ColorGradingLutPass : ScriptableRenderPass // TypeDefIndex: 11188"
"808651","class","CopyColorPass.PassData","11189","private class CopyColorPass.PassData // TypeDefIndex: 11189"
"808671","class","CopyColorPass.","11190","private sealed class CopyColorPass.<>c // TypeDefIndex: 11190"
"808690","class","CopyColorPass","11191","public class CopyColorPass : ScriptableRenderPass // TypeDefIndex: 11191"
"808760","class","CopyDepthPass.ShaderConstants","11192","private static class CopyDepthPass.ShaderConstants // TypeDefIndex: 11192"
"808774","class","CopyDepthPass.PassData","11193","private class CopyDepthPass.PassData // TypeDefIndex: 11193"
"808794","class","CopyDepthPass.","11194","private sealed class CopyDepthPass.<>c // TypeDefIndex: 11194"
"808813","class","CopyDepthPass","11195","public class CopyDepthPass : ScriptableRenderPass // TypeDefIndex: 11195"
"808922","class","DeferredPass.PassData","11196","private class DeferredPass.PassData // TypeDefIndex: 11196"
"808942","class","DeferredPass.","11197","private sealed class DeferredPass.<>c // TypeDefIndex: 11197"
"808961","class","DeferredPass","11198","internal class DeferredPass : ScriptableRenderPass // TypeDefIndex: 11198"
"808987","class","DepthNormalOnlyPass.PassData","11199","private class DepthNormalOnlyPass.PassData // TypeDefIndex: 11199"
"809005","class","DepthNormalOnlyPass.","11200","private sealed class DepthNormalOnlyPass.<>c // TypeDefIndex: 11200"
"809024","class","DepthNormalOnlyPass","11201","public class DepthNormalOnlyPass : ScriptableRenderPass // TypeDefIndex: 11201"
"809143","class","DepthOnlyPass.PassData","11202","private class DepthOnlyPass.PassData // TypeDefIndex: 11202"
"809157","class","DepthOnlyPass.","11203","private sealed class DepthOnlyPass.<>c // TypeDefIndex: 11203"
"809176","class","DepthOnlyPass","11204","public class DepthOnlyPass : ScriptableRenderPass // TypeDefIndex: 11204"
"809239","class","DrawObjectsPass.PassData","11205","internal class DrawObjectsPass.PassData // TypeDefIndex: 11205"
"809264","class","DrawObjectsPass.","11206","private sealed class DrawObjectsPass.<>c // TypeDefIndex: 11206"
"809283","class","DrawObjectsPass","11207","public class DrawObjectsPass : ScriptableRenderPass // TypeDefIndex: 11207"
"809330","class","DrawObjectsWithRenderingLayersPass.RenderingLayersPassData","11208","private class DrawObjectsWithRenderingLayersPass.RenderingLayersPassData // TypeDefIndex: 11208"
"809345","class","DrawObjectsWithRenderingLayersPass.","11209","private sealed class DrawObjectsWithRenderingLayersPass.<>c // TypeDefIndex: 11209"
"809364","class","DrawObjectsWithRenderingLayersPass","11210","internal class DrawObjectsWithRenderingLayersPass : DrawObjectsPass // TypeDefIndex: 11210"
"809391","class","FinalBlitPass.BlitPassNames","11211","private static class FinalBlitPass.BlitPassNames // TypeDefIndex: 11211"
"809399","enum","FinalBlitPass.BlitType","11212","private enum FinalBlitPass.BlitType // TypeDefIndex: 11212"
"809409","struct","FinalBlitPass.BlitMaterialData","11213","private struct FinalBlitPass.BlitMaterialData // TypeDefIndex: 11213"
"809418","class","FinalBlitPass.PassData","11214","private class FinalBlitPass.PassData // TypeDefIndex: 11214"
"809439","class","FinalBlitPass.","11215","private sealed class FinalBlitPass.<>c // TypeDefIndex: 11215"
"809458","class","FinalBlitPass","11216","public class FinalBlitPass : ScriptableRenderPass // TypeDefIndex: 11216"
"809506","class","GBufferPass.PassData","11217","private class GBufferPass.PassData // TypeDefIndex: 11217"
"809526","class","GBufferPass.","11218","private sealed class GBufferPass.<>c // TypeDefIndex: 11218"
"809545","class","GBufferPass","11219","internal class GBufferPass : ScriptableRenderPass // TypeDefIndex: 11219"
"809593","class","MainLightShadowCasterPass.MainLightShadowConstantBuffer","11220","private static class MainLightShadowCasterPass.MainLightShadowConstantBuffer // TypeDefIndex: 11220"
"809615","class","MainLightShadowCasterPass.PassData","11221","private class MainLightShadowCasterPass.PassData // TypeDefIndex: 11221"
"809638","class","MainLightShadowCasterPass.","11222","private sealed class MainLightShadowCasterPass.<>c // TypeDefIndex: 11222"
"809657","class","MainLightShadowCasterPass","11223","public class MainLightShadowCasterPass : ScriptableRenderPass // TypeDefIndex: 11223"
"809738","struct","RenderTargetBufferSystem.SwapBuffer","11224","private struct RenderTargetBufferSystem.SwapBuffer // TypeDefIndex: 11224"
"809748","class","RenderTargetBufferSystem","11225","internal sealed class RenderTargetBufferSystem // TypeDefIndex: 11225"
"809808","enum","StencilUsage","11226","internal enum StencilUsage // TypeDefIndex: 11226"
"809870","class","EmbeddedAttribute","11235","internal sealed class EmbeddedAttribute : Attribute // TypeDefIndex: 11235"
"809882","class","NullableAttribute","11236","internal sealed class NullableAttribute : Attribute // TypeDefIndex: 11236"
"809897","class","NullableContextAttribute","11237","internal sealed class NullableContextAttribute : Attribute // TypeDefIndex: 11237"
"809909","class","SR","11238","internal static class SR // TypeDefIndex: 11238"
"809927","class","LocalAppContextSwitches","11239","internal static class LocalAppContextSwitches // TypeDefIndex: 11239"
"809944","class","LocalAppContext.","11240","private sealed class LocalAppContext.<>c // TypeDefIndex: 11240"
"809963","class","LocalAppContext","11241","internal class LocalAppContext // TypeDefIndex: 11241"
"809990","class","DataColumn","11242","public class DataColumn : MarshalByValueComponent // TypeDefIndex: 11242"
"810433","class","AutoIncrementValue","11243","internal abstract class AutoIncrementValue // TypeDefIndex: 11243"
"810494","class","AutoIncrementInt64","11244","internal sealed class AutoIncrementInt64 : AutoIncrementValue // TypeDefIndex: 11244"
"810547","class","AutoIncrementBigInteger","11245","internal sealed class AutoIncrementBigInteger : AutoIncrementValue // TypeDefIndex: 11245"
"810601","class","DataException","11246","public class DataException : SystemException // TypeDefIndex: 11246"
"810620","class","ConstraintException","11247","public class ConstraintException : DataException // TypeDefIndex: 11247"
"810636","class","DeletedRowInaccessibleException","11248","public class DeletedRowInaccessibleException : DataException // TypeDefIndex: 11248"
"810652","class","DuplicateNameException","11249","public class DuplicateNameException : DataException // TypeDefIndex: 11249"
"810668","class","InRowChangingEventException","11250","public class InRowChangingEventException : DataException // TypeDefIndex: 11250"
"810684","class","InvalidConstraintException","11251","public class InvalidConstraintException : DataException // TypeDefIndex: 11251"
"810700","class","NoNullAllowedException","11252","public class NoNullAllowedException : DataException // TypeDefIndex: 11252"
"810716","class","ReadOnlyException","11253","public class ReadOnlyException : DataException // TypeDefIndex: 11253"
"810732","class","RowNotInTableException","11254","public class RowNotInTableException : DataException // TypeDefIndex: 11254"
"810748","class","VersionNotFoundException","11255","public class VersionNotFoundException : DataException // TypeDefIndex: 11255"
"810763","class","ExceptionBuilder","11256","internal static class ExceptionBuilder // TypeDefIndex: 11256"
"811550","class","DataSet","11257","public class DataSet : MarshalByValueComponent, IXmlSerializable, ISerializable // TypeDefIndex: 11257"
"811872","struct","DataTable.RowDiffIdUsageSection","11258","internal struct DataTable.RowDiffIdUsageSection // TypeDefIndex: 11258"
"811884","struct","DataTable.DSRowDiffIdUsageSection","11259","internal struct DataTable.DSRowDiffIdUsageSection // TypeDefIndex: 11259"
"811902","class","DataTable","11260","public class DataTable : MarshalByValueComponent, ISerializable, IXmlSerializable // TypeDefIndex: 11260"
"812668","class","FunctionNode","11261","internal sealed class FunctionNode : ExpressionNode // TypeDefIndex: 11261"
"812741","enum","FunctionId","11262","internal enum FunctionId // TypeDefIndex: 11262"
"812787","class","Function","11263","internal sealed class Function // TypeDefIndex: 11263"
"812811","class","TypeLimiter.Scope.","11264","private sealed class TypeLimiter.Scope.<>c // TypeDefIndex: 11264"
"812830","class","TypeLimiter.Scope","11265","private sealed class TypeLimiter.Scope : IDisposable // TypeDefIndex: 11265"
"812859","class","TypeLimiter.","11266","private sealed class TypeLimiter.<>c // TypeDefIndex: 11266"
"812882","class","TypeLimiter","11267","internal sealed class TypeLimiter // TypeDefIndex: 11267"
"812923","enum","AcceptRejectRule","11268","public enum AcceptRejectRule // TypeDefIndex: 11268"
"812932","enum","AggregateType","11269","internal enum AggregateType // TypeDefIndex: 11269"
"812948","class","InternalDataCollectionBase","11270","public class InternalDataCollectionBase : ICollection, IEnumerable // TypeDefIndex: 11270"
"812993","class","ColumnTypeConverter","11271","internal sealed class ColumnTypeConverter : TypeConverter // TypeDefIndex: 11271"
"813031","class","DataCommonEventSource","11272","internal class DataCommonEventSource : EventSource // TypeDefIndex: 11272"
"813229","class","Constraint","11273","public abstract class Constraint // TypeDefIndex: 11273"
"813321","class","ConstraintCollection","11274","public sealed class ConstraintCollection : InternalDataCollectionBase // TypeDefIndex: 11274"
"813437","class","ConstraintConverter","11275","internal sealed class ConstraintConverter : ExpandableObjectConverter // TypeDefIndex: 11275"
"813452","class","ConstraintEnumerator","11276","internal class ConstraintEnumerator // TypeDefIndex: 11276"
"813481","class","ForeignKeyConstraintEnumerator","11277","internal class ForeignKeyConstraintEnumerator : ConstraintEnumerator // TypeDefIndex: 11277"
"813496","class","ChildForeignKeyConstraintEnumerator","11278","internal sealed class ChildForeignKeyConstraintEnumerator : ForeignKeyConstraintEnumerator // TypeDefIndex: 11278"
"813511","class","ParentForeignKeyConstraintEnumerator","11279","internal sealed class ParentForeignKeyConstraintEnumerator : ForeignKeyConstraintEnumerator // TypeDefIndex: 11279"
"813526","class","DataColumnChangeEventArgs","11280","public class DataColumnChangeEventArgs : EventArgs // TypeDefIndex: 11280"
"813559","class","DataColumnChangeEventHandler","11281","public sealed class DataColumnChangeEventHandler : MulticastDelegate // TypeDefIndex: 11281"
"813573","class","DataColumnCollection","11282","public sealed class DataColumnCollection : InternalDataCollectionBase // TypeDefIndex: 11282"
"813723","class","DataColumnPropertyDescriptor","11283","internal sealed class DataColumnPropertyDescriptor : PropertyDescriptor // TypeDefIndex: 11283"
"813780","struct","DataError.ColumnError","11284","internal struct DataError.ColumnError // TypeDefIndex: 11284"
"813788","class","DataError","11285","internal sealed class DataError // TypeDefIndex: 11285"
"813840","struct","DataKey","11286","internal struct DataKey // TypeDefIndex: 11286"
"813910","class","DataRelation","11287","public class DataRelation // TypeDefIndex: 11287"
"814095","class","DataRelationCollection.DataTableRelationCollection","11288","internal sealed class DataRelationCollection.DataTableRelationCollection : DataRelationCollection // TypeDefIndex: 11288"
"814152","class","DataRelationCollection.DataSetRelationCollection","11289","internal sealed class DataRelationCollection.DataSetRelationCollection : DataRelationCollection // TypeDefIndex: 11289"
"814195","class","DataRelationCollection","11290","public abstract class DataRelationCollection : InternalDataCollectionBase // TypeDefIndex: 11290"
"814277","class","DataRelationPropertyDescriptor","11291","internal sealed class DataRelationPropertyDescriptor : PropertyDescriptor // TypeDefIndex: 11291"
"814331","class","DataRow","11292","public class DataRow // TypeDefIndex: 11292"
"814570","class","DataRowBuilder","11293","public sealed class DataRowBuilder // TypeDefIndex: 11293"
"814584","enum","DataRowAction","11294","public enum DataRowAction // TypeDefIndex: 11294"
"814599","class","DataRowChangeEventArgs","11295","public class DataRowChangeEventArgs : EventArgs // TypeDefIndex: 11295"
"814614","class","DataRowChangeEventHandler","11296","public sealed class DataRowChangeEventHandler : MulticastDelegate // TypeDefIndex: 11296"
"814626","class","DataRowCollection.DataRowTree","11297","private sealed class DataRowCollection.DataRowTree : RBTree<DataRow> // TypeDefIndex: 11297"
"814642","class","DataRowCollection","11298","public sealed class DataRowCollection : InternalDataCollectionBase // TypeDefIndex: 11298"
"814699","class","DataRowCreatedEventHandler","11299","internal sealed class DataRowCreatedEventHandler : MulticastDelegate // TypeDefIndex: 11299"
"814711","class","DataSetClearEventhandler","11300","internal sealed class DataSetClearEventhandler : MulticastDelegate // TypeDefIndex: 11300"
"814724","enum","DataRowState","11301","public enum DataRowState // TypeDefIndex: 11301"
"814736","enum","DataRowVersion","11302","public enum DataRowVersion // TypeDefIndex: 11302"
"814748","class","DataRowView","11303","public class DataRowView : ICustomTypeDescriptor, INotifyPropertyChanged // TypeDefIndex: 11303"
"814839","enum","SerializationFormat","11304","public enum SerializationFormat // TypeDefIndex: 11304"
"814848","enum","DataSetDateTime","11305","public enum DataSetDateTime // TypeDefIndex: 11305"
"814859","class","DataTableClearEventArgs","11306","public sealed class DataTableClearEventArgs : EventArgs // TypeDefIndex: 11306"
"814872","class","DataTableClearEventHandler","11307","public sealed class DataTableClearEventHandler : MulticastDelegate // TypeDefIndex: 11307"
"814887","class","DataTableCollection","11308","public sealed class DataTableCollection : InternalDataCollectionBase // TypeDefIndex: 11308"
"815003","class","DataTableNewRowEventArgs","11309","public sealed class DataTableNewRowEventArgs : EventArgs // TypeDefIndex: 11309"
"815016","class","DataTableNewRowEventHandler","11310","public sealed class DataTableNewRowEventHandler : MulticastDelegate // TypeDefIndex: 11310"
"815028","class","DataTableTypeConverter","11311","internal sealed class DataTableTypeConverter : ReferenceConverter // TypeDefIndex: 11311"
"815040","class","DataView.DataRowReferenceComparer","11312","private sealed class DataView.DataRowReferenceComparer : IEqualityComparer<DataRow> // TypeDefIndex: 11312"
"815064","class","DataView","11313","public class DataView : MarshalByValueComponent, IBindingList, IList, ICollection, IEnumerable // TypeDefIndex: 11313"
"815307","class","DataViewListener","11314","internal sealed class DataViewListener // TypeDefIndex: 11314"
"815358","class","DataViewManager","11315","public class DataViewManager : MarshalByValueComponent // TypeDefIndex: 11315"
"815380","enum","DataViewRowState","11316","public enum DataViewRowState // TypeDefIndex: 11316"
"815396","class","DataViewSetting","11317","public class DataViewSetting // TypeDefIndex: 11317"
"815438","class","DataViewSettingCollection","11318","public class DataViewSettingCollection // TypeDefIndex: 11318"
"815460","class","DefaultValueTypeConverter","11319","internal sealed class DefaultValueTypeConverter : StringConverter // TypeDefIndex: 11319"
"815475","enum","Aggregate","11320","internal enum Aggregate // TypeDefIndex: 11320"
"815490","class","AggregateNode","11321","internal sealed class AggregateNode : ExpressionNode // TypeDefIndex: 11321"
"815545","enum","BinaryNode.DataTypePrecedence","11322","private enum BinaryNode.DataTypePrecedence // TypeDefIndex: 11322"
"815586","class","BinaryNode","11323","internal class BinaryNode : ExpressionNode // TypeDefIndex: 11323"
"815666","class","LikeNode","11324","internal sealed class LikeNode : BinaryNode // TypeDefIndex: 11324"
"815685","class","ConstNode","11325","internal sealed class ConstNode : ExpressionNode // TypeDefIndex: 11325"
"815733","class","DataExpression","11326","internal sealed class DataExpression : IFilter // TypeDefIndex: 11326"
"815798","class","ExpressionNode","11327","internal abstract class ExpressionNode // TypeDefIndex: 11327"
"815887","enum","ValueType","11328","internal enum ValueType // TypeDefIndex: 11328"
"815903","enum","Nodes","11329","internal enum Nodes // TypeDefIndex: 11329"
"815922","struct","ExpressionParser.ReservedWords","11330","private struct ExpressionParser.ReservedWords // TypeDefIndex: 11330"
"815936","class","ExpressionParser","11331","internal sealed class ExpressionParser // TypeDefIndex: 11331"
"816037","enum","Tokens","11332","internal enum Tokens // TypeDefIndex: 11332"
"816063","class","OperatorInfo","11333","internal sealed class OperatorInfo // TypeDefIndex: 11333"
"816078","class","InvalidExpressionException","11334","public class InvalidExpressionException : DataException // TypeDefIndex: 11334"
"816094","class","EvaluateException","11335","public class EvaluateException : InvalidExpressionException // TypeDefIndex: 11335"
"816110","class","SyntaxErrorException","11336","public class SyntaxErrorException : InvalidExpressionException // TypeDefIndex: 11336"
"816125","class","ExprException","11337","internal sealed class ExprException // TypeDefIndex: 11337"
"816290","interface","IFilter","11338","internal interface IFilter // TypeDefIndex: 11338"
"816299","class","LookupNode","11339","internal sealed class LookupNode : ExpressionNode // TypeDefIndex: 11339"
"816344","class","NameNode","11340","internal sealed class NameNode : ExpressionNode // TypeDefIndex: 11340"
"816400","class","Operators","11341","internal sealed class Operators // TypeDefIndex: 11341"
"816428","class","UnaryNode","11342","internal sealed class UnaryNode : ExpressionNode // TypeDefIndex: 11342"
"816474","class","ZeroOpNode","11343","internal sealed class ZeroOpNode : ExpressionNode // TypeDefIndex: 11343"
"816514","class","ForeignKeyConstraint","11344","public class ForeignKeyConstraint : Constraint // TypeDefIndex: 11344"
"816676","enum","MappingType","11345","public enum MappingType // TypeDefIndex: 11345"
"816687","class","MergeFailedEventArgs","11346","public class MergeFailedEventArgs : EventArgs // TypeDefIndex: 11346"
"816709","class","MergeFailedEventHandler","11347","public sealed class MergeFailedEventHandler : MulticastDelegate // TypeDefIndex: 11347"
"816721","class","Merger","11348","internal sealed class Merger // TypeDefIndex: 11348"
"816771","enum","MissingSchemaAction","11349","public enum MissingSchemaAction // TypeDefIndex: 11349"
"816782","class","PrimaryKeyTypeConverter","11350","internal sealed class PrimaryKeyTypeConverter : ReferenceConverter // TypeDefIndex: 11350"
"816801","class","PropertyCollection","11351","public class PropertyCollection : Hashtable, ICloneable // TypeDefIndex: 11351"
"816816","struct","Range","11352","internal struct Range // TypeDefIndex: 11352"
"816847","enum","RBTreeError","11353","internal enum RBTreeError // TypeDefIndex: 11353"
"816872","enum","TreeAccessMethod","11354","internal enum TreeAccessMethod // TypeDefIndex: 11354"
"816881","enum","RBTree.NodeColor","11355","private enum RBTree.NodeColor<K> // TypeDefIndex: 11355"
"816890","struct","RBTree.Node","11356","private struct RBTree.Node<K> // TypeDefIndex: 11356"
"816905","struct","RBTree.NodePath","11357","private struct RBTree.NodePath<K> // TypeDefIndex: 11357"
"816929","class","RBTree.TreePage","11358","private sealed class RBTree.TreePage<K> // TypeDefIndex: 11358"
"817030","struct","RBTree.RBTreeEnumerator","11359","internal struct RBTree.RBTreeEnumerator<K> : IEnumerator<K>, IDisposable, IEnumerator // TypeDefIndex: 11359"
"817146","class","RBTree","11360","internal abstract class RBTree<K> : IEnumerable // TypeDefIndex: 11360"
"818039","class","RecordManager","11361","internal sealed class RecordManager // TypeDefIndex: 11361"
"818110","class","RelatedView","11362","internal sealed class RelatedView : DataView, IFilter // TypeDefIndex: 11362"
"818143","class","RelationshipConverter","11363","internal sealed class RelationshipConverter : ExpandableObjectConverter // TypeDefIndex: 11363"
"818158","enum","Rule","11364","public enum Rule // TypeDefIndex: 11364"
"818169","enum","SchemaSerializationMode","11365","public enum SchemaSerializationMode // TypeDefIndex: 11365"
"818179","struct","IndexField","11366","internal struct IndexField // TypeDefIndex: 11366"
"818201","class","Index.IndexTree","11367","private sealed class Index.IndexTree : RBTree<int> // TypeDefIndex: 11367"
"818221","class","Index.","11368","private sealed class Index.<>c // TypeDefIndex: 11368"
"818245","class","Index.","11369","private sealed class Index.<>c__DisplayClass86_0 // TypeDefIndex: 11369"
"818260","class","Index","11370","internal sealed class Index // TypeDefIndex: 11370"
"818487","class","Listeners.Action","11371","internal sealed class Listeners.Action<TElem, T1, T2, T3, T4> : MulticastDelegate // TypeDefIndex: 11371"
"818521","class","Listeners.Func","11372","internal sealed class Listeners.Func<TElem, T1, TResult> : MulticastDelegate // TypeDefIndex: 11372"
"818549","class","Listeners","11373","internal sealed class Listeners<TElem> // TypeDefIndex: 11373"
"818627","class","SimpleType","11374","internal sealed class SimpleType : ISerializable // TypeDefIndex: 11374"
"818729","class","UniqueConstraint","11375","public class UniqueConstraint : Constraint // TypeDefIndex: 11375"
"818842","class","XDRSchema.NameType","11376","private sealed class XDRSchema.NameType : IComparable // TypeDefIndex: 11376"
"818858","class","XDRSchema","11377","internal sealed class XDRSchema : XMLSchema // TypeDefIndex: 11377"
"818921","class","XMLDiffLoader","11378","internal sealed class XMLDiffLoader // TypeDefIndex: 11378"
"818965","class","XMLSchema","11379","internal class XMLSchema // TypeDefIndex: 11379"
"818989","class","ConstraintTable","11380","internal sealed class ConstraintTable // TypeDefIndex: 11380"
"819002","class","XSDSchema.NameType","11381","private sealed class XSDSchema.NameType : IComparable // TypeDefIndex: 11381"
"819018","class","XSDSchema","11382","internal sealed class XSDSchema : XMLSchema // TypeDefIndex: 11382"
"819214","class","XmlIgnoreNamespaceReader","11383","internal sealed class XmlIgnoreNamespaceReader : XmlNodeReader // TypeDefIndex: 11383"
"819232","class","XmlDataLoader","11384","internal sealed class XmlDataLoader // TypeDefIndex: 11384"
"819352","enum","XmlReadMode","11385","public enum XmlReadMode // TypeDefIndex: 11385"
"819366","class","XmlToDatasetMap.XmlNodeIdentety","11386","private sealed class XmlToDatasetMap.XmlNodeIdentety // TypeDefIndex: 11386"
"819386","class","XmlToDatasetMap.XmlNodeIdHashtable","11387","internal sealed class XmlToDatasetMap.XmlNodeIdHashtable : Hashtable // TypeDefIndex: 11387"
"819416","class","XmlToDatasetMap.TableSchemaInfo","11388","private sealed class XmlToDatasetMap.TableSchemaInfo // TypeDefIndex: 11388"
"819429","class","XmlToDatasetMap","11389","internal sealed class XmlToDatasetMap // TypeDefIndex: 11389"
"819496","enum","XmlWriteMode","11390","public enum XmlWriteMode // TypeDefIndex: 11390"
"819506","enum","SchemaFormat","11391","internal enum SchemaFormat // TypeDefIndex: 11391"
"819518","class","XmlTreeGen","11392","internal sealed class XmlTreeGen // TypeDefIndex: 11392"
"819690","class","NewDiffgramGen","11393","internal sealed class NewDiffgramGen // TypeDefIndex: 11393"
"819743","class","XmlDataTreeWriter","11394","internal sealed class XmlDataTreeWriter // TypeDefIndex: 11394"
"819790","class","DataTextWriter","11395","internal sealed class DataTextWriter : XmlWriter // TypeDefIndex: 11395"
"819890","class","DataTextReader","11396","internal sealed class DataTextReader : XmlReader // TypeDefIndex: 11396"
"820032","class","SQLResource","11397","internal static class SQLResource // TypeDefIndex: 11397"
"820100","interface","INullable","11398","public interface INullable // TypeDefIndex: 11398"
"820115","struct","SqlBinary","11399","public struct SqlBinary : INullable, IComparable, IXmlSerializable // TypeDefIndex: 11399"
"820191","struct","SqlBoolean","11400","public struct SqlBoolean : INullable, IComparable, IXmlSerializable // TypeDefIndex: 11400"
"820289","struct","SqlByte","11401","public struct SqlByte : INullable, IComparable, IXmlSerializable // TypeDefIndex: 11401"
"820389","enum","SqlBytesCharsState","11402","internal enum SqlBytesCharsState // TypeDefIndex: 11402"
"820402","class","SqlBytes","11403","public sealed class SqlBytes : INullable, IXmlSerializable, ISerializable // TypeDefIndex: 11403"
"820476","class","SqlChars","11404","public sealed class SqlChars : INullable, IXmlSerializable, ISerializable // TypeDefIndex: 11404"
"820549","struct","SqlDateTime","11405","public struct SqlDateTime : INullable, IComparable, IXmlSerializable // TypeDefIndex: 11405"
"820675","struct","SqlDecimal","11406","public struct SqlDecimal : INullable, IComparable, IXmlSerializable // TypeDefIndex: 11406"
"820968","struct","SqlDouble","11407","public struct SqlDouble : INullable, IComparable, IXmlSerializable // TypeDefIndex: 11407"
"821087","struct","SqlGuid","11408","public struct SqlGuid : INullable, IComparable, IXmlSerializable // TypeDefIndex: 11408"
"821162","struct","SqlInt16","11409","public struct SqlInt16 : INullable, IComparable, IXmlSerializable // TypeDefIndex: 11409"
"821270","struct","SqlInt32","11410","public struct SqlInt32 : INullable, IComparable, IXmlSerializable // TypeDefIndex: 11410"
"821385","struct","SqlInt64","11411","public struct SqlInt64 : INullable, IComparable, IXmlSerializable // TypeDefIndex: 11411"
"821515","struct","SqlMoney","11412","public struct SqlMoney : INullable, IComparable, IXmlSerializable // TypeDefIndex: 11412"
"821654","struct","SqlSingle","11413","public struct SqlSingle : INullable, IComparable, IXmlSerializable // TypeDefIndex: 11413"
"821775","enum","SqlCompareOptions","11414","public enum SqlCompareOptions // TypeDefIndex: 11414"
"821791","struct","SqlString","11415","public struct SqlString : INullable, IComparable, IXmlSerializable // TypeDefIndex: 11415"
"821902","enum","EComparison","11416","internal enum EComparison // TypeDefIndex: 11416"
"821916","class","SqlTypeException","11417","public class SqlTypeException : SystemException // TypeDefIndex: 11417"
"821938","class","SqlNullValueException","11418","public sealed class SqlNullValueException : SqlTypeException // TypeDefIndex: 11418"
"821960","class","SqlTruncateException","11419","public sealed class SqlTruncateException : SqlTypeException // TypeDefIndex: 11419"
"821981","class","SqlStreamChars","11420","internal abstract class SqlStreamChars // TypeDefIndex: 11420"
"822005","class","SqlXml","11421","public sealed class SqlXml : INullable, IXmlSerializable // TypeDefIndex: 11421"
"822061","class","SqlXmlStreamWrapper","11422","internal sealed class SqlXmlStreamWrapper : Stream // TypeDefIndex: 11422"
"822139","enum","ObjectStorage.Families","11423","private enum ObjectStorage.Families // TypeDefIndex: 11423"
"822151","class","ObjectStorage.TempAssemblyComparer","11424","private class ObjectStorage.TempAssemblyComparer : IEqualityComparer<KeyValuePair<Type, XmlRootAttribute>> // TypeDefIndex: 11424"
"822172","class","ObjectStorage","11425","internal sealed class ObjectStorage : DataStorage // TypeDefIndex: 11425"
"822255","class","ADP","11426","internal static class ADP // TypeDefIndex: 11426"
"822324","class","BigIntegerStorage","11427","internal sealed class BigIntegerStorage : DataStorage // TypeDefIndex: 11427"
"822381","class","BooleanStorage","11428","internal sealed class BooleanStorage : DataStorage // TypeDefIndex: 11428"
"822432","class","ByteStorage","11429","internal sealed class ByteStorage : DataStorage // TypeDefIndex: 11429"
"822483","class","CharStorage","11430","internal sealed class CharStorage : DataStorage // TypeDefIndex: 11430"
"822534","enum","StorageType","11431","internal enum StorageType // TypeDefIndex: 11431"
"822582","class","DataStorage","11432","internal abstract class DataStorage // TypeDefIndex: 11432"
"822752","class","DateTimeOffsetStorage","11433","internal sealed class DateTimeOffsetStorage : DataStorage // TypeDefIndex: 11433"
"822807","class","DateTimeStorage","11434","internal sealed class DateTimeStorage : DataStorage // TypeDefIndex: 11434"
"822862","class","DecimalStorage","11435","internal sealed class DecimalStorage : DataStorage // TypeDefIndex: 11435"
"822914","class","DoubleStorage","11436","internal sealed class DoubleStorage : DataStorage // TypeDefIndex: 11436"
"822965","class","Int16Storage","11437","internal sealed class Int16Storage : DataStorage // TypeDefIndex: 11437"
"823016","class","Int32Storage","11438","internal sealed class Int32Storage : DataStorage // TypeDefIndex: 11438"
"823067","class","Int64Storage","11439","internal sealed class Int64Storage : DataStorage // TypeDefIndex: 11439"
"823118","class","SByteStorage","11440","internal sealed class SByteStorage : DataStorage // TypeDefIndex: 11440"
"823169","class","SqlConvert","11441","internal static class SqlConvert // TypeDefIndex: 11441"
"823232","class","SqlBinaryStorage","11442","internal sealed class SqlBinaryStorage : DataStorage // TypeDefIndex: 11442"
"823286","class","SqlByteStorage","11443","internal sealed class SqlByteStorage : DataStorage // TypeDefIndex: 11443"
"823340","class","SqlBytesStorage","11444","internal sealed class SqlBytesStorage : DataStorage // TypeDefIndex: 11444"
"823391","class","SqlCharsStorage","11445","internal sealed class SqlCharsStorage : DataStorage // TypeDefIndex: 11445"
"823442","class","SqlDateTimeStorage","11446","internal sealed class SqlDateTimeStorage : DataStorage // TypeDefIndex: 11446"
"823496","class","SqlDecimalStorage","11447","internal sealed class SqlDecimalStorage : DataStorage // TypeDefIndex: 11447"
"823550","class","SqlDoubleStorage","11448","internal sealed class SqlDoubleStorage : DataStorage // TypeDefIndex: 11448"
"823604","class","SqlGuidStorage","11449","internal sealed class SqlGuidStorage : DataStorage // TypeDefIndex: 11449"
"823658","class","SqlInt16Storage","11450","internal sealed class SqlInt16Storage : DataStorage // TypeDefIndex: 11450"
"823712","class","SqlInt32Storage","11451","internal sealed class SqlInt32Storage : DataStorage // TypeDefIndex: 11451"
"823766","class","SqlInt64Storage","11452","internal sealed class SqlInt64Storage : DataStorage // TypeDefIndex: 11452"
"823820","class","SqlMoneyStorage","11453","internal sealed class SqlMoneyStorage : DataStorage // TypeDefIndex: 11453"
"823874","class","SqlSingleStorage","11454","internal sealed class SqlSingleStorage : DataStorage // TypeDefIndex: 11454"
"823928","class","SqlStringStorage","11455","internal sealed class SqlStringStorage : DataStorage // TypeDefIndex: 11455"
"823988","class","SqlBooleanStorage","11456","internal sealed class SqlBooleanStorage : DataStorage // TypeDefIndex: 11456"
"824042","class","SingleStorage","11457","internal sealed class SingleStorage : DataStorage // TypeDefIndex: 11457"
"824094","class","SqlUdtStorage.","11458","private sealed class SqlUdtStorage.<>c__DisplayClass6_0 // TypeDefIndex: 11458"
"824109","class","SqlUdtStorage","11459","internal sealed class SqlUdtStorage : DataStorage // TypeDefIndex: 11459"
"824178","class","StringStorage","11460","internal sealed class StringStorage : DataStorage // TypeDefIndex: 11460"
"824235","class","TimeSpanStorage","11461","internal sealed class TimeSpanStorage : DataStorage // TypeDefIndex: 11461"
"824293","class","UInt16Storage","11462","internal sealed class UInt16Storage : DataStorage // TypeDefIndex: 11462"
"824345","class","UInt32Storage","11463","internal sealed class UInt32Storage : DataStorage // TypeDefIndex: 11463"
"824397","class","UInt64Storage","11464","internal sealed class UInt64Storage : DataStorage // TypeDefIndex: 11464"
"824494","struct","UnitySourceGeneratedAssemblyMonoScriptTypes_v1.MonoScriptData","11473","private struct UnitySourceGeneratedAssemblyMonoScriptTypes_v1.MonoScriptData // TypeDefIndex: 11473"
"824508","class","UnitySourceGeneratedAssemblyMonoScriptTypes_v1","11474","internal class UnitySourceGeneratedAssemblyMonoScriptTypes_v1 // TypeDefIndex: 11474"
"824520","enum","OTL_FeatureTag","11475","public enum OTL_FeatureTag // TypeDefIndex: 11475"
"824531","class","FastAction","11476","public class FastAction // TypeDefIndex: 11476"
"824553","class","FastAction","11477","public class FastAction<A> // TypeDefIndex: 11477"
"824619","class","FastAction","11478","public class FastAction<A, B> // TypeDefIndex: 11478"
"824685","class","FastAction","11479","public class FastAction<A, B, C> // TypeDefIndex: 11479"
"824740","struct","GlyphAnchorPoint","11480","public struct GlyphAnchorPoint // TypeDefIndex: 11480"
"824769","struct","MarkPositionAdjustment","11481","public struct MarkPositionAdjustment // TypeDefIndex: 11481"
"824801","struct","MarkToBaseAdjustmentRecord","11482","public struct MarkToBaseAdjustmentRecord // TypeDefIndex: 11482"
"824848","struct","MarkToMarkAdjustmentRecord","11483","public struct MarkToMarkAdjustmentRecord // TypeDefIndex: 11483"
"824895","struct","SingleSubstitutionRecord","11484","public struct SingleSubstitutionRecord // TypeDefIndex: 11484"
"824900","struct","MultipleSubstitutionRecord","11485","public struct MultipleSubstitutionRecord // TypeDefIndex: 11485"
"824929","struct","AlternateSubstitutionRecord","11486","public struct AlternateSubstitutionRecord // TypeDefIndex: 11486"
"824934","struct","LigatureSubstitutionRecord","11487","public struct LigatureSubstitutionRecord // TypeDefIndex: 11487"
"824968","interface","ITextPreprocessor","11488","public interface ITextPreprocessor // TypeDefIndex: 11488"
"824977","class","MaterialReferenceManager","11489","public class MaterialReferenceManager // TypeDefIndex: 11489"
"825059","struct","TMP_MaterialReference","11490","public struct TMP_MaterialReference // TypeDefIndex: 11490"
"825067","struct","MaterialReference","11491","public struct MaterialReference // TypeDefIndex: 11491"
"825097","class","TMP_Asset","11492","public abstract class TMP_Asset : ScriptableObject // TypeDefIndex: 11492"
"825160","class","TMP_Character","11493","public class TMP_Character : TMP_TextElement // TypeDefIndex: 11493"
"825178","struct","TMP_Vertex","11494","public struct TMP_Vertex // TypeDefIndex: 11494"
"825200","struct","TMP_Offset","11495","public struct TMP_Offset // TypeDefIndex: 11495"
"825288","struct","HighlightState","11496","public struct HighlightState // TypeDefIndex: 11496"
"825317","struct","TMP_CharacterInfo","11497","public struct TMP_CharacterInfo // TypeDefIndex: 11497"
"825364","enum","ColorMode","11498","public enum ColorMode // TypeDefIndex: 11498"
"825377","class","TMP_ColorGradient","11499","public class TMP_ColorGradient : ScriptableObject // TypeDefIndex: 11499"
"825404","enum","TMP_Compatibility.AnchorPositions","11500","public enum TMP_Compatibility.AnchorPositions // TypeDefIndex: 11500"
"825422","class","TMP_Compatibility","11501","public static class TMP_Compatibility // TypeDefIndex: 11501"
"825431","interface","ITweenValue","11502","internal interface ITweenValue // TypeDefIndex: 11502"
"825453","enum","ColorTween.ColorTweenMode","11503","public enum ColorTween.ColorTweenMode // TypeDefIndex: 11503"
"825463","class","ColorTween.ColorTweenCallback","11504","public class ColorTween.ColorTweenCallback : UnityEvent<Color> // TypeDefIndex: 11504"
"825472","struct","ColorTween","11505","internal struct ColorTween : ITweenValue // TypeDefIndex: 11505"
"825538","class","FloatTween.FloatTweenCallback","11506","public class FloatTween.FloatTweenCallback : UnityEvent<float> // TypeDefIndex: 11506"
"825547","struct","FloatTween","11507","internal struct FloatTween : ITweenValue // TypeDefIndex: 11507"
"825606","class","TweenRunner.","11508","private sealed class TweenRunner.<Start>d__2<T> : IEnumerator<object>, IEnumerator, IDisposable // TypeDefIndex: 11508"
"825693","class","TweenRunner","11509","internal class TweenRunner<T> // TypeDefIndex: 11509"
"825759","struct","TMP_DefaultControls.Resources","11510","public struct TMP_DefaultControls.Resources // TypeDefIndex: 11510"
"825772","class","TMP_DefaultControls","11511","public static class TMP_DefaultControls // TypeDefIndex: 11511"
"825888","class","TMP_Dropdown.OptionData","11513","public class TMP_Dropdown.OptionData // TypeDefIndex: 11513"
"825938","class","TMP_Dropdown.OptionDataList","11514","public class TMP_Dropdown.OptionDataList // TypeDefIndex: 11514"
"825961","class","TMP_Dropdown.DropdownEvent","11515","public class TMP_Dropdown.DropdownEvent : UnityEvent<int> // TypeDefIndex: 11515"
"825971","class","TMP_Dropdown.","11516","private sealed class TMP_Dropdown.<>c__DisplayClass76_0 // TypeDefIndex: 11516"
"825992","class","TMP_Dropdown.","11517","private sealed class TMP_Dropdown.<>c__DisplayClass76_1 // TypeDefIndex: 11517"
"826009","class","TMP_Dropdown.","11518","private sealed class TMP_Dropdown.<DelayedDestroyDropdownList>d__90 : IEnumerator<object>, IEnumerator, IDisposable // TypeDefIndex: 11518"
"826050","class","TMP_Dropdown","11519","public class TMP_Dropdown : Selectable, IPointerClickHandler, IEventSystemHandler, ISubmitHandler, ICancelHandler // TypeDefIndex: 11519"
"826288","struct","TMP_DynamicFontAssetUtilities.FontReference","11520","public struct TMP_DynamicFontAssetUtilities.FontReference // TypeDefIndex: 11520"
"826304","class","TMP_DynamicFontAssetUtilities","11521","internal class TMP_DynamicFontAssetUtilities // TypeDefIndex: 11521"
"826334","enum","AtlasPopulationMode","11522","public enum AtlasPopulationMode // TypeDefIndex: 11522"
"826346","class","TMP_FontAsset.","11523","private sealed class TMP_FontAsset.<>c // TypeDefIndex: 11523"
"826371","class","TMP_FontAsset","11524","public class TMP_FontAsset : TMP_Asset // TypeDefIndex: 11524"
"826878","class","FaceInfo_Legacy","11525","public class FaceInfo_Legacy // TypeDefIndex: 11525"
"826911","class","TMP_Glyph","11526","public class TMP_Glyph : TMP_TextElement_Legacy // TypeDefIndex: 11526"
"826924","struct","FontAssetCreationSettings","11527","public struct FontAssetCreationSettings // TypeDefIndex: 11527"
"826954","struct","TMP_FontWeightPair","11528","public struct TMP_FontWeightPair // TypeDefIndex: 11528"
"826962","struct","KerningPairKey","11529","public struct KerningPairKey // TypeDefIndex: 11529"
"826977","struct","GlyphValueRecord_Legacy","11530","public struct GlyphValueRecord_Legacy // TypeDefIndex: 11530"
"826996","class","KerningPair","11531","public class KerningPair // TypeDefIndex: 11531"
"827064","class","KerningTable.","11532","private sealed class KerningTable.<>c // TypeDefIndex: 11532"
"827088","class","KerningTable.","11533","private sealed class KerningTable.<>c__DisplayClass3_0 // TypeDefIndex: 11533"
"827105","class","KerningTable.","11534","private sealed class KerningTable.<>c__DisplayClass4_0 // TypeDefIndex: 11534"
"827122","class","KerningTable.","11535","private sealed class KerningTable.<>c__DisplayClass5_0 // TypeDefIndex: 11535"
"827139","class","KerningTable","11536","public class KerningTable // TypeDefIndex: 11536"
"827169","class","TMP_FontUtilities","11537","public static class TMP_FontUtilities // TypeDefIndex: 11537"
"827190","class","TMP_FontAssetUtilities","11538","public class TMP_FontAssetUtilities // TypeDefIndex: 11538"
"827241","class","TMP_FontFeatureTable.","11539","private sealed class TMP_FontFeatureTable.<>c // TypeDefIndex: 11539"
"827281","class","TMP_FontFeatureTable","11540","public class TMP_FontFeatureTable // TypeDefIndex: 11540"
"827353","enum","FontFeatureLookupFlags","11541","public enum FontFeatureLookupFlags // TypeDefIndex: 11541"
"827364","struct","TMP_GlyphValueRecord","11542","public struct TMP_GlyphValueRecord // TypeDefIndex: 11542"
"827423","struct","TMP_GlyphAdjustmentRecord","11543","public struct TMP_GlyphAdjustmentRecord // TypeDefIndex: 11543"
"827458","class","TMP_GlyphPairAdjustmentRecord","11544","public class TMP_GlyphPairAdjustmentRecord // TypeDefIndex: 11544"
"827501","struct","GlyphPairKey","11545","public struct GlyphPairKey // TypeDefIndex: 11545"
"827518","enum","TMP_InputField.ContentType","11546","public enum TMP_InputField.ContentType // TypeDefIndex: 11546"
"827535","enum","TMP_InputField.InputType","11547","public enum TMP_InputField.InputType // TypeDefIndex: 11547"
"827545","enum","TMP_InputField.CharacterValidation","11548","public enum TMP_InputField.CharacterValidation // TypeDefIndex: 11548"
"827561","enum","TMP_InputField.LineType","11549","public enum TMP_InputField.LineType // TypeDefIndex: 11549"
"827571","class","TMP_InputField.OnValidateInput","11550","public sealed class TMP_InputField.OnValidateInput : MulticastDelegate // TypeDefIndex: 11550"
"827590","class","TMP_InputField.SubmitEvent","11551","public class TMP_InputField.SubmitEvent : UnityEvent<string> // TypeDefIndex: 11551"
"827600","class","TMP_InputField.OnChangeEvent","11552","public class TMP_InputField.OnChangeEvent : UnityEvent<string> // TypeDefIndex: 11552"
"827610","class","TMP_InputField.SelectionEvent","11553","public class TMP_InputField.SelectionEvent : UnityEvent<string> // TypeDefIndex: 11553"
"827620","class","TMP_InputField.TextSelectionEvent","11554","public class TMP_InputField.TextSelectionEvent : UnityEvent<string, int, int> // TypeDefIndex: 11554"
"827630","class","TMP_InputField.TouchScreenKeyboardEvent","11555","public class TMP_InputField.TouchScreenKeyboardEvent : UnityEvent<TouchScreenKeyboard.Status> // TypeDefIndex: 11555"
"827639","enum","TMP_InputField.EditState","11556","protected enum TMP_InputField.EditState // TypeDefIndex: 11556"
"827649","class","TMP_InputField.","11557","private sealed class TMP_InputField.<CaretBlink>d__295 : IEnumerator<object>, IEnumerator, IDisposable // TypeDefIndex: 11557"
"827688","class","TMP_InputField.","11558","private sealed class TMP_InputField.<MouseDragOutsideRect>d__316 : IEnumerator<object>, IEnumerator, IDisposable // TypeDefIndex: 11558"
"827729","class","TMP_InputField","11559","public class TMP_InputField : Selectable, IUpdateSelectedHandler, IEventSystemHandler, IBeginDragHandler, IDragHandler, IEndDragHandler, IPointerClickHandler, ISubmitHandler, ICancelHandler, ICanvasElement, ILayoutElement, IScrollHandler // TypeDefIndex: 11559"
"828679","class","SetPropertyUtility","11560","internal static class SetPropertyUtility // TypeDefIndex: 11560"
"828728","class","TMP_InputValidator","11561","public abstract class TMP_InputValidator : ScriptableObject // TypeDefIndex: 11561"
"828740","struct","TMP_LineInfo","11562","public struct TMP_LineInfo // TypeDefIndex: 11562"
"828769","class","TMP_ListPool.","11563","private sealed class TMP_ListPool.<>c<T> // TypeDefIndex: 11563"
"828811","class","TMP_ListPool","11564","internal static class TMP_ListPool<T> // TypeDefIndex: 11564"
"828853","class","TMP_MaterialManager.FallbackMaterial","11565","private class TMP_MaterialManager.FallbackMaterial // TypeDefIndex: 11565"
"828869","class","TMP_MaterialManager.MaskingMaterial","11566","private class TMP_MaterialManager.MaskingMaterial // TypeDefIndex: 11566"
"828885","class","TMP_MaterialManager.","11567","private sealed class TMP_MaterialManager.<>c__DisplayClass11_0 // TypeDefIndex: 11567"
"828901","class","TMP_MaterialManager.","11568","private sealed class TMP_MaterialManager.<>c__DisplayClass12_0 // TypeDefIndex: 11568"
"828917","class","TMP_MaterialManager.","11569","private sealed class TMP_MaterialManager.<>c__DisplayClass13_0 // TypeDefIndex: 11569"
"828933","class","TMP_MaterialManager.","11570","private sealed class TMP_MaterialManager.<>c__DisplayClass9_0 // TypeDefIndex: 11570"
"828948","class","TMP_MaterialManager","11571","public static class TMP_MaterialManager // TypeDefIndex: 11571"
"829021","enum","VertexSortingOrder","11572","public enum VertexSortingOrder // TypeDefIndex: 11572"
"829030","struct","TMP_MeshInfo","11573","public struct TMP_MeshInfo // TypeDefIndex: 11573"
"829091","class","TMP_ObjectPool","11574","internal class TMP_ObjectPool<T> // TypeDefIndex: 11574"
"829188","struct","TMP_ResourceManager.FontAssetRef","11575","private struct TMP_ResourceManager.FontAssetRef // TypeDefIndex: 11575"
"829204","class","TMP_ResourceManager","11576","public class TMP_ResourceManager // TypeDefIndex: 11576"
"829245","enum","MarkupTag","11577","internal enum MarkupTag // TypeDefIndex: 11577"
"829396","enum","TagValueType","11578","public enum TagValueType // TypeDefIndex: 11578"
"829407","enum","TagUnitType","11579","public enum TagUnitType // TypeDefIndex: 11579"
"829417","class","CodePoint","11580","internal static class CodePoint // TypeDefIndex: 11580"
"829443","class","TMP_ScrollbarEventHandler","11581","public class TMP_ScrollbarEventHandler : MonoBehaviour, IPointerClickHandler, IEventSystemHandler, ISelectHandler, IDeselectHandler // TypeDefIndex: 11581"
"829465","class","TMP_SelectionCaret","11582","public class TMP_SelectionCaret : MaskableGraphic // TypeDefIndex: 11582"
"829480","class","TMP_Settings.LineBreakingTable","11583","public class TMP_Settings.LineBreakingTable // TypeDefIndex: 11583"
"829496","class","TMP_Settings","11584","public class TMP_Settings : ScriptableObject // TypeDefIndex: 11584"
"829794","class","ShaderUtilities","11585","public static class ShaderUtilities // TypeDefIndex: 11585"
"829911","class","TMP_Sprite","11586","public class TMP_Sprite : TMP_TextElement_Legacy // TypeDefIndex: 11586"
"829928","class","TMP_SpriteAnimator.","11587","private sealed class TMP_SpriteAnimator.<DoSpriteAnimationInternal>d__7 : IEnumerator<object>, IEnumerator, IDisposable // TypeDefIndex: 11587"
"829980","class","TMP_SpriteAnimator","11588","public class TMP_SpriteAnimator : MonoBehaviour // TypeDefIndex: 11588"
"830014","class","TMP_SpriteAsset.","11589","private sealed class TMP_SpriteAsset.<>c // TypeDefIndex: 11589"
"830039","class","TMP_SpriteAsset","11590","public class TMP_SpriteAsset : TMP_Asset // TypeDefIndex: 11590"
"830137","class","TMP_SpriteCharacter","11591","public class TMP_SpriteCharacter : TMP_TextElement // TypeDefIndex: 11591"
"830169","class","TMP_SpriteGlyph","11592","public class TMP_SpriteGlyph : Glyph // TypeDefIndex: 11592"
"830188","class","TMP_Style","11593","public class TMP_Style // TypeDefIndex: 11593"
"830253","class","TMP_StyleSheet","11594","public class TMP_StyleSheet : ScriptableObject // TypeDefIndex: 11594"
"830290","class","TMP_SubMesh","11595","public class TMP_SubMesh : MonoBehaviour // TypeDefIndex: 11595"
"830443","class","TMP_SubMeshUI","11596","public class TMP_SubMeshUI : MaskableGraphic // TypeDefIndex: 11596"
"830631","interface","ITextElement","11597","public interface ITextElement // TypeDefIndex: 11597"
"830649","enum","TextAlignmentOptions","11598","public enum TextAlignmentOptions // TypeDefIndex: 11598"
"830693","enum","HorizontalAlignmentOptions","11599","public enum HorizontalAlignmentOptions // TypeDefIndex: 11599"
"830706","enum","VerticalAlignmentOptions","11600","public enum VerticalAlignmentOptions // TypeDefIndex: 11600"
"830719","enum","TextRenderFlags","11601","public enum TextRenderFlags // TypeDefIndex: 11601"
"830728","enum","TMP_TextElementType","11602","public enum TMP_TextElementType // TypeDefIndex: 11602"
"830737","enum","MaskingTypes","11603","public enum MaskingTypes // TypeDefIndex: 11603"
"830747","enum","TextOverflowModes","11604","public enum TextOverflowModes // TypeDefIndex: 11604"
"830761","enum","TextWrappingModes","11605","public enum TextWrappingModes // TypeDefIndex: 11605"
"830772","enum","MaskingOffsetMode","11606","public enum MaskingOffsetMode // TypeDefIndex: 11606"
"830781","enum","TextureMappingOptions","11607","public enum TextureMappingOptions // TypeDefIndex: 11607"
"830793","enum","FontStyles","11608","public enum FontStyles // TypeDefIndex: 11608"
"830811","enum","FontWeight","11609","public enum FontWeight // TypeDefIndex: 11609"
"830827","class","TMP_Text.MissingCharacterEventCallback","11610","public sealed class TMP_Text.MissingCharacterEventCallback : MulticastDelegate // TypeDefIndex: 11610"
"830845","struct","TMP_Text.CharacterSubstitution","11611","protected struct TMP_Text.CharacterSubstitution // TypeDefIndex: 11611"
"830858","enum","TMP_Text.TextInputSources","11612","internal enum TMP_Text.TextInputSources // TypeDefIndex: 11612"
"830870","struct","TMP_Text.TextProcessingElement","11613","internal struct TMP_Text.TextProcessingElement // TypeDefIndex: 11613"
"830880","struct","TMP_Text.SpecialCharacter","11614","protected struct TMP_Text.SpecialCharacter // TypeDefIndex: 11614"
"830896","struct","TMP_Text.TextBackingContainer","11615","private struct TMP_Text.TextBackingContainer // TypeDefIndex: 11615"
"830938","class","TMP_Text.","11616","private sealed class TMP_Text.<>c // TypeDefIndex: 11616"
"830957","class","TMP_Text","11617","public abstract class TMP_Text : MaskableGraphic // TypeDefIndex: 11617"
"832332","enum","TextElementType","11618","public enum TextElementType // TypeDefIndex: 11618"
"832342","class","TMP_TextElement","11619","public class TMP_TextElement // TypeDefIndex: 11619"
"832405","class","TMP_TextElement_Legacy","11620","public class TMP_TextElement_Legacy // TypeDefIndex: 11620"
"832426","class","TMP_TextInfo","11621","public class TMP_TextInfo // TypeDefIndex: 11621"
"832528","class","TMP_TextParsingUtilities","11622","public class TMP_TextParsingUtilities // TypeDefIndex: 11622"
"832601","enum","TextProcessingElementType","11623","internal enum TextProcessingElementType // TypeDefIndex: 11623"
"832611","struct","CharacterElement","11624","internal struct CharacterElement // TypeDefIndex: 11624"
"832633","struct","MarkupAttribute","11625","internal struct MarkupAttribute // TypeDefIndex: 11625"
"832675","struct","MarkupElement","11626","internal struct MarkupElement // TypeDefIndex: 11626"
"832725","struct","TextProcessingElement","11627","internal struct TextProcessingElement // TypeDefIndex: 11627"
"832791","struct","TMP_FontStyleStack","11628","public struct TMP_FontStyleStack // TypeDefIndex: 11628"
"832819","struct","TMP_TextProcessingStack","11629","public struct TMP_TextProcessingStack<T> // TypeDefIndex: 11629"
"833383","enum","CaretPosition","11630","public enum CaretPosition // TypeDefIndex: 11630"
"833393","struct","CaretInfo","11631","public struct CaretInfo // TypeDefIndex: 11631"
"833406","struct","TMP_TextUtilities.LineSegment","11632","private struct TMP_TextUtilities.LineSegment // TypeDefIndex: 11632"
"833419","class","TMP_TextUtilities","11633","public static class TMP_TextUtilities // TypeDefIndex: 11633"
"833508","class","TMP_UpdateManager","11634","public class TMP_UpdateManager // TypeDefIndex: 11634"
"833587","class","TMP_UpdateRegistry","11635","public class TMP_UpdateRegistry // TypeDefIndex: 11635"
"833636","enum","Compute_DistanceTransform_EventTypes","11636","public enum Compute_DistanceTransform_EventTypes // TypeDefIndex: 11636"
"833645","class","TMPro_EventManager","11637","public static class TMPro_EventManager // TypeDefIndex: 11637"
"833704","class","Compute_DT_EventArgs","11638","public class Compute_DT_EventArgs // TypeDefIndex: 11638"
"833722","class","TMPro_ExtensionMethods","11639","public static class TMPro_ExtensionMethods // TypeDefIndex: 11639"
"833808","class","TMP_Math","11640","public static class TMP_Math // TypeDefIndex: 11640"
"833833","enum","TMP_VertexDataUpdateFlags","11641","public enum TMP_VertexDataUpdateFlags // TypeDefIndex: 11641"
"833848","struct","VertexGradient","11642","public struct VertexGradient // TypeDefIndex: 11642"
"833866","struct","TMP_PageInfo","11643","public struct TMP_PageInfo // TypeDefIndex: 11643"
"833877","struct","TMP_LinkInfo","11644","public struct TMP_LinkInfo // TypeDefIndex: 11644"
"833904","struct","TMP_WordInfo","11645","public struct TMP_WordInfo // TypeDefIndex: 11645"
"833919","struct","TMP_SpriteInfo","11646","public struct TMP_SpriteInfo // TypeDefIndex: 11646"
"833928","struct","Extents","11647","public struct Extents // TypeDefIndex: 11647"
"833950","struct","Mesh_Extents","11648","public struct Mesh_Extents // TypeDefIndex: 11648"
"833966","struct","WordWrapState","11649","internal struct WordWrapState // TypeDefIndex: 11649"
"834042","struct","TagAttribute","11650","internal struct TagAttribute // TypeDefIndex: 11650"
"834051","struct","RichTextTagAttribute","11651","internal struct RichTextTagAttribute // TypeDefIndex: 11651"
"834075","enum","TextContainerAnchors","11652","public enum TextContainerAnchors // TypeDefIndex: 11652"
"834093","class","TextContainer","11653","public class TextContainer : UIBehaviour // TypeDefIndex: 11653"
"834245","class","TextMeshPro","11654","public class TextMeshPro : TMP_Text, ILayoutElement // TypeDefIndex: 11654"
"834544","class","TextMeshProUGUI.","11655","private sealed class TextMeshProUGUI.<DelayedGraphicRebuild>d__18 : IEnumerator<object>, IEnumerator, IDisposable // TypeDefIndex: 11655"
"834583","class","TextMeshProUGUI.","11656","private sealed class TextMeshProUGUI.<DelayedMaterialRebuild>d__19 : IEnumerator<object>, IEnumerator, IDisposable // TypeDefIndex: 11656"
"834627","class","TextMeshProUGUI","11657","public class TextMeshProUGUI : TMP_Text, ILayoutElement // TypeDefIndex: 11657"
"834915","enum","SpriteAssetImportFormats","11658","public enum SpriteAssetImportFormats // TypeDefIndex: 11658"
"834925","struct","TexturePacker_JsonArray.SpriteFrame","11659","public struct TexturePacker_JsonArray.SpriteFrame // TypeDefIndex: 11659"
"834941","struct","TexturePacker_JsonArray.SpriteSize","11660","public struct TexturePacker_JsonArray.SpriteSize // TypeDefIndex: 11660"
"834955","struct","TexturePacker_JsonArray.Frame","11661","public struct TexturePacker_JsonArray.Frame // TypeDefIndex: 11661"
"834969","struct","TexturePacker_JsonArray.Meta","11662","public struct TexturePacker_JsonArray.Meta // TypeDefIndex: 11662"
"834983","class","TexturePacker_JsonArray.SpriteDataObject","11663","public class TexturePacker_JsonArray.SpriteDataObject // TypeDefIndex: 11663"
"834996","class","TexturePacker_JsonArray","11664","public class TexturePacker_JsonArray // TypeDefIndex: 11664"
"835031","class","SR","11670","internal static class SR // TypeDefIndex: 11670"
"835052","class","Action","11671","public sealed class Action<T1, T2, T3, T4, T5, T6, T7, T8, T9> : MulticastDelegate // TypeDefIndex: 11671"
"835074","class","Action","11672","public sealed class Action<T1, T2, T3, T4, T5, T6, T7, T8, T9, T10> : MulticastDelegate // TypeDefIndex: 11672"
"835096","class","Action","11673","public sealed class Action<T1, T2, T3, T4, T5, T6, T7, T8, T9, T10, T11> : MulticastDelegate // TypeDefIndex: 11673"
"835118","class","Action","11674","public sealed class Action<T1, T2, T3, T4, T5, T6, T7, T8, T9, T10, T11, T12> : MulticastDelegate // TypeDefIndex: 11674"
"835140","class","Action","11675","public sealed class Action<T1, T2, T3, T4, T5, T6, T7, T8, T9, T10, T11, T12, T13> : MulticastDelegate // TypeDefIndex: 11675"
"835162","class","Action","11676","public sealed class Action<T1, T2, T3, T4, T5, T6, T7, T8, T9, T10, T11, T12, T13, T14> : MulticastDelegate // TypeDefIndex: 11676"
"835184","class","Action","11677","public sealed class Action<T1, T2, T3, T4, T5, T6, T7, T8, T9, T10, T11, T12, T13, T14, T15> : MulticastDelegate // TypeDefIndex: 11677"
"835206","class","Action","11678","public sealed class Action<T1, T2, T3, T4, T5, T6, T7, T8, T9, T10, T11, T12, T13, T14, T15, T16> : MulticastDelegate // TypeDefIndex: 11678"
"835228","class","Func","11679","public sealed class Func<T1, T2, T3, T4, T5, T6, T7, T8, T9, TResult> : MulticastDelegate // TypeDefIndex: 11679"
"835250","class","Func","11680","public sealed class Func<T1, T2, T3, T4, T5, T6, T7, T8, T9, T10, TResult> : MulticastDelegate // TypeDefIndex: 11680"
"835272","class","Func","11681","public sealed class Func<T1, T2, T3, T4, T5, T6, T7, T8, T9, T10, T11, TResult> : MulticastDelegate // TypeDefIndex: 11681"
"835294","class","Func","11682","public sealed class Func<T1, T2, T3, T4, T5, T6, T7, T8, T9, T10, T11, T12, TResult> : MulticastDelegate // TypeDefIndex: 11682"
"835316","class","Func","11683","public sealed class Func<T1, T2, T3, T4, T5, T6, T7, T8, T9, T10, T11, T12, T13, TResult> : MulticastDelegate // TypeDefIndex: 11683"
"835338","class","Func","11684","public sealed class Func<T1, T2, T3, T4, T5, T6, T7, T8, T9, T10, T11, T12, T13, T14, TResult> : MulticastDelegate // TypeDefIndex: 11684"
"835360","class","Func","11685","public sealed class Func<T1, T2, T3, T4, T5, T6, T7, T8, T9, T10, T11, T12, T13, T14, T15, TResult> : MulticastDelegate // TypeDefIndex: 11685"
"835382","class","Func","11686","public sealed class Func<T1, T2, T3, T4, T5, T6, T7, T8, T9, T10, T11, T12, T13, T14, T15, T16, TResult> : MulticastDelegate // TypeDefIndex: 11686"
"835404","enum","ECCurve.ECCurveType","11687","public enum ECCurve.ECCurveType // TypeDefIndex: 11687"
"835417","class","ECCurve.NamedCurves","11688","public static class ECCurve.NamedCurves // TypeDefIndex: 11688"
"835430","struct","ECCurve","11689","public struct ECCurve // TypeDefIndex: 11689"
"835461","struct","ECParameters","11690","public struct ECParameters // TypeDefIndex: 11690"
"835470","struct","ECPoint","11691","public struct ECPoint // TypeDefIndex: 11691"
"835478","class","AesManaged","11692","public sealed class AesManaged : Aes // TypeDefIndex: 11692"
"835552","class","ECDsa","11693","public abstract class ECDsa : AsymmetricAlgorithm // TypeDefIndex: 11693"
"835567","class","AesCryptoServiceProvider","11694","public sealed class AesCryptoServiceProvider : Aes // TypeDefIndex: 11694"
"835638","class","AesTransform","11695","internal class AesTransform : SymmetricTransform // TypeDefIndex: 11695"
"835679","class","RSACertificateExtensions","11696","public static class RSACertificateExtensions // TypeDefIndex: 11696"
"835693","class","Error","11697","internal static class Error // TypeDefIndex: 11697"
"835720","class","Enumerable.Iterator","11698","private abstract class Enumerable.Iterator<TSource> : IEnumerable<TSource>, IEnumerable, IEnumerator<TSource>, IDisposable, IEnumerator // TypeDefIndex: 11698"
"836243","class","Enumerable.WhereEnumerableIterator","11699","private class Enumerable.WhereEnumerableIterator<TSource> : Enumerable.Iterator<TSource> // TypeDefIndex: 11699"
"836566","class","Enumerable.WhereArrayIterator","11700","private class Enumerable.WhereArrayIterator<TSource> : Enumerable.Iterator<TSource> // TypeDefIndex: 11700"
"836722","class","Enumerable.WhereListIterator","11701","private class Enumerable.WhereListIterator<TSource> : Enumerable.Iterator<TSource> // TypeDefIndex: 11701"
"836878","class","Enumerable.WhereSelectEnumerableIterator","11702","private class Enumerable.WhereSelectEnumerableIterator<TSource, TResult> : Enumerable.Iterator<TResult> // TypeDefIndex: 11702"
"838411","class","Enumerable.WhereSelectArrayIterator","11703","private class Enumerable.WhereSelectArrayIterator<TSource, TResult> : Enumerable.Iterator<TResult> // TypeDefIndex: 11703"
"839693","class","Enumerable.WhereSelectListIterator","11704","private class Enumerable.WhereSelectListIterator<TSource, TResult> : Enumerable.Iterator<TResult> // TypeDefIndex: 11704"
"840976","class","Enumerable.","11705","private sealed class Enumerable.<WhereIterator>d__2<TSource> : IEnumerable<TSource>, IEnumerable, IEnumerator<TSource>, IDisposable, IEnumerator // TypeDefIndex: 11705"
"841104","class","Enumerable.","11706","private sealed class Enumerable.<>c__DisplayClass6_0<TSource> // TypeDefIndex: 11706"
"841215","class","Enumerable.","11707","private sealed class Enumerable.<>c__DisplayClass7_0<TSource, TMiddle, TResult> // TypeDefIndex: 11707"
"841758","class","Enumerable.","11708","private sealed class Enumerable.<SelectManyIterator>d__17<TSource, TResult> : IEnumerable<TResult>, IEnumerable, IEnumerator<TResult>, IDisposable, IEnumerator // TypeDefIndex: 11708"
"841987","class","Enumerable.","11709","private sealed class Enumerable.<SelectManyIterator>d__23<TSource, TCollection, TResult> : IEnumerable<TResult>, IEnumerable, IEnumerator<TResult>, IDisposable, IEnumerator // TypeDefIndex: 11709"
"842129","class","Enumerable.","11710","private sealed class Enumerable.<TakeIterator>d__25<TSource> : IEnumerable<TSource>, IEnumerable, IEnumerator<TSource>, IDisposable, IEnumerator // TypeDefIndex: 11710"
"842310","class","Enumerable.","11711","private sealed class Enumerable.<TakeWhileIterator>d__27<TSource> : IEnumerable<TSource>, IEnumerable, IEnumerator<TSource>, IDisposable, IEnumerator // TypeDefIndex: 11711"
"842437","class","Enumerable.","11712","private sealed class Enumerable.<SkipIterator>d__31<TSource> : IEnumerable<TSource>, IEnumerable, IEnumerator<TSource>, IDisposable, IEnumerator // TypeDefIndex: 11712"
"842591","class","Enumerable.","11713","private sealed class Enumerable.<ConcatIterator>d__59<TSource> : IEnumerable<TSource>, IEnumerable, IEnumerator<TSource>, IDisposable, IEnumerator // TypeDefIndex: 11713"
"842819","class","Enumerable.","11714","private sealed class Enumerable.<ZipIterator>d__65<TFirst, TSecond, TResult> : IEnumerable<TResult>, IEnumerable, IEnumerator<TResult>, IDisposable, IEnumerator // TypeDefIndex: 11714"
"842960","class","Enumerable.","11715","private sealed class Enumerable.<DistinctIterator>d__68<TSource> : IEnumerable<TSource>, IEnumerable, IEnumerator<TSource>, IDisposable, IEnumerator // TypeDefIndex: 11715"
"843142","class","Enumerable.","11716","private sealed class Enumerable.<UnionIterator>d__71<TSource> : IEnumerable<TSource>, IEnumerable, IEnumerator<TSource>, IDisposable, IEnumerator // TypeDefIndex: 11716"
"843283","class","Enumerable.","11717","private sealed class Enumerable.<ExceptIterator>d__77<TSource> : IEnumerable<TSource>, IEnumerable, IEnumerator<TSource>, IDisposable, IEnumerator // TypeDefIndex: 11717"
"843467","class","Enumerable.","11718","private sealed class Enumerable.<ReverseIterator>d__79<TSource> : IEnumerable<TSource>, IEnumerable, IEnumerator<TSource>, IDisposable, IEnumerator // TypeDefIndex: 11718"
"843582","class","Enumerable.","11719","private sealed class Enumerable.<OfTypeIterator>d__97<TResult> : IEnumerable<TResult>, IEnumerable, IEnumerator<TResult>, IDisposable, IEnumerator // TypeDefIndex: 11719"
"843707","class","Enumerable.","11720","private sealed class Enumerable.<CastIterator>d__99<TResult> : IEnumerable<TResult>, IEnumerable, IEnumerator<TResult>, IDisposable, IEnumerator // TypeDefIndex: 11720"
"843886","class","Enumerable.","11721","private sealed class Enumerable.<RangeIterator>d__115 : IEnumerable<int>, IEnumerable, IEnumerator<int>, IDisposable, IEnumerator // TypeDefIndex: 11721"
"843938","class","Enumerable.","11722","private sealed class Enumerable.<RepeatIterator>d__117<TResult> : IEnumerable<TResult>, IEnumerable, IEnumerator<TResult>, IDisposable, IEnumerator // TypeDefIndex: 11722"
"844054","class","Enumerable","11723","public static class Enumerable // TypeDefIndex: 11723"
"845742","class","EmptyEnumerable","11724","internal class EmptyEnumerable<TElement> // TypeDefIndex: 11724"
"845770","class","IdentityFunction.","11725","private sealed class IdentityFunction.<>c<TElement> // TypeDefIndex: 11725"
"845831","class","IdentityFunction","11726","internal class IdentityFunction<TElement> // TypeDefIndex: 11726"
"845857","interface","IOrderedEnumerable","11727","public interface IOrderedEnumerable<TElement> : IEnumerable<TElement>, IEnumerable // TypeDefIndex: 11727"
"845871","interface","IGrouping","11728","public interface IGrouping<TKey, TElement> : IEnumerable<TElement>, IEnumerable // TypeDefIndex: 11728"
"845889","interface","ILookup","11729","public interface ILookup<TKey, TElement> : IEnumerable<IGrouping<TKey, TElement>>, IEnumerable // TypeDefIndex: 11729"
"845894","class","Lookup.Grouping.","11730","private sealed class Lookup.Grouping.<GetEnumerator>d__7<TKey, TElement> : IEnumerator<TElement>, IDisposable, IEnumerator // TypeDefIndex: 11730"
"846053","class","Lookup.Grouping","11731","internal class Lookup.Grouping<TKey, TElement> : IGrouping<TKey, TElement>, IEnumerable<TElement>, IEnumerable, IList<TElement>, ICollection<TElement> // TypeDefIndex: 11731"
"846466","class","Lookup.","11732","private sealed class Lookup.<GetEnumerator>d__12<TKey, TElement> : IEnumerator<IGrouping<TKey, TElement>>, IDisposable, IEnumerator // TypeDefIndex: 11732"
"846626","class","Lookup","11733","public class Lookup<TKey, TElement> : IEnumerable<IGrouping<TKey, TElement>>, IEnumerable, ILookup<TKey, TElement> // TypeDefIndex: 11733"
"846800","struct","Set.Slot","11734","internal struct Set.Slot<TElement> // TypeDefIndex: 11734"
"846809","class","Set","11735","internal class Set<TElement> // TypeDefIndex: 11735"
"846922","class","GroupedEnumerable","11736","internal class GroupedEnumerable<TSource, TKey, TElement> : IEnumerable<IGrouping<TKey, TElement>>, IEnumerable // TypeDefIndex: 11736"
"847004","class","OrderedEnumerable.","11737","private sealed class OrderedEnumerable.<GetEnumerator>d__1<TElement> : IEnumerator<TElement>, IDisposable, IEnumerator // TypeDefIndex: 11737"
"847255","class","OrderedEnumerable","11738","internal abstract class OrderedEnumerable<TElement> : IOrderedEnumerable<TElement>, IEnumerable<TElement>, IEnumerable // TypeDefIndex: 11738"
"847413","class","OrderedEnumerable","11739","internal class OrderedEnumerable<TElement, TKey> : OrderedEnumerable<TElement> // TypeDefIndex: 11739"
"847525","class","EnumerableSorter","11740","internal abstract class EnumerableSorter<TElement> // TypeDefIndex: 11740"
"847661","class","EnumerableSorter","11741","internal class EnumerableSorter<TElement, TKey> : EnumerableSorter<TElement> // TypeDefIndex: 11741"
"847824","struct","Buffer","11742","internal struct Buffer<TElement> // TypeDefIndex: 11742"
"847940","class","CachedReflectionInfo","11743","internal static class CachedReflectionInfo // TypeDefIndex: 11743"
"848016","class","BinaryExpression","11744","public class BinaryExpression : Expression // TypeDefIndex: 11744"
"848104","class","LogicalBinaryExpression","11745","internal sealed class LogicalBinaryExpression : BinaryExpression // TypeDefIndex: 11745"
"848128","class","AssignBinaryExpression","11746","internal class AssignBinaryExpression : BinaryExpression // TypeDefIndex: 11746"
"848147","class","CoalesceConversionBinaryExpression","11747","internal sealed class CoalesceConversionBinaryExpression : BinaryExpression // TypeDefIndex: 11747"
"848172","class","OpAssignMethodConversionBinaryExpression","11748","internal sealed class OpAssignMethodConversionBinaryExpression : MethodBinaryExpression // TypeDefIndex: 11748"
"848187","class","SimpleBinaryExpression","11749","internal class SimpleBinaryExpression : BinaryExpression // TypeDefIndex: 11749"
"848214","class","MethodBinaryExpression","11750","internal class MethodBinaryExpression : SimpleBinaryExpression // TypeDefIndex: 11750"
"848229","class","Expression.BinaryExpressionProxy","11751","internal class Expression.BinaryExpressionProxy // TypeDefIndex: 11751"
"848233","class","Expression.BlockExpressionProxy","11752","internal class Expression.BlockExpressionProxy // TypeDefIndex: 11752"
"848237","class","Expression.CatchBlockProxy","11753","internal class Expression.CatchBlockProxy // TypeDefIndex: 11753"
"848241","class","Expression.ConditionalExpressionProxy","11754","internal class Expression.ConditionalExpressionProxy // TypeDefIndex: 11754"
"848245","class","Expression.ConstantExpressionProxy","11755","internal class Expression.ConstantExpressionProxy // TypeDefIndex: 11755"
"848249","class","Expression.DebugInfoExpressionProxy","11756","internal class Expression.DebugInfoExpressionProxy // TypeDefIndex: 11756"
"848253","class","Expression.DefaultExpressionProxy","11757","internal class Expression.DefaultExpressionProxy // TypeDefIndex: 11757"
"848257","class","Expression.GotoExpressionProxy","11758","internal class Expression.GotoExpressionProxy // TypeDefIndex: 11758"
"848261","class","Expression.IndexExpressionProxy","11759","internal class Expression.IndexExpressionProxy // TypeDefIndex: 11759"
"848265","class","Expression.InvocationExpressionProxy","11760","internal class Expression.InvocationExpressionProxy // TypeDefIndex: 11760"
"848269","class","Expression.LabelExpressionProxy","11761","internal class Expression.LabelExpressionProxy // TypeDefIndex: 11761"
"848273","class","Expression.LambdaExpressionProxy","11762","internal class Expression.LambdaExpressionProxy // TypeDefIndex: 11762"
"848277","class","Expression.ListInitExpressionProxy","11763","internal class Expression.ListInitExpressionProxy // TypeDefIndex: 11763"
"848281","class","Expression.LoopExpressionProxy","11764","internal class Expression.LoopExpressionProxy // TypeDefIndex: 11764"
"848285","class","Expression.MemberExpressionProxy","11765","internal class Expression.MemberExpressionProxy // TypeDefIndex: 11765"
"848289","class","Expression.MemberInitExpressionProxy","11766","internal class Expression.MemberInitExpressionProxy // TypeDefIndex: 11766"
"848293","class","Expression.MethodCallExpressionProxy","11767","internal class Expression.MethodCallExpressionProxy // TypeDefIndex: 11767"
"848297","class","Expression.NewArrayExpressionProxy","11768","internal class Expression.NewArrayExpressionProxy // TypeDefIndex: 11768"
"848301","class","Expression.NewExpressionProxy","11769","internal class Expression.NewExpressionProxy // TypeDefIndex: 11769"
"848305","class","Expression.ParameterExpressionProxy","11770","internal class Expression.ParameterExpressionProxy // TypeDefIndex: 11770"
"848309","class","Expression.RuntimeVariablesExpressionProxy","11771","internal class Expression.RuntimeVariablesExpressionProxy // TypeDefIndex: 11771"
"848313","class","Expression.SwitchCaseProxy","11772","internal class Expression.SwitchCaseProxy // TypeDefIndex: 11772"
"848317","class","Expression.SwitchExpressionProxy","11773","internal class Expression.SwitchExpressionProxy // TypeDefIndex: 11773"
"848321","class","Expression.TryExpressionProxy","11774","internal class Expression.TryExpressionProxy // TypeDefIndex: 11774"
"848325","class","Expression.TypeBinaryExpressionProxy","11775","internal class Expression.TypeBinaryExpressionProxy // TypeDefIndex: 11775"
"848329","class","Expression.UnaryExpressionProxy","11776","internal class Expression.UnaryExpressionProxy // TypeDefIndex: 11776"
"848333","class","Expression.ExtensionInfo","11777","private class Expression.ExtensionInfo // TypeDefIndex: 11777"
"848341","class","Expression","11778","public abstract class Expression // TypeDefIndex: 11778"
"849035","class","BlockExpression","11779","public class BlockExpression : Expression // TypeDefIndex: 11779"
"849088","class","Block2","11780","internal sealed class Block2 : BlockExpression // TypeDefIndex: 11780"
"849116","class","Block3","11781","internal sealed class Block3 : BlockExpression // TypeDefIndex: 11781"
"849145","class","Block4","11782","internal sealed class Block4 : BlockExpression // TypeDefIndex: 11782"
"849175","class","Block5","11783","internal sealed class Block5 : BlockExpression // TypeDefIndex: 11783"
"849206","class","BlockN","11784","internal class BlockN : BlockExpression // TypeDefIndex: 11784"
"849233","class","ScopeExpression","11785","internal class ScopeExpression : BlockExpression // TypeDefIndex: 11785"
"849257","class","Scope1","11786","internal sealed class Scope1 : ScopeExpression // TypeDefIndex: 11786"
"849287","class","ScopeN","11787","internal class ScopeN : ScopeExpression // TypeDefIndex: 11787"
"849318","class","ScopeWithType","11788","internal sealed class ScopeWithType : ScopeN // TypeDefIndex: 11788"
"849342","class","BlockExpressionList.","11789","private sealed class BlockExpressionList.<GetEnumerator>d__18 : IEnumerator<Expression>, IDisposable, IEnumerator // TypeDefIndex: 11789"
"849382","class","BlockExpressionList","11790","internal class BlockExpressionList : IList<Expression>, ICollection<Expression>, IEnumerable<Expression>, IEnumerable // TypeDefIndex: 11790"
"849451","class","CatchBlock","11791","public sealed class CatchBlock // TypeDefIndex: 11791"
"849499","class","ArrayBuilderExtensions","11792","internal static class ArrayBuilderExtensions // TypeDefIndex: 11792"
"849517","enum","AnalyzeTypeIsResult","11793","internal enum AnalyzeTypeIsResult // TypeDefIndex: 11793"
"849528","class","ConstantCheck","11794","internal static class ConstantCheck // TypeDefIndex: 11794"
"849541","class","ConditionalExpression","11795","public class ConditionalExpression : Expression // TypeDefIndex: 11795"
"849592","class","FullConditionalExpression","11796","internal class FullConditionalExpression : ConditionalExpression // TypeDefIndex: 11796"
"849607","class","FullConditionalExpressionWithType","11797","internal sealed class FullConditionalExpressionWithType : FullConditionalExpression // TypeDefIndex: 11797"
"849628","class","ConstantExpression","11798","public class ConstantExpression : Expression // TypeDefIndex: 11798"
"849659","class","TypedConstantExpression","11799","internal class TypedConstantExpression : ConstantExpression // TypeDefIndex: 11799"
"849680","class","DebugInfoExpression","11800","public class DebugInfoExpression : Expression // TypeDefIndex: 11800"
"849713","class","DefaultExpression","11801","public sealed class DefaultExpression : Expression // TypeDefIndex: 11801"
"849740","class","ElementInit","11802","public sealed class ElementInit : IArgumentProvider // TypeDefIndex: 11802"
"849771","class","Error","11803","internal static class Error // TypeDefIndex: 11803"
"850179","class","ExpressionStringBuilder","11804","internal sealed class ExpressionStringBuilder : ExpressionVisitor // TypeDefIndex: 11804"
"850309","enum","ExpressionType","11805","public enum ExpressionType // TypeDefIndex: 11805"
"850401","class","ExpressionVisitor","11806","public abstract class ExpressionVisitor // TypeDefIndex: 11806"
"850529","enum","GotoExpressionKind","11807","public enum GotoExpressionKind // TypeDefIndex: 11807"
"850541","class","GotoExpression","11808","public sealed class GotoExpression : Expression // TypeDefIndex: 11808"
"850592","interface","IArgumentProvider","11809","public interface IArgumentProvider // TypeDefIndex: 11809"
"850607","interface","IParameterProvider","11810","internal interface IParameterProvider // TypeDefIndex: 11810"
"850623","class","IndexExpression","11811","public sealed class IndexExpression : Expression, IArgumentProvider // TypeDefIndex: 11811"
"850673","class","InvocationExpression","11812","public class InvocationExpression : Expression, IArgumentProvider // TypeDefIndex: 11812"
"850720","class","InvocationExpressionN","11813","internal sealed class InvocationExpressionN : InvocationExpression // TypeDefIndex: 11813"
"850744","class","InvocationExpression0","11814","internal sealed class InvocationExpression0 : InvocationExpression // TypeDefIndex: 11814"
"850765","class","InvocationExpression1","11815","internal sealed class InvocationExpression1 : InvocationExpression // TypeDefIndex: 11815"
"850789","class","InvocationExpression2","11816","internal sealed class InvocationExpression2 : InvocationExpression // TypeDefIndex: 11816"
"850814","class","InvocationExpression3","11817","internal sealed class InvocationExpression3 : InvocationExpression // TypeDefIndex: 11817"
"850840","class","InvocationExpression4","11818","internal sealed class InvocationExpression4 : InvocationExpression // TypeDefIndex: 11818"
"850867","class","InvocationExpression5","11819","internal sealed class InvocationExpression5 : InvocationExpression // TypeDefIndex: 11819"
"850896","class","LabelExpression","11820","public sealed class LabelExpression : Expression // TypeDefIndex: 11820"
"850937","class","LabelTarget","11821","public sealed class LabelTarget // TypeDefIndex: 11821"
"850968","class","LambdaExpression","11822","public abstract class LambdaExpression : Expression, IParameterProvider // TypeDefIndex: 11822"
"851040","class","Expression","11823","public class Expression<TDelegate> : LambdaExpression // TypeDefIndex: 11823"
"851128","class","ExpressionCreator","11824","internal static class ExpressionCreator<TDelegate> // TypeDefIndex: 11824"
"851142","class","Expression0","11825","internal sealed class Expression0<TDelegate> : Expression<TDelegate> // TypeDefIndex: 11825"
"851183","class","Expression1","11826","internal sealed class Expression1<TDelegate> : Expression<TDelegate> // TypeDefIndex: 11826"
"851227","class","Expression2","11827","internal sealed class Expression2<TDelegate> : Expression<TDelegate> // TypeDefIndex: 11827"
"851272","class","Expression3","11828","internal sealed class Expression3<TDelegate> : Expression<TDelegate> // TypeDefIndex: 11828"
"851318","class","ExpressionN","11829","internal class ExpressionN<TDelegate> : Expression<TDelegate> // TypeDefIndex: 11829"
"851362","class","FullExpression","11830","internal sealed class FullExpression<TDelegate> : ExpressionN<TDelegate> // TypeDefIndex: 11830"
"851405","class","ListInitExpression","11831","public sealed class ListInitExpression : Expression // TypeDefIndex: 11831"
"851430","class","LoopExpression","11832","public sealed class LoopExpression : Expression // TypeDefIndex: 11832"
"851478","class","MemberAssignment","11833","public sealed class MemberAssignment : MemberBinding // TypeDefIndex: 11833"
"851493","enum","MemberBindingType","11834","public enum MemberBindingType // TypeDefIndex: 11834"
"851503","class","MemberBinding","11835","public abstract class MemberBinding // TypeDefIndex: 11835"
"851528","class","MemberExpression","11836","public class MemberExpression : Expression // TypeDefIndex: 11836"
"851572","class","FieldExpression","11837","internal sealed class FieldExpression : MemberExpression // TypeDefIndex: 11837"
"851593","class","PropertyExpression","11838","internal sealed class PropertyExpression : MemberExpression // TypeDefIndex: 11838"
"851615","class","MemberInitExpression","11839","public sealed class MemberInitExpression : Expression // TypeDefIndex: 11839"
"851639","class","MemberListBinding","11840","public sealed class MemberListBinding : MemberBinding // TypeDefIndex: 11840"
"851656","class","MemberMemberBinding","11841","public sealed class MemberMemberBinding : MemberBinding // TypeDefIndex: 11841"
"851674","class","MethodCallExpression","11842","public class MethodCallExpression : Expression, IArgumentProvider // TypeDefIndex: 11842"
"851725","class","InstanceMethodCallExpression","11843","internal class InstanceMethodCallExpression : MethodCallExpression, IArgumentProvider // TypeDefIndex: 11843"
"851740","class","MethodCallExpressionN","11844","internal sealed class MethodCallExpressionN : MethodCallExpression, IArgumentProvider // TypeDefIndex: 11844"
"851764","class","InstanceMethodCallExpressionN","11845","internal sealed class InstanceMethodCallExpressionN : InstanceMethodCallExpression, IArgumentProvider // TypeDefIndex: 11845"
"851788","class","MethodCallExpression0","11846","internal sealed class MethodCallExpression0 : MethodCallExpression, IArgumentProvider // TypeDefIndex: 11846"
"851809","class","MethodCallExpression1","11847","internal sealed class MethodCallExpression1 : MethodCallExpression, IArgumentProvider // TypeDefIndex: 11847"
"851833","class","MethodCallExpression2","11848","internal sealed class MethodCallExpression2 : MethodCallExpression, IArgumentProvider // TypeDefIndex: 11848"
"851858","class","MethodCallExpression3","11849","internal sealed class MethodCallExpression3 : MethodCallExpression, IArgumentProvider // TypeDefIndex: 11849"
"851884","class","MethodCallExpression4","11850","internal sealed class MethodCallExpression4 : MethodCallExpression, IArgumentProvider // TypeDefIndex: 11850"
"851911","class","MethodCallExpression5","11851","internal sealed class MethodCallExpression5 : MethodCallExpression, IArgumentProvider // TypeDefIndex: 11851"
"851939","class","InstanceMethodCallExpression0","11852","internal sealed class InstanceMethodCallExpression0 : InstanceMethodCallExpression, IArgumentProvider // TypeDefIndex: 11852"
"851960","class","InstanceMethodCallExpression1","11853","internal sealed class InstanceMethodCallExpression1 : InstanceMethodCallExpression, IArgumentProvider // TypeDefIndex: 11853"
"851984","class","InstanceMethodCallExpression2","11854","internal sealed class InstanceMethodCallExpression2 : InstanceMethodCallExpression, IArgumentProvider // TypeDefIndex: 11854"
"852009","class","InstanceMethodCallExpression3","11855","internal sealed class InstanceMethodCallExpression3 : InstanceMethodCallExpression, IArgumentProvider // TypeDefIndex: 11855"
"852036","class","NewArrayExpression","11856","public class NewArrayExpression : Expression // TypeDefIndex: 11856"
"852072","class","NewArrayInitExpression","11857","internal sealed class NewArrayInitExpression : NewArrayExpression // TypeDefIndex: 11857"
"852087","class","NewArrayBoundsExpression","11858","internal sealed class NewArrayBoundsExpression : NewArrayExpression // TypeDefIndex: 11858"
"852103","class","NewExpression","11859","public class NewExpression : Expression // TypeDefIndex: 11859"
"852125","class","ParameterExpression","11860","public class ParameterExpression : Expression // TypeDefIndex: 11860"
"852166","class","ByRefParameterExpression","11861","internal sealed class ByRefParameterExpression : TypedParameterExpression // TypeDefIndex: 11861"
"852178","class","TypedParameterExpression","11862","internal class TypedParameterExpression : ParameterExpression // TypeDefIndex: 11862"
"852198","class","PrimitiveParameterExpression","11863","internal sealed class PrimitiveParameterExpression<T> : ParameterExpression // TypeDefIndex: 11863"
"852314","class","RuntimeVariablesExpression","11864","public sealed class RuntimeVariablesExpression : Expression // TypeDefIndex: 11864"
"852333","class","StackGuard.","11865","private sealed class StackGuard.<>c__3<T1, T2> // TypeDefIndex: 11865"
"852376","class","StackGuard","11866","internal sealed class StackGuard // TypeDefIndex: 11866"
"852413","class","Strings","11867","internal static class Strings // TypeDefIndex: 11867"
"852840","class","SwitchCase","11868","public sealed class SwitchCase // TypeDefIndex: 11868"
"852865","class","SwitchExpression","11869","public sealed class SwitchExpression : Expression // TypeDefIndex: 11869"
"852903","class","SymbolDocumentInfo","11870","public class SymbolDocumentInfo // TypeDefIndex: 11870"
"852925","class","TryExpression","11871","public sealed class TryExpression : Expression // TypeDefIndex: 11871"
"852984","class","TypeBinaryExpression","11872","public sealed class TypeBinaryExpression : Expression // TypeDefIndex: 11872"
"853029","class","UnaryExpression","11873","public sealed class UnaryExpression : Expression // TypeDefIndex: 11873"
"853107","class","Utils","11874","internal static class Utils // TypeDefIndex: 11874"
"853152","class","AddInstruction.AddInt16","11875","private sealed class AddInstruction.AddInt16 : AddInstruction // TypeDefIndex: 11875"
"853164","class","AddInstruction.AddInt32","11876","private sealed class AddInstruction.AddInt32 : AddInstruction // TypeDefIndex: 11876"
"853176","class","AddInstruction.AddInt64","11877","private sealed class AddInstruction.AddInt64 : AddInstruction // TypeDefIndex: 11877"
"853188","class","AddInstruction.AddUInt16","11878","private sealed class AddInstruction.AddUInt16 : AddInstruction // TypeDefIndex: 11878"
"853200","class","AddInstruction.AddUInt32","11879","private sealed class AddInstruction.AddUInt32 : AddInstruction // TypeDefIndex: 11879"
"853212","class","AddInstruction.AddUInt64","11880","private sealed class AddInstruction.AddUInt64 : AddInstruction // TypeDefIndex: 11880"
"853224","class","AddInstruction.AddSingle","11881","private sealed class AddInstruction.AddSingle : AddInstruction // TypeDefIndex: 11881"
"853236","class","AddInstruction.AddDouble","11882","private sealed class AddInstruction.AddDouble : AddInstruction // TypeDefIndex: 11882"
"853248","class","AddInstruction","11883","internal abstract class AddInstruction : Instruction // TypeDefIndex: 11883"
"853284","class","AddOvfInstruction.AddOvfInt16","11884","private sealed class AddOvfInstruction.AddOvfInt16 : AddOvfInstruction // TypeDefIndex: 11884"
"853296","class","AddOvfInstruction.AddOvfInt32","11885","private sealed class AddOvfInstruction.AddOvfInt32 : AddOvfInstruction // TypeDefIndex: 11885"
"853308","class","AddOvfInstruction.AddOvfInt64","11886","private sealed class AddOvfInstruction.AddOvfInt64 : AddOvfInstruction // TypeDefIndex: 11886"
"853320","class","AddOvfInstruction.AddOvfUInt16","11887","private sealed class AddOvfInstruction.AddOvfUInt16 : AddOvfInstruction // TypeDefIndex: 11887"
"853332","class","AddOvfInstruction.AddOvfUInt32","11888","private sealed class AddOvfInstruction.AddOvfUInt32 : AddOvfInstruction // TypeDefIndex: 11888"
"853344","class","AddOvfInstruction.AddOvfUInt64","11889","private sealed class AddOvfInstruction.AddOvfUInt64 : AddOvfInstruction // TypeDefIndex: 11889"
"853356","class","AddOvfInstruction","11890","internal abstract class AddOvfInstruction : Instruction // TypeDefIndex: 11890"
"853390","class","AndInstruction.AndSByte","11891","private sealed class AndInstruction.AndSByte : AndInstruction // TypeDefIndex: 11891"
"853402","class","AndInstruction.AndInt16","11892","private sealed class AndInstruction.AndInt16 : AndInstruction // TypeDefIndex: 11892"
"853414","class","AndInstruction.AndInt32","11893","private sealed class AndInstruction.AndInt32 : AndInstruction // TypeDefIndex: 11893"
"853426","class","AndInstruction.AndInt64","11894","private sealed class AndInstruction.AndInt64 : AndInstruction // TypeDefIndex: 11894"
"853438","class","AndInstruction.AndByte","11895","private sealed class AndInstruction.AndByte : AndInstruction // TypeDefIndex: 11895"
"853450","class","AndInstruction.AndUInt16","11896","private sealed class AndInstruction.AndUInt16 : AndInstruction // TypeDefIndex: 11896"
"853462","class","AndInstruction.AndUInt32","11897","private sealed class AndInstruction.AndUInt32 : AndInstruction // TypeDefIndex: 11897"
"853474","class","AndInstruction.AndUInt64","11898","private sealed class AndInstruction.AndUInt64 : AndInstruction // TypeDefIndex: 11898"
"853486","class","AndInstruction.AndBoolean","11899","private sealed class AndInstruction.AndBoolean : AndInstruction // TypeDefIndex: 11899"
"853498","class","AndInstruction","11900","internal abstract class AndInstruction : Instruction // TypeDefIndex: 11900"
"853535","class","NewArrayInitInstruction","11901","internal sealed class NewArrayInitInstruction : Instruction // TypeDefIndex: 11901"
"853565","class","NewArrayInstruction","11902","internal sealed class NewArrayInstruction : Instruction // TypeDefIndex: 11902"
"853594","class","NewArrayBoundsInstruction","11903","internal sealed class NewArrayBoundsInstruction : Instruction // TypeDefIndex: 11903"
"853624","class","GetArrayItemInstruction","11904","internal sealed class GetArrayItemInstruction : Instruction // TypeDefIndex: 11904"
"853656","class","SetArrayItemInstruction","11905","internal sealed class SetArrayItemInstruction : Instruction // TypeDefIndex: 11905"
"853684","class","ArrayLengthInstruction","11906","internal sealed class ArrayLengthInstruction : Instruction // TypeDefIndex: 11906"
"853716","class","ConvertHelper","11907","internal static class ConvertHelper // TypeDefIndex: 11907"
"853726","struct","RuntimeLabel","11908","internal struct RuntimeLabel // TypeDefIndex: 11908"
"853743","class","BranchLabel","11909","internal sealed class BranchLabel // TypeDefIndex: 11909"
"853791","class","CallInstruction","11910","internal abstract class CallInstruction : Instruction // TypeDefIndex: 11910"
"853838","class","MethodInfoCallInstruction","11911","internal class MethodInfoCallInstruction : CallInstruction // TypeDefIndex: 11911"
"853870","class","ByRefMethodInfoCallInstruction","11912","internal class ByRefMethodInfoCallInstruction : MethodInfoCallInstruction // TypeDefIndex: 11912"
"853891","class","OffsetInstruction","11913","internal abstract class OffsetInstruction : Instruction // TypeDefIndex: 11913"
"853918","class","BranchFalseInstruction","11914","internal sealed class BranchFalseInstruction : OffsetInstruction // TypeDefIndex: 11914"
"853947","class","BranchTrueInstruction","11915","internal sealed class BranchTrueInstruction : OffsetInstruction // TypeDefIndex: 11915"
"853976","class","CoalescingBranchInstruction","11916","internal sealed class CoalescingBranchInstruction : OffsetInstruction // TypeDefIndex: 11916"
"854009","class","BranchInstruction","11917","internal class BranchInstruction : OffsetInstruction // TypeDefIndex: 11917"
"854047","class","IndexedBranchInstruction","11918","internal abstract class IndexedBranchInstruction : Instruction // TypeDefIndex: 11918"
"854068","class","GotoInstruction","11919","internal sealed class GotoInstruction : IndexedBranchInstruction // TypeDefIndex: 11919"
"854106","class","EnterTryCatchFinallyInstruction","11920","internal sealed class EnterTryCatchFinallyInstruction : IndexedBranchInstruction // TypeDefIndex: 11920"
"854148","class","EnterTryFaultInstruction","11921","internal sealed class EnterTryFaultInstruction : IndexedBranchInstruction // TypeDefIndex: 11921"
"854180","class","EnterFinallyInstruction","11922","internal sealed class EnterFinallyInstruction : IndexedBranchInstruction // TypeDefIndex: 11922"
"854215","class","LeaveFinallyInstruction","11923","internal sealed class LeaveFinallyInstruction : Instruction // TypeDefIndex: 11923"
"854243","class","EnterFaultInstruction","11924","internal sealed class EnterFaultInstruction : IndexedBranchInstruction // TypeDefIndex: 11924"
"854274","class","LeaveFaultInstruction","11925","internal sealed class LeaveFaultInstruction : Instruction // TypeDefIndex: 11925"
"854306","class","EnterExceptionFilterInstruction","11926","internal sealed class EnterExceptionFilterInstruction : Instruction // TypeDefIndex: 11926"
"854335","class","LeaveExceptionFilterInstruction","11927","internal sealed class LeaveExceptionFilterInstruction : Instruction // TypeDefIndex: 11927"
"854364","class","EnterExceptionHandlerInstruction","11928","internal sealed class EnterExceptionHandlerInstruction : Instruction // TypeDefIndex: 11928"
"854399","class","LeaveExceptionHandlerInstruction","11929","internal sealed class LeaveExceptionHandlerInstruction : IndexedBranchInstruction // TypeDefIndex: 11929"
"854435","class","ThrowInstruction","11930","internal sealed class ThrowInstruction : Instruction // TypeDefIndex: 11930"
"854475","class","IntSwitchInstruction","11931","internal sealed class IntSwitchInstruction<T> : Instruction // TypeDefIndex: 11931"
"854544","class","StringSwitchInstruction","11932","internal sealed class StringSwitchInstruction : Instruction // TypeDefIndex: 11932"
"854570","class","DecrementInstruction.DecrementInt16","11933","private sealed class DecrementInstruction.DecrementInt16 : DecrementInstruction // TypeDefIndex: 11933"
"854582","class","DecrementInstruction.DecrementInt32","11934","private sealed class DecrementInstruction.DecrementInt32 : DecrementInstruction // TypeDefIndex: 11934"
"854594","class","DecrementInstruction.DecrementInt64","11935","private sealed class DecrementInstruction.DecrementInt64 : DecrementInstruction // TypeDefIndex: 11935"
"854606","class","DecrementInstruction.DecrementUInt16","11936","private sealed class DecrementInstruction.DecrementUInt16 : DecrementInstruction // TypeDefIndex: 11936"
"854618","class","DecrementInstruction.DecrementUInt32","11937","private sealed class DecrementInstruction.DecrementUInt32 : DecrementInstruction // TypeDefIndex: 11937"
"854630","class","DecrementInstruction.DecrementUInt64","11938","private sealed class DecrementInstruction.DecrementUInt64 : DecrementInstruction // TypeDefIndex: 11938"
"854642","class","DecrementInstruction.DecrementSingle","11939","private sealed class DecrementInstruction.DecrementSingle : DecrementInstruction // TypeDefIndex: 11939"
"854654","class","DecrementInstruction.DecrementDouble","11940","private sealed class DecrementInstruction.DecrementDouble : DecrementInstruction // TypeDefIndex: 11940"
"854666","class","DecrementInstruction","11941","internal abstract class DecrementInstruction : Instruction // TypeDefIndex: 11941"
"854702","class","DefaultValueInstruction","11942","internal sealed class DefaultValueInstruction : Instruction // TypeDefIndex: 11942"
"854730","class","DivInstruction.DivInt16","11943","private sealed class DivInstruction.DivInt16 : DivInstruction // TypeDefIndex: 11943"
"854742","class","DivInstruction.DivInt32","11944","private sealed class DivInstruction.DivInt32 : DivInstruction // TypeDefIndex: 11944"
"854754","class","DivInstruction.DivInt64","11945","private sealed class DivInstruction.DivInt64 : DivInstruction // TypeDefIndex: 11945"
"854766","class","DivInstruction.DivUInt16","11946","private sealed class DivInstruction.DivUInt16 : DivInstruction // TypeDefIndex: 11946"
"854778","class","DivInstruction.DivUInt32","11947","private sealed class DivInstruction.DivUInt32 : DivInstruction // TypeDefIndex: 11947"
"854790","class","DivInstruction.DivUInt64","11948","private sealed class DivInstruction.DivUInt64 : DivInstruction // TypeDefIndex: 11948"
"854802","class","DivInstruction.DivSingle","11949","private sealed class DivInstruction.DivSingle : DivInstruction // TypeDefIndex: 11949"
"854814","class","DivInstruction.DivDouble","11950","private sealed class DivInstruction.DivDouble : DivInstruction // TypeDefIndex: 11950"
"854826","class","DivInstruction","11951","internal abstract class DivInstruction : Instruction // TypeDefIndex: 11951"
"854862","class","EqualInstruction.EqualBoolean","11952","private sealed class EqualInstruction.EqualBoolean : EqualInstruction // TypeDefIndex: 11952"
"854874","class","EqualInstruction.EqualSByte","11953","private sealed class EqualInstruction.EqualSByte : EqualInstruction // TypeDefIndex: 11953"
"854886","class","EqualInstruction.EqualInt16","11954","private sealed class EqualInstruction.EqualInt16 : EqualInstruction // TypeDefIndex: 11954"
"854898","class","EqualInstruction.EqualChar","11955","private sealed class EqualInstruction.EqualChar : EqualInstruction // TypeDefIndex: 11955"
"854910","class","EqualInstruction.EqualInt32","11956","private sealed class EqualInstruction.EqualInt32 : EqualInstruction // TypeDefIndex: 11956"
"854922","class","EqualInstruction.EqualInt64","11957","private sealed class EqualInstruction.EqualInt64 : EqualInstruction // TypeDefIndex: 11957"
"854934","class","EqualInstruction.EqualByte","11958","private sealed class EqualInstruction.EqualByte : EqualInstruction // TypeDefIndex: 11958"
"854946","class","EqualInstruction.EqualUInt16","11959","private sealed class EqualInstruction.EqualUInt16 : EqualInstruction // TypeDefIndex: 11959"
"854958","class","EqualInstruction.EqualUInt32","11960","private sealed class EqualInstruction.EqualUInt32 : EqualInstruction // TypeDefIndex: 11960"
"854970","class","EqualInstruction.EqualUInt64","11961","private sealed class EqualInstruction.EqualUInt64 : EqualInstruction // TypeDefIndex: 11961"
"854982","class","EqualInstruction.EqualSingle","11962","private sealed class EqualInstruction.EqualSingle : EqualInstruction // TypeDefIndex: 11962"
"854994","class","EqualInstruction.EqualDouble","11963","private sealed class EqualInstruction.EqualDouble : EqualInstruction // TypeDefIndex: 11963"
"855006","class","EqualInstruction.EqualReference","11964","private sealed class EqualInstruction.EqualReference : EqualInstruction // TypeDefIndex: 11964"
"855018","class","EqualInstruction.EqualBooleanLiftedToNull","11965","private sealed class EqualInstruction.EqualBooleanLiftedToNull : EqualInstruction // TypeDefIndex: 11965"
"855030","class","EqualInstruction.EqualSByteLiftedToNull","11966","private sealed class EqualInstruction.EqualSByteLiftedToNull : EqualInstruction // TypeDefIndex: 11966"
"855042","class","EqualInstruction.EqualInt16LiftedToNull","11967","private sealed class EqualInstruction.EqualInt16LiftedToNull : EqualInstruction // TypeDefIndex: 11967"
"855054","class","EqualInstruction.EqualCharLiftedToNull","11968","private sealed class EqualInstruction.EqualCharLiftedToNull : EqualInstruction // TypeDefIndex: 11968"
"855066","class","EqualInstruction.EqualInt32LiftedToNull","11969","private sealed class EqualInstruction.EqualInt32LiftedToNull : EqualInstruction // TypeDefIndex: 11969"
"855078","class","EqualInstruction.EqualInt64LiftedToNull","11970","private sealed class EqualInstruction.EqualInt64LiftedToNull : EqualInstruction // TypeDefIndex: 11970"
"855090","class","EqualInstruction.EqualByteLiftedToNull","11971","private sealed class EqualInstruction.EqualByteLiftedToNull : EqualInstruction // TypeDefIndex: 11971"
"855102","class","EqualInstruction.EqualUInt16LiftedToNull","11972","private sealed class EqualInstruction.EqualUInt16LiftedToNull : EqualInstruction // TypeDefIndex: 11972"
"855114","class","EqualInstruction.EqualUInt32LiftedToNull","11973","private sealed class EqualInstruction.EqualUInt32LiftedToNull : EqualInstruction // TypeDefIndex: 11973"
"855126","class","EqualInstruction.EqualUInt64LiftedToNull","11974","private sealed class EqualInstruction.EqualUInt64LiftedToNull : EqualInstruction // TypeDefIndex: 11974"
"855138","class","EqualInstruction.EqualSingleLiftedToNull","11975","private sealed class EqualInstruction.EqualSingleLiftedToNull : EqualInstruction // TypeDefIndex: 11975"
"855150","class","EqualInstruction.EqualDoubleLiftedToNull","11976","private sealed class EqualInstruction.EqualDoubleLiftedToNull : EqualInstruction // TypeDefIndex: 11976"
"855162","class","EqualInstruction","11977","internal abstract class EqualInstruction : Instruction // TypeDefIndex: 11977"
"855215","class","ExclusiveOrInstruction.ExclusiveOrSByte","11978","private sealed class ExclusiveOrInstruction.ExclusiveOrSByte : ExclusiveOrInstruction // TypeDefIndex: 11978"
"855227","class","ExclusiveOrInstruction.ExclusiveOrInt16","11979","private sealed class ExclusiveOrInstruction.ExclusiveOrInt16 : ExclusiveOrInstruction // TypeDefIndex: 11979"
"855239","class","ExclusiveOrInstruction.ExclusiveOrInt32","11980","private sealed class ExclusiveOrInstruction.ExclusiveOrInt32 : ExclusiveOrInstruction // TypeDefIndex: 11980"
"855251","class","ExclusiveOrInstruction.ExclusiveOrInt64","11981","private sealed class ExclusiveOrInstruction.ExclusiveOrInt64 : ExclusiveOrInstruction // TypeDefIndex: 11981"
"855263","class","ExclusiveOrInstruction.ExclusiveOrByte","11982","private sealed class ExclusiveOrInstruction.ExclusiveOrByte : ExclusiveOrInstruction // TypeDefIndex: 11982"
"855275","class","ExclusiveOrInstruction.ExclusiveOrUInt16","11983","private sealed class ExclusiveOrInstruction.ExclusiveOrUInt16 : ExclusiveOrInstruction // TypeDefIndex: 11983"
"855287","class","ExclusiveOrInstruction.ExclusiveOrUInt32","11984","private sealed class ExclusiveOrInstruction.ExclusiveOrUInt32 : ExclusiveOrInstruction // TypeDefIndex: 11984"
"855299","class","ExclusiveOrInstruction.ExclusiveOrUInt64","11985","private sealed class ExclusiveOrInstruction.ExclusiveOrUInt64 : ExclusiveOrInstruction // TypeDefIndex: 11985"
"855311","class","ExclusiveOrInstruction.ExclusiveOrBoolean","11986","private sealed class ExclusiveOrInstruction.ExclusiveOrBoolean : ExclusiveOrInstruction // TypeDefIndex: 11986"
"855323","class","ExclusiveOrInstruction","11987","internal abstract class ExclusiveOrInstruction : Instruction // TypeDefIndex: 11987"
"855360","class","FieldInstruction","11988","internal abstract class FieldInstruction : Instruction // TypeDefIndex: 11988"
"855375","class","LoadStaticFieldInstruction","11989","internal sealed class LoadStaticFieldInstruction : FieldInstruction // TypeDefIndex: 11989"
"855397","class","LoadFieldInstruction","11990","internal sealed class LoadFieldInstruction : FieldInstruction // TypeDefIndex: 11990"
"855423","class","StoreFieldInstruction","11991","internal sealed class StoreFieldInstruction : FieldInstruction // TypeDefIndex: 11991"
"855445","class","StoreStaticFieldInstruction","11992","internal sealed class StoreStaticFieldInstruction : FieldInstruction // TypeDefIndex: 11992"
"855467","class","GreaterThanInstruction.GreaterThanSByte","11993","private sealed class GreaterThanInstruction.GreaterThanSByte : GreaterThanInstruction // TypeDefIndex: 11993"
"855479","class","GreaterThanInstruction.GreaterThanInt16","11994","private sealed class GreaterThanInstruction.GreaterThanInt16 : GreaterThanInstruction // TypeDefIndex: 11994"
"855491","class","GreaterThanInstruction.GreaterThanChar","11995","private sealed class GreaterThanInstruction.GreaterThanChar : GreaterThanInstruction // TypeDefIndex: 11995"
"855503","class","GreaterThanInstruction.GreaterThanInt32","11996","private sealed class GreaterThanInstruction.GreaterThanInt32 : GreaterThanInstruction // TypeDefIndex: 11996"
"855515","class","GreaterThanInstruction.GreaterThanInt64","11997","private sealed class GreaterThanInstruction.GreaterThanInt64 : GreaterThanInstruction // TypeDefIndex: 11997"
"855527","class","GreaterThanInstruction.GreaterThanByte","11998","private sealed class GreaterThanInstruction.GreaterThanByte : GreaterThanInstruction // TypeDefIndex: 11998"
"855539","class","GreaterThanInstruction.GreaterThanUInt16","11999","private sealed class GreaterThanInstruction.GreaterThanUInt16 : GreaterThanInstruction // TypeDefIndex: 11999"
"855551","class","GreaterThanInstruction.GreaterThanUInt32","12000","private sealed class GreaterThanInstruction.GreaterThanUInt32 : GreaterThanInstruction // TypeDefIndex: 12000"
"855563","class","GreaterThanInstruction.GreaterThanUInt64","12001","private sealed class GreaterThanInstruction.GreaterThanUInt64 : GreaterThanInstruction // TypeDefIndex: 12001"
"855575","class","GreaterThanInstruction.GreaterThanSingle","12002","private sealed class GreaterThanInstruction.GreaterThanSingle : GreaterThanInstruction // TypeDefIndex: 12002"
"855587","class","GreaterThanInstruction.GreaterThanDouble","12003","private sealed class GreaterThanInstruction.GreaterThanDouble : GreaterThanInstruction // TypeDefIndex: 12003"
"855599","class","GreaterThanInstruction","12004","internal abstract class GreaterThanInstruction : Instruction // TypeDefIndex: 12004"
"855650","class","GreaterThanOrEqualInstruction.GreaterThanOrEqualSByte","12005","private sealed class GreaterThanOrEqualInstruction.GreaterThanOrEqualSByte : GreaterThanOrEqualInstruction // TypeDefIndex: 12005"
"855662","class","GreaterThanOrEqualInstruction.GreaterThanOrEqualInt16","12006","private sealed class GreaterThanOrEqualInstruction.GreaterThanOrEqualInt16 : GreaterThanOrEqualInstruction // TypeDefIndex: 12006"
"855674","class","GreaterThanOrEqualInstruction.GreaterThanOrEqualChar","12007","private sealed class GreaterThanOrEqualInstruction.GreaterThanOrEqualChar : GreaterThanOrEqualInstruction // TypeDefIndex: 12007"
"855686","class","GreaterThanOrEqualInstruction.GreaterThanOrEqualInt32","12008","private sealed class GreaterThanOrEqualInstruction.GreaterThanOrEqualInt32 : GreaterThanOrEqualInstruction // TypeDefIndex: 12008"
"855698","class","GreaterThanOrEqualInstruction.GreaterThanOrEqualInt64","12009","private sealed class GreaterThanOrEqualInstruction.GreaterThanOrEqualInt64 : GreaterThanOrEqualInstruction // TypeDefIndex: 12009"
"855710","class","GreaterThanOrEqualInstruction.GreaterThanOrEqualByte","12010","private sealed class GreaterThanOrEqualInstruction.GreaterThanOrEqualByte : GreaterThanOrEqualInstruction // TypeDefIndex: 12010"
"855722","class","GreaterThanOrEqualInstruction.GreaterThanOrEqualUInt16","12011","private sealed class GreaterThanOrEqualInstruction.GreaterThanOrEqualUInt16 : GreaterThanOrEqualInstruction // TypeDefIndex: 12011"
"855734","class","GreaterThanOrEqualInstruction.GreaterThanOrEqualUInt32","12012","private sealed class GreaterThanOrEqualInstruction.GreaterThanOrEqualUInt32 : GreaterThanOrEqualInstruction // TypeDefIndex: 12012"
"855746","class","GreaterThanOrEqualInstruction.GreaterThanOrEqualUInt64","12013","private sealed class GreaterThanOrEqualInstruction.GreaterThanOrEqualUInt64 : GreaterThanOrEqualInstruction // TypeDefIndex: 12013"
"855758","class","GreaterThanOrEqualInstruction.GreaterThanOrEqualSingle","12014","private sealed class GreaterThanOrEqualInstruction.GreaterThanOrEqualSingle : GreaterThanOrEqualInstruction // TypeDefIndex: 12014"
"855770","class","GreaterThanOrEqualInstruction.GreaterThanOrEqualDouble","12015","private sealed class GreaterThanOrEqualInstruction.GreaterThanOrEqualDouble : GreaterThanOrEqualInstruction // TypeDefIndex: 12015"
"855782","class","GreaterThanOrEqualInstruction","12016","internal abstract class GreaterThanOrEqualInstruction : Instruction // TypeDefIndex: 12016"
"855833","class","IncrementInstruction.IncrementInt16","12017","private sealed class IncrementInstruction.IncrementInt16 : IncrementInstruction // TypeDefIndex: 12017"
"855845","class","IncrementInstruction.IncrementInt32","12018","private sealed class IncrementInstruction.IncrementInt32 : IncrementInstruction // TypeDefIndex: 12018"
"855857","class","IncrementInstruction.IncrementInt64","12019","private sealed class IncrementInstruction.IncrementInt64 : IncrementInstruction // TypeDefIndex: 12019"
"855869","class","IncrementInstruction.IncrementUInt16","12020","private sealed class IncrementInstruction.IncrementUInt16 : IncrementInstruction // TypeDefIndex: 12020"
"855881","class","IncrementInstruction.IncrementUInt32","12021","private sealed class IncrementInstruction.IncrementUInt32 : IncrementInstruction // TypeDefIndex: 12021"
"855893","class","IncrementInstruction.IncrementUInt64","12022","private sealed class IncrementInstruction.IncrementUInt64 : IncrementInstruction // TypeDefIndex: 12022"
"855905","class","IncrementInstruction.IncrementSingle","12023","private sealed class IncrementInstruction.IncrementSingle : IncrementInstruction // TypeDefIndex: 12023"
"855917","class","IncrementInstruction.IncrementDouble","12024","private sealed class IncrementInstruction.IncrementDouble : IncrementInstruction // TypeDefIndex: 12024"
"855929","class","IncrementInstruction","12025","internal abstract class IncrementInstruction : Instruction // TypeDefIndex: 12025"
"855965","class","Instruction","12026","internal abstract class Instruction // TypeDefIndex: 12026"
"856016","class","InstructionArray.DebugView","12027","internal sealed class InstructionArray.DebugView // TypeDefIndex: 12027"
"856037","struct","InstructionArray","12028","internal struct InstructionArray // TypeDefIndex: 12028"
"856056","struct","InstructionList.DebugView.InstructionView","12029","internal struct InstructionList.DebugView.InstructionView // TypeDefIndex: 12029"
"856075","class","InstructionList.DebugView","12030","internal sealed class InstructionList.DebugView // TypeDefIndex: 12030"
"856085","class","InstructionList","12031","internal sealed class InstructionList // TypeDefIndex: 12031"
"856477","class","InterpretedFrame.","12032","private sealed class InterpretedFrame.<GetStackTraceDebugInfo>d__29 : IEnumerable<InterpretedFrameInfo>, IEnumerable, IEnumerator<InterpretedFrameInfo>, IDisposable, IEnumerator // TypeDefIndex: 12032"
"856525","class","InterpretedFrame","12033","internal sealed class InterpretedFrame // TypeDefIndex: 12033"
"856631","class","Interpreter","12034","internal sealed class Interpreter // TypeDefIndex: 12034"
"856686","class","LabelInfo.","12035","private sealed class LabelInfo.<>c // TypeDefIndex: 12035"
"856705","class","LabelInfo","12036","internal sealed class LabelInfo // TypeDefIndex: 12036"
"856766","enum","LabelScopeKind","12037","internal enum LabelScopeKind // TypeDefIndex: 12037"
"856782","class","LabelScopeInfo","12038","internal sealed class LabelScopeInfo // TypeDefIndex: 12038"
"856811","class","LeftShiftInstruction.LeftShiftSByte","12039","private sealed class LeftShiftInstruction.LeftShiftSByte : LeftShiftInstruction // TypeDefIndex: 12039"
"856823","class","LeftShiftInstruction.LeftShiftInt16","12040","private sealed class LeftShiftInstruction.LeftShiftInt16 : LeftShiftInstruction // TypeDefIndex: 12040"
"856835","class","LeftShiftInstruction.LeftShiftInt32","12041","private sealed class LeftShiftInstruction.LeftShiftInt32 : LeftShiftInstruction // TypeDefIndex: 12041"
"856847","class","LeftShiftInstruction.LeftShiftInt64","12042","private sealed class LeftShiftInstruction.LeftShiftInt64 : LeftShiftInstruction // TypeDefIndex: 12042"
"856859","class","LeftShiftInstruction.LeftShiftByte","12043","private sealed class LeftShiftInstruction.LeftShiftByte : LeftShiftInstruction // TypeDefIndex: 12043"
"856871","class","LeftShiftInstruction.LeftShiftUInt16","12044","private sealed class LeftShiftInstruction.LeftShiftUInt16 : LeftShiftInstruction // TypeDefIndex: 12044"
"856883","class","LeftShiftInstruction.LeftShiftUInt32","12045","private sealed class LeftShiftInstruction.LeftShiftUInt32 : LeftShiftInstruction // TypeDefIndex: 12045"
"856895","class","LeftShiftInstruction.LeftShiftUInt64","12046","private sealed class LeftShiftInstruction.LeftShiftUInt64 : LeftShiftInstruction // TypeDefIndex: 12046"
"856907","class","LeftShiftInstruction","12047","internal abstract class LeftShiftInstruction : Instruction // TypeDefIndex: 12047"
"856943","class","LessThanInstruction.LessThanSByte","12048","private sealed class LessThanInstruction.LessThanSByte : LessThanInstruction // TypeDefIndex: 12048"
"856955","class","LessThanInstruction.LessThanInt16","12049","private sealed class LessThanInstruction.LessThanInt16 : LessThanInstruction // TypeDefIndex: 12049"
"856967","class","LessThanInstruction.LessThanChar","12050","private sealed class LessThanInstruction.LessThanChar : LessThanInstruction // TypeDefIndex: 12050"
"856979","class","LessThanInstruction.LessThanInt32","12051","private sealed class LessThanInstruction.LessThanInt32 : LessThanInstruction // TypeDefIndex: 12051"
"856991","class","LessThanInstruction.LessThanInt64","12052","private sealed class LessThanInstruction.LessThanInt64 : LessThanInstruction // TypeDefIndex: 12052"
"857003","class","LessThanInstruction.LessThanByte","12053","private sealed class LessThanInstruction.LessThanByte : LessThanInstruction // TypeDefIndex: 12053"
"857015","class","LessThanInstruction.LessThanUInt16","12054","private sealed class LessThanInstruction.LessThanUInt16 : LessThanInstruction // TypeDefIndex: 12054"
"857027","class","LessThanInstruction.LessThanUInt32","12055","private sealed class LessThanInstruction.LessThanUInt32 : LessThanInstruction // TypeDefIndex: 12055"
"857039","class","LessThanInstruction.LessThanUInt64","12056","private sealed class LessThanInstruction.LessThanUInt64 : LessThanInstruction // TypeDefIndex: 12056"
"857051","class","LessThanInstruction.LessThanSingle","12057","private sealed class LessThanInstruction.LessThanSingle : LessThanInstruction // TypeDefIndex: 12057"
"857063","class","LessThanInstruction.LessThanDouble","12058","private sealed class LessThanInstruction.LessThanDouble : LessThanInstruction // TypeDefIndex: 12058"
"857075","class","LessThanInstruction","12059","internal abstract class LessThanInstruction : Instruction // TypeDefIndex: 12059"
"857126","class","LessThanOrEqualInstruction.LessThanOrEqualSByte","12060","private sealed class LessThanOrEqualInstruction.LessThanOrEqualSByte : LessThanOrEqualInstruction // TypeDefIndex: 12060"
"857138","class","LessThanOrEqualInstruction.LessThanOrEqualInt16","12061","private sealed class LessThanOrEqualInstruction.LessThanOrEqualInt16 : LessThanOrEqualInstruction // TypeDefIndex: 12061"
"857150","class","LessThanOrEqualInstruction.LessThanOrEqualChar","12062","private sealed class LessThanOrEqualInstruction.LessThanOrEqualChar : LessThanOrEqualInstruction // TypeDefIndex: 12062"
"857162","class","LessThanOrEqualInstruction.LessThanOrEqualInt32","12063","private sealed class LessThanOrEqualInstruction.LessThanOrEqualInt32 : LessThanOrEqualInstruction // TypeDefIndex: 12063"
"857174","class","LessThanOrEqualInstruction.LessThanOrEqualInt64","12064","private sealed class LessThanOrEqualInstruction.LessThanOrEqualInt64 : LessThanOrEqualInstruction // TypeDefIndex: 12064"
"857186","class","LessThanOrEqualInstruction.LessThanOrEqualByte","12065","private sealed class LessThanOrEqualInstruction.LessThanOrEqualByte : LessThanOrEqualInstruction // TypeDefIndex: 12065"
"857198","class","LessThanOrEqualInstruction.LessThanOrEqualUInt16","12066","private sealed class LessThanOrEqualInstruction.LessThanOrEqualUInt16 : LessThanOrEqualInstruction // TypeDefIndex: 12066"
"857210","class","LessThanOrEqualInstruction.LessThanOrEqualUInt32","12067","private sealed class LessThanOrEqualInstruction.LessThanOrEqualUInt32 : LessThanOrEqualInstruction // TypeDefIndex: 12067"
"857222","class","LessThanOrEqualInstruction.LessThanOrEqualUInt64","12068","private sealed class LessThanOrEqualInstruction.LessThanOrEqualUInt64 : LessThanOrEqualInstruction // TypeDefIndex: 12068"
"857234","class","LessThanOrEqualInstruction.LessThanOrEqualSingle","12069","private sealed class LessThanOrEqualInstruction.LessThanOrEqualSingle : LessThanOrEqualInstruction // TypeDefIndex: 12069"
"857246","class","LessThanOrEqualInstruction.LessThanOrEqualDouble","12070","private sealed class LessThanOrEqualInstruction.LessThanOrEqualDouble : LessThanOrEqualInstruction // TypeDefIndex: 12070"
"857258","class","LessThanOrEqualInstruction","12071","internal abstract class LessThanOrEqualInstruction : Instruction // TypeDefIndex: 12071"
"857309","class","ExceptionFilter","12072","internal sealed class ExceptionFilter // TypeDefIndex: 12072"
"857323","class","ExceptionHandler","12073","internal sealed class ExceptionHandler // TypeDefIndex: 12073"
"857345","class","TryCatchFinallyHandler","12074","internal sealed class TryCatchFinallyHandler // TypeDefIndex: 12074"
"857385","class","TryFaultHandler","12075","internal sealed class TryFaultHandler // TypeDefIndex: 12075"
"857400","class","RethrowException","12076","internal sealed class RethrowException : Exception // TypeDefIndex: 12076"
"857409","class","DebugInfo.DebugInfoComparer","12077","private class DebugInfo.DebugInfoComparer : IComparer<DebugInfo> // TypeDefIndex: 12077"
"857421","class","DebugInfo","12078","internal sealed class DebugInfo // TypeDefIndex: 12078"
"857448","struct","InterpretedFrameInfo","12079","internal struct InterpretedFrameInfo // TypeDefIndex: 12079"
"857464","class","LightCompiler.QuoteVisitor","12080","private sealed class LightCompiler.QuoteVisitor : ExpressionVisitor // TypeDefIndex: 12080"
"857505","class","LightCompiler.","12081","private sealed class LightCompiler.<>c // TypeDefIndex: 12081"
"857532","class","LightCompiler","12082","internal sealed class LightCompiler // TypeDefIndex: 12082"
"857842","class","ByRefUpdater","12083","internal abstract class ByRefUpdater // TypeDefIndex: 12083"
"857860","class","ParameterByRefUpdater","12084","internal sealed class ParameterByRefUpdater : ByRefUpdater // TypeDefIndex: 12084"
"857875","class","ArrayByRefUpdater","12085","internal sealed class ArrayByRefUpdater : ByRefUpdater // TypeDefIndex: 12085"
"857894","class","FieldByRefUpdater","12086","internal sealed class FieldByRefUpdater : ByRefUpdater // TypeDefIndex: 12086"
"857913","class","PropertyByRefUpdater","12087","internal sealed class PropertyByRefUpdater : ByRefUpdater // TypeDefIndex: 12087"
"857932","class","IndexMethodByRefUpdater","12088","internal sealed class IndexMethodByRefUpdater : ByRefUpdater // TypeDefIndex: 12088"
"857952","class","LightDelegateCreator","12089","internal sealed class LightDelegateCreator // TypeDefIndex: 12089"
"857979","class","LightLambda.DebugViewPrinter","12090","private class LightLambda.DebugViewPrinter // TypeDefIndex: 12090"
"858017","class","LightLambda.","12091","private sealed class LightLambda.<>c__DisplayClass74_0 // TypeDefIndex: 12091"
"858033","class","LightLambda","12092","internal class LightLambda // TypeDefIndex: 12092"
"858588","interface","IBoxableInstruction","12093","internal interface IBoxableInstruction // TypeDefIndex: 12093"
"858597","class","LocalAccessInstruction","12094","internal abstract class LocalAccessInstruction : Instruction // TypeDefIndex: 12094"
"858612","class","LoadLocalInstruction","12095","internal sealed class LoadLocalInstruction : LocalAccessInstruction, IBoxableInstruction // TypeDefIndex: 12095"
"858637","class","LoadLocalBoxedInstruction","12096","internal sealed class LoadLocalBoxedInstruction : LocalAccessInstruction // TypeDefIndex: 12096"
"858659","class","LoadLocalFromClosureInstruction","12097","internal sealed class LoadLocalFromClosureInstruction : LocalAccessInstruction // TypeDefIndex: 12097"
"858681","class","LoadLocalFromClosureBoxedInstruction","12098","internal sealed class LoadLocalFromClosureBoxedInstruction : LocalAccessInstruction // TypeDefIndex: 12098"
"858703","class","AssignLocalInstruction","12099","internal sealed class AssignLocalInstruction : LocalAccessInstruction, IBoxableInstruction // TypeDefIndex: 12099"
"858732","class","StoreLocalInstruction","12100","internal sealed class StoreLocalInstruction : LocalAccessInstruction, IBoxableInstruction // TypeDefIndex: 12100"
"858757","class","AssignLocalBoxedInstruction","12101","internal sealed class AssignLocalBoxedInstruction : LocalAccessInstruction // TypeDefIndex: 12101"
"858783","class","StoreLocalBoxedInstruction","12102","internal sealed class StoreLocalBoxedInstruction : LocalAccessInstruction // TypeDefIndex: 12102"
"858805","class","AssignLocalToClosureInstruction","12103","internal sealed class AssignLocalToClosureInstruction : LocalAccessInstruction // TypeDefIndex: 12103"
"858831","class","ValueTypeCopyInstruction","12104","internal sealed class ValueTypeCopyInstruction : Instruction // TypeDefIndex: 12104"
"858863","class","InitializeLocalInstruction.Reference","12105","internal sealed class InitializeLocalInstruction.Reference : InitializeLocalInstruction, IBoxableInstruction // TypeDefIndex: 12105"
"858884","class","InitializeLocalInstruction.ImmutableValue","12106","internal sealed class InitializeLocalInstruction.ImmutableValue : InitializeLocalInstruction, IBoxableInstruction // TypeDefIndex: 12106"
"858908","class","InitializeLocalInstruction.ImmutableBox","12107","internal sealed class InitializeLocalInstruction.ImmutableBox : InitializeLocalInstruction // TypeDefIndex: 12107"
"858929","class","InitializeLocalInstruction.ImmutableRefBox","12108","internal sealed class InitializeLocalInstruction.ImmutableRefBox : InitializeLocalInstruction // TypeDefIndex: 12108"
"858947","class","InitializeLocalInstruction.ParameterBox","12109","internal sealed class InitializeLocalInstruction.ParameterBox : InitializeLocalInstruction // TypeDefIndex: 12109"
"858965","class","InitializeLocalInstruction.Parameter","12110","internal sealed class InitializeLocalInstruction.Parameter : InitializeLocalInstruction, IBoxableInstruction // TypeDefIndex: 12110"
"858986","class","InitializeLocalInstruction.MutableValue","12111","internal sealed class InitializeLocalInstruction.MutableValue : InitializeLocalInstruction, IBoxableInstruction // TypeDefIndex: 12111"
"859010","class","InitializeLocalInstruction.MutableBox","12112","internal sealed class InitializeLocalInstruction.MutableBox : InitializeLocalInstruction // TypeDefIndex: 12112"
"859031","class","InitializeLocalInstruction","12113","internal abstract class InitializeLocalInstruction : LocalAccessInstruction // TypeDefIndex: 12113"
"859040","class","RuntimeVariablesInstruction","12114","internal sealed class RuntimeVariablesInstruction : Instruction // TypeDefIndex: 12114"
"859069","class","LocalVariable","12115","internal sealed class LocalVariable // TypeDefIndex: 12115"
"859099","struct","LocalDefinition","12116","internal struct LocalDefinition // TypeDefIndex: 12116"
"859132","class","LocalVariables.VariableScope","12117","private sealed class LocalVariables.VariableScope // TypeDefIndex: 12117"
"859148","class","LocalVariables","12118","internal sealed class LocalVariables // TypeDefIndex: 12118"
"859188","class","ModuloInstruction.ModuloInt16","12119","private sealed class ModuloInstruction.ModuloInt16 : ModuloInstruction // TypeDefIndex: 12119"
"859200","class","ModuloInstruction.ModuloInt32","12120","private sealed class ModuloInstruction.ModuloInt32 : ModuloInstruction // TypeDefIndex: 12120"
"859212","class","ModuloInstruction.ModuloInt64","12121","private sealed class ModuloInstruction.ModuloInt64 : ModuloInstruction // TypeDefIndex: 12121"
"859224","class","ModuloInstruction.ModuloUInt16","12122","private sealed class ModuloInstruction.ModuloUInt16 : ModuloInstruction // TypeDefIndex: 12122"
"859236","class","ModuloInstruction.ModuloUInt32","12123","private sealed class ModuloInstruction.ModuloUInt32 : ModuloInstruction // TypeDefIndex: 12123"
"859248","class","ModuloInstruction.ModuloUInt64","12124","private sealed class ModuloInstruction.ModuloUInt64 : ModuloInstruction // TypeDefIndex: 12124"
"859260","class","ModuloInstruction.ModuloSingle","12125","private sealed class ModuloInstruction.ModuloSingle : ModuloInstruction // TypeDefIndex: 12125"
"859272","class","ModuloInstruction.ModuloDouble","12126","private sealed class ModuloInstruction.ModuloDouble : ModuloInstruction // TypeDefIndex: 12126"
"859284","class","ModuloInstruction","12127","internal abstract class ModuloInstruction : Instruction // TypeDefIndex: 12127"
"859320","class","MulInstruction.MulInt16","12128","private sealed class MulInstruction.MulInt16 : MulInstruction // TypeDefIndex: 12128"
"859332","class","MulInstruction.MulInt32","12129","private sealed class MulInstruction.MulInt32 : MulInstruction // TypeDefIndex: 12129"
"859344","class","MulInstruction.MulInt64","12130","private sealed class MulInstruction.MulInt64 : MulInstruction // TypeDefIndex: 12130"
"859356","class","MulInstruction.MulUInt16","12131","private sealed class MulInstruction.MulUInt16 : MulInstruction // TypeDefIndex: 12131"
"859368","class","MulInstruction.MulUInt32","12132","private sealed class MulInstruction.MulUInt32 : MulInstruction // TypeDefIndex: 12132"
"859380","class","MulInstruction.MulUInt64","12133","private sealed class MulInstruction.MulUInt64 : MulInstruction // TypeDefIndex: 12133"
"859392","class","MulInstruction.MulSingle","12134","private sealed class MulInstruction.MulSingle : MulInstruction // TypeDefIndex: 12134"
"859404","class","MulInstruction.MulDouble","12135","private sealed class MulInstruction.MulDouble : MulInstruction // TypeDefIndex: 12135"
"859416","class","MulInstruction","12136","internal abstract class MulInstruction : Instruction // TypeDefIndex: 12136"
"859452","class","MulOvfInstruction.MulOvfInt16","12137","private sealed class MulOvfInstruction.MulOvfInt16 : MulOvfInstruction // TypeDefIndex: 12137"
"859464","class","MulOvfInstruction.MulOvfInt32","12138","private sealed class MulOvfInstruction.MulOvfInt32 : MulOvfInstruction // TypeDefIndex: 12138"
"859476","class","MulOvfInstruction.MulOvfInt64","12139","private sealed class MulOvfInstruction.MulOvfInt64 : MulOvfInstruction // TypeDefIndex: 12139"
"859488","class","MulOvfInstruction.MulOvfUInt16","12140","private sealed class MulOvfInstruction.MulOvfUInt16 : MulOvfInstruction // TypeDefIndex: 12140"
"859500","class","MulOvfInstruction.MulOvfUInt32","12141","private sealed class MulOvfInstruction.MulOvfUInt32 : MulOvfInstruction // TypeDefIndex: 12141"
"859512","class","MulOvfInstruction.MulOvfUInt64","12142","private sealed class MulOvfInstruction.MulOvfUInt64 : MulOvfInstruction // TypeDefIndex: 12142"
"859524","class","MulOvfInstruction","12143","internal abstract class MulOvfInstruction : Instruction // TypeDefIndex: 12143"
"859558","class","NegateInstruction.NegateInt16","12144","private sealed class NegateInstruction.NegateInt16 : NegateInstruction // TypeDefIndex: 12144"
"859570","class","NegateInstruction.NegateInt32","12145","private sealed class NegateInstruction.NegateInt32 : NegateInstruction // TypeDefIndex: 12145"
"859582","class","NegateInstruction.NegateInt64","12146","private sealed class NegateInstruction.NegateInt64 : NegateInstruction // TypeDefIndex: 12146"
"859594","class","NegateInstruction.NegateSingle","12147","private sealed class NegateInstruction.NegateSingle : NegateInstruction // TypeDefIndex: 12147"
"859606","class","NegateInstruction.NegateDouble","12148","private sealed class NegateInstruction.NegateDouble : NegateInstruction // TypeDefIndex: 12148"
"859618","class","NegateInstruction","12149","internal abstract class NegateInstruction : Instruction // TypeDefIndex: 12149"
"859651","class","NegateCheckedInstruction.NegateCheckedInt32","12150","private sealed class NegateCheckedInstruction.NegateCheckedInt32 : NegateCheckedInstruction // TypeDefIndex: 12150"
"859663","class","NegateCheckedInstruction.NegateCheckedInt16","12151","private sealed class NegateCheckedInstruction.NegateCheckedInt16 : NegateCheckedInstruction // TypeDefIndex: 12151"
"859675","class","NegateCheckedInstruction.NegateCheckedInt64","12152","private sealed class NegateCheckedInstruction.NegateCheckedInt64 : NegateCheckedInstruction // TypeDefIndex: 12152"
"859687","class","NegateCheckedInstruction","12153","internal abstract class NegateCheckedInstruction : Instruction // TypeDefIndex: 12153"
"859718","class","NewInstruction","12154","internal class NewInstruction : Instruction // TypeDefIndex: 12154"
"859754","class","ByRefNewInstruction","12155","internal class ByRefNewInstruction : NewInstruction // TypeDefIndex: 12155"
"859775","class","NotEqualInstruction.NotEqualBoolean","12156","private sealed class NotEqualInstruction.NotEqualBoolean : NotEqualInstruction // TypeDefIndex: 12156"
"859787","class","NotEqualInstruction.NotEqualSByte","12157","private sealed class NotEqualInstruction.NotEqualSByte : NotEqualInstruction // TypeDefIndex: 12157"
"859799","class","NotEqualInstruction.NotEqualInt16","12158","private sealed class NotEqualInstruction.NotEqualInt16 : NotEqualInstruction // TypeDefIndex: 12158"
"859811","class","NotEqualInstruction.NotEqualChar","12159","private sealed class NotEqualInstruction.NotEqualChar : NotEqualInstruction // TypeDefIndex: 12159"
"859823","class","NotEqualInstruction.NotEqualInt32","12160","private sealed class NotEqualInstruction.NotEqualInt32 : NotEqualInstruction // TypeDefIndex: 12160"
"859835","class","NotEqualInstruction.NotEqualInt64","12161","private sealed class NotEqualInstruction.NotEqualInt64 : NotEqualInstruction // TypeDefIndex: 12161"
"859847","class","NotEqualInstruction.NotEqualByte","12162","private sealed class NotEqualInstruction.NotEqualByte : NotEqualInstruction // TypeDefIndex: 12162"
"859859","class","NotEqualInstruction.NotEqualUInt16","12163","private sealed class NotEqualInstruction.NotEqualUInt16 : NotEqualInstruction // TypeDefIndex: 12163"
"859871","class","NotEqualInstruction.NotEqualUInt32","12164","private sealed class NotEqualInstruction.NotEqualUInt32 : NotEqualInstruction // TypeDefIndex: 12164"
"859883","class","NotEqualInstruction.NotEqualUInt64","12165","private sealed class NotEqualInstruction.NotEqualUInt64 : NotEqualInstruction // TypeDefIndex: 12165"
"859895","class","NotEqualInstruction.NotEqualSingle","12166","private sealed class NotEqualInstruction.NotEqualSingle : NotEqualInstruction // TypeDefIndex: 12166"
"859907","class","NotEqualInstruction.NotEqualDouble","12167","private sealed class NotEqualInstruction.NotEqualDouble : NotEqualInstruction // TypeDefIndex: 12167"
"859919","class","NotEqualInstruction.NotEqualReference","12168","private sealed class NotEqualInstruction.NotEqualReference : NotEqualInstruction // TypeDefIndex: 12168"
"859931","class","NotEqualInstruction.NotEqualSByteLiftedToNull","12169","private sealed class NotEqualInstruction.NotEqualSByteLiftedToNull : NotEqualInstruction // TypeDefIndex: 12169"
"859943","class","NotEqualInstruction.NotEqualInt16LiftedToNull","12170","private sealed class NotEqualInstruction.NotEqualInt16LiftedToNull : NotEqualInstruction // TypeDefIndex: 12170"
"859955","class","NotEqualInstruction.NotEqualCharLiftedToNull","12171","private sealed class NotEqualInstruction.NotEqualCharLiftedToNull : NotEqualInstruction // TypeDefIndex: 12171"
"859967","class","NotEqualInstruction.NotEqualInt32LiftedToNull","12172","private sealed class NotEqualInstruction.NotEqualInt32LiftedToNull : NotEqualInstruction // TypeDefIndex: 12172"
"859979","class","NotEqualInstruction.NotEqualInt64LiftedToNull","12173","private sealed class NotEqualInstruction.NotEqualInt64LiftedToNull : NotEqualInstruction // TypeDefIndex: 12173"
"859991","class","NotEqualInstruction.NotEqualByteLiftedToNull","12174","private sealed class NotEqualInstruction.NotEqualByteLiftedToNull : NotEqualInstruction // TypeDefIndex: 12174"
"860003","class","NotEqualInstruction.NotEqualUInt16LiftedToNull","12175","private sealed class NotEqualInstruction.NotEqualUInt16LiftedToNull : NotEqualInstruction // TypeDefIndex: 12175"
"860015","class","NotEqualInstruction.NotEqualUInt32LiftedToNull","12176","private sealed class NotEqualInstruction.NotEqualUInt32LiftedToNull : NotEqualInstruction // TypeDefIndex: 12176"
"860027","class","NotEqualInstruction.NotEqualUInt64LiftedToNull","12177","private sealed class NotEqualInstruction.NotEqualUInt64LiftedToNull : NotEqualInstruction // TypeDefIndex: 12177"
"860039","class","NotEqualInstruction.NotEqualSingleLiftedToNull","12178","private sealed class NotEqualInstruction.NotEqualSingleLiftedToNull : NotEqualInstruction // TypeDefIndex: 12178"
"860051","class","NotEqualInstruction.NotEqualDoubleLiftedToNull","12179","private sealed class NotEqualInstruction.NotEqualDoubleLiftedToNull : NotEqualInstruction // TypeDefIndex: 12179"
"860063","class","NotEqualInstruction","12180","internal abstract class NotEqualInstruction : Instruction // TypeDefIndex: 12180"
"860115","class","NotInstruction.NotBoolean","12181","private sealed class NotInstruction.NotBoolean : NotInstruction // TypeDefIndex: 12181"
"860127","class","NotInstruction.NotInt64","12182","private sealed class NotInstruction.NotInt64 : NotInstruction // TypeDefIndex: 12182"
"860139","class","NotInstruction.NotInt32","12183","private sealed class NotInstruction.NotInt32 : NotInstruction // TypeDefIndex: 12183"
"860151","class","NotInstruction.NotInt16","12184","private sealed class NotInstruction.NotInt16 : NotInstruction // TypeDefIndex: 12184"
"860163","class","NotInstruction.NotUInt64","12185","private sealed class NotInstruction.NotUInt64 : NotInstruction // TypeDefIndex: 12185"
"860175","class","NotInstruction.NotUInt32","12186","private sealed class NotInstruction.NotUInt32 : NotInstruction // TypeDefIndex: 12186"
"860187","class","NotInstruction.NotUInt16","12187","private sealed class NotInstruction.NotUInt16 : NotInstruction // TypeDefIndex: 12187"
"860199","class","NotInstruction.NotByte","12188","private sealed class NotInstruction.NotByte : NotInstruction // TypeDefIndex: 12188"
"860211","class","NotInstruction.NotSByte","12189","private sealed class NotInstruction.NotSByte : NotInstruction // TypeDefIndex: 12189"
"860223","class","NotInstruction","12190","internal abstract class NotInstruction : Instruction // TypeDefIndex: 12190"
"860260","class","NullCheckInstruction","12191","internal sealed class NullCheckInstruction : Instruction // TypeDefIndex: 12191"
"860292","class","NumericConvertInstruction.Unchecked","12192","internal sealed class NumericConvertInstruction.Unchecked : NumericConvertInstruction // TypeDefIndex: 12192"
"860322","class","NumericConvertInstruction.Checked","12193","internal sealed class NumericConvertInstruction.Checked : NumericConvertInstruction // TypeDefIndex: 12193"
"860352","class","NumericConvertInstruction.ToUnderlying","12194","internal sealed class NumericConvertInstruction.ToUnderlying : NumericConvertInstruction // TypeDefIndex: 12194"
"860370","class","NumericConvertInstruction","12195","internal abstract class NumericConvertInstruction : Instruction // TypeDefIndex: 12195"
"860407","class","OrInstruction.OrSByte","12196","private sealed class OrInstruction.OrSByte : OrInstruction // TypeDefIndex: 12196"
"860419","class","OrInstruction.OrInt16","12197","private sealed class OrInstruction.OrInt16 : OrInstruction // TypeDefIndex: 12197"
"860431","class","OrInstruction.OrInt32","12198","private sealed class OrInstruction.OrInt32 : OrInstruction // TypeDefIndex: 12198"
"860443","class","OrInstruction.OrInt64","12199","private sealed class OrInstruction.OrInt64 : OrInstruction // TypeDefIndex: 12199"
"860455","class","OrInstruction.OrByte","12200","private sealed class OrInstruction.OrByte : OrInstruction // TypeDefIndex: 12200"
"860467","class","OrInstruction.OrUInt16","12201","private sealed class OrInstruction.OrUInt16 : OrInstruction // TypeDefIndex: 12201"
"860479","class","OrInstruction.OrUInt32","12202","private sealed class OrInstruction.OrUInt32 : OrInstruction // TypeDefIndex: 12202"
"860491","class","OrInstruction.OrUInt64","12203","private sealed class OrInstruction.OrUInt64 : OrInstruction // TypeDefIndex: 12203"
"860503","class","OrInstruction.OrBoolean","12204","private sealed class OrInstruction.OrBoolean : OrInstruction // TypeDefIndex: 12204"
"860515","class","OrInstruction","12205","internal abstract class OrInstruction : Instruction // TypeDefIndex: 12205"
"860552","class","RightShiftInstruction.RightShiftSByte","12206","private sealed class RightShiftInstruction.RightShiftSByte : RightShiftInstruction // TypeDefIndex: 12206"
"860564","class","RightShiftInstruction.RightShiftInt16","12207","private sealed class RightShiftInstruction.RightShiftInt16 : RightShiftInstruction // TypeDefIndex: 12207"
"860576","class","RightShiftInstruction.RightShiftInt32","12208","private sealed class RightShiftInstruction.RightShiftInt32 : RightShiftInstruction // TypeDefIndex: 12208"
"860588","class","RightShiftInstruction.RightShiftInt64","12209","private sealed class RightShiftInstruction.RightShiftInt64 : RightShiftInstruction // TypeDefIndex: 12209"
"860600","class","RightShiftInstruction.RightShiftByte","12210","private sealed class RightShiftInstruction.RightShiftByte : RightShiftInstruction // TypeDefIndex: 12210"
"860612","class","RightShiftInstruction.RightShiftUInt16","12211","private sealed class RightShiftInstruction.RightShiftUInt16 : RightShiftInstruction // TypeDefIndex: 12211"
"860624","class","RightShiftInstruction.RightShiftUInt32","12212","private sealed class RightShiftInstruction.RightShiftUInt32 : RightShiftInstruction // TypeDefIndex: 12212"
"860636","class","RightShiftInstruction.RightShiftUInt64","12213","private sealed class RightShiftInstruction.RightShiftUInt64 : RightShiftInstruction // TypeDefIndex: 12213"
"860648","class","RightShiftInstruction","12214","internal abstract class RightShiftInstruction : Instruction // TypeDefIndex: 12214"
"860684","class","RuntimeVariables","12215","internal sealed class RuntimeVariables : IRuntimeVariables // TypeDefIndex: 12215"
"860699","class","LoadObjectInstruction","12216","internal sealed class LoadObjectInstruction : Instruction // TypeDefIndex: 12216"
"860727","class","LoadCachedObjectInstruction","12217","internal sealed class LoadCachedObjectInstruction : Instruction // TypeDefIndex: 12217"
"860758","class","PopInstruction","12218","internal sealed class PopInstruction : Instruction // TypeDefIndex: 12218"
"860786","class","DupInstruction","12219","internal sealed class DupInstruction : Instruction // TypeDefIndex: 12219"
"860814","class","SubInstruction.SubInt16","12220","private sealed class SubInstruction.SubInt16 : SubInstruction // TypeDefIndex: 12220"
"860826","class","SubInstruction.SubInt32","12221","private sealed class SubInstruction.SubInt32 : SubInstruction // TypeDefIndex: 12221"
"860838","class","SubInstruction.SubInt64","12222","private sealed class SubInstruction.SubInt64 : SubInstruction // TypeDefIndex: 12222"
"860850","class","SubInstruction.SubUInt16","12223","private sealed class SubInstruction.SubUInt16 : SubInstruction // TypeDefIndex: 12223"
"860862","class","SubInstruction.SubUInt32","12224","private sealed class SubInstruction.SubUInt32 : SubInstruction // TypeDefIndex: 12224"
"860874","class","SubInstruction.SubUInt64","12225","private sealed class SubInstruction.SubUInt64 : SubInstruction // TypeDefIndex: 12225"
"860886","class","SubInstruction.SubSingle","12226","private sealed class SubInstruction.SubSingle : SubInstruction // TypeDefIndex: 12226"
"860898","class","SubInstruction.SubDouble","12227","private sealed class SubInstruction.SubDouble : SubInstruction // TypeDefIndex: 12227"
"860910","class","SubInstruction","12228","internal abstract class SubInstruction : Instruction // TypeDefIndex: 12228"
"860946","class","SubOvfInstruction.SubOvfInt16","12229","private sealed class SubOvfInstruction.SubOvfInt16 : SubOvfInstruction // TypeDefIndex: 12229"
"860958","class","SubOvfInstruction.SubOvfInt32","12230","private sealed class SubOvfInstruction.SubOvfInt32 : SubOvfInstruction // TypeDefIndex: 12230"
"860970","class","SubOvfInstruction.SubOvfInt64","12231","private sealed class SubOvfInstruction.SubOvfInt64 : SubOvfInstruction // TypeDefIndex: 12231"
"860982","class","SubOvfInstruction.SubOvfUInt16","12232","private sealed class SubOvfInstruction.SubOvfUInt16 : SubOvfInstruction // TypeDefIndex: 12232"
"860994","class","SubOvfInstruction.SubOvfUInt32","12233","private sealed class SubOvfInstruction.SubOvfUInt32 : SubOvfInstruction // TypeDefIndex: 12233"
"861006","class","SubOvfInstruction.SubOvfUInt64","12234","private sealed class SubOvfInstruction.SubOvfUInt64 : SubOvfInstruction // TypeDefIndex: 12234"
"861018","class","SubOvfInstruction","12235","internal abstract class SubOvfInstruction : Instruction // TypeDefIndex: 12235"
"861052","class","CreateDelegateInstruction","12236","internal sealed class CreateDelegateInstruction : Instruction // TypeDefIndex: 12236"
"861081","class","TypeIsInstruction","12237","internal sealed class TypeIsInstruction : Instruction // TypeDefIndex: 12237"
"861113","class","TypeAsInstruction","12238","internal sealed class TypeAsInstruction : Instruction // TypeDefIndex: 12238"
"861145","class","TypeEqualsInstruction","12239","internal sealed class TypeEqualsInstruction : Instruction // TypeDefIndex: 12239"
"861177","class","NullableMethodCallInstruction.HasValue","12240","private sealed class NullableMethodCallInstruction.HasValue : NullableMethodCallInstruction // TypeDefIndex: 12240"
"861189","class","NullableMethodCallInstruction.GetValue","12241","private sealed class NullableMethodCallInstruction.GetValue : NullableMethodCallInstruction // TypeDefIndex: 12241"
"861201","class","NullableMethodCallInstruction.GetValueOrDefault","12242","private sealed class NullableMethodCallInstruction.GetValueOrDefault : NullableMethodCallInstruction // TypeDefIndex: 12242"
"861216","class","NullableMethodCallInstruction.GetValueOrDefault1","12243","private sealed class NullableMethodCallInstruction.GetValueOrDefault1 : NullableMethodCallInstruction // TypeDefIndex: 12243"
"861234","class","NullableMethodCallInstruction.EqualsClass","12244","private sealed class NullableMethodCallInstruction.EqualsClass : NullableMethodCallInstruction // TypeDefIndex: 12244"
"861252","class","NullableMethodCallInstruction.ToStringClass","12245","private sealed class NullableMethodCallInstruction.ToStringClass : NullableMethodCallInstruction // TypeDefIndex: 12245"
"861264","class","NullableMethodCallInstruction.GetHashCodeClass","12246","private sealed class NullableMethodCallInstruction.GetHashCodeClass : NullableMethodCallInstruction // TypeDefIndex: 12246"
"861276","class","NullableMethodCallInstruction","12247","internal abstract class NullableMethodCallInstruction : Instruction // TypeDefIndex: 12247"
"861313","class","CastInstruction.CastInstructionT","12248","private sealed class CastInstruction.CastInstructionT<T> : CastInstruction // TypeDefIndex: 12248"
"861425","class","CastInstruction.CastInstructionNoT.Ref","12249","private sealed class CastInstruction.CastInstructionNoT.Ref : CastInstruction.CastInstructionNoT // TypeDefIndex: 12249"
"861437","class","CastInstruction.CastInstructionNoT.Value","12250","private sealed class CastInstruction.CastInstructionNoT.Value : CastInstruction.CastInstructionNoT // TypeDefIndex: 12250"
"861449","class","CastInstruction.CastInstructionNoT","12251","private abstract class CastInstruction.CastInstructionNoT : CastInstruction // TypeDefIndex: 12251"
"861470","class","CastInstruction","12252","internal abstract class CastInstruction : Instruction // TypeDefIndex: 12252"
"861513","class","CastToEnumInstruction","12253","internal sealed class CastToEnumInstruction : CastInstruction // TypeDefIndex: 12253"
"861528","class","CastReferenceToEnumInstruction","12254","internal sealed class CastReferenceToEnumInstruction : CastInstruction // TypeDefIndex: 12254"
"861543","class","QuoteInstruction.ExpressionQuoter","12255","private sealed class QuoteInstruction.ExpressionQuoter : ExpressionVisitor // TypeDefIndex: 12255"
"861580","class","QuoteInstruction","12256","internal sealed class QuoteInstruction : Instruction // TypeDefIndex: 12256"
"861608","class","DelegateHelpers.","12257","private sealed class DelegateHelpers.<>c // TypeDefIndex: 12257"
"861627","class","DelegateHelpers","12258","internal static class DelegateHelpers // TypeDefIndex: 12258"
"861636","class","ScriptingRuntimeHelpers","12259","internal static class ScriptingRuntimeHelpers // TypeDefIndex: 12259"
"861648","class","ExceptionHelpers","12260","internal static class ExceptionHelpers // TypeDefIndex: 12260"
"861658","class","HybridReferenceDictionary.","12261","private sealed class HybridReferenceDictionary.<GetEnumeratorWorker>d__7<TKey, TValue> : IEnumerator<KeyValuePair<TKey, TValue>>, IDisposable, IEnumerator // TypeDefIndex: 12261"
"861746","class","HybridReferenceDictionary","12262","internal class HybridReferenceDictionary<TKey, TValue> // TypeDefIndex: 12262"
"861850","class","RuntimeOps","12263","public static class RuntimeOps // TypeDefIndex: 12263"
"861881","class","CallSite","12264","public class CallSite // TypeDefIndex: 12264"
"861902","class","CallSite.","12265","private sealed class CallSite.<>c<T> // TypeDefIndex: 12265"
"861954","class","CallSite","12266","public class CallSite<T> : CallSite // TypeDefIndex: 12266"
"862073","class","CallSiteBinder.LambdaSignature","12267","private sealed class CallSiteBinder.LambdaSignature<T> // TypeDefIndex: 12267"
"862103","class","CallSiteBinder","12268","public abstract class CallSiteBinder // TypeDefIndex: 12268"
"862172","class","CallSiteOps","12269","public static class CallSiteOps // TypeDefIndex: 12269"
"862274","interface","IRuntimeVariables","12270","public interface IRuntimeVariables // TypeDefIndex: 12270"
"862279","class","ReadOnlyCollectionBuilder.Enumerator","12271","private class ReadOnlyCollectionBuilder.Enumerator<T> : IEnumerator<T>, IDisposable, IEnumerator // TypeDefIndex: 12271"
"862363","class","ReadOnlyCollectionBuilder","12272","public sealed class ReadOnlyCollectionBuilder<T> : IList<T>, ICollection<T>, IEnumerable<T>, IEnumerable, IList, ICollection // TypeDefIndex: 12272"
"862761","class","RuleCache","12273","public class RuleCache<T> // TypeDefIndex: 12273"
"862811","class","TrueReadOnlyCollection","12274","internal sealed class TrueReadOnlyCollection<T> : ReadOnlyCollection<T> // TypeDefIndex: 12274"
"862828","class","StrongBox","12275","public class StrongBox<T> : IStrongBox // TypeDefIndex: 12275"
"862896","interface","IStrongBox","12276","public interface IStrongBox // TypeDefIndex: 12276"
"862911","class","BinaryOperationBinder","12277","public abstract class BinaryOperationBinder : DynamicMetaObjectBinder // TypeDefIndex: 12277"
"862937","struct","BindingRestrictions.TestBuilder.AndNode","12278","private struct BindingRestrictions.TestBuilder.AndNode // TypeDefIndex: 12278"
"862945","class","BindingRestrictions.TestBuilder","12279","private sealed class BindingRestrictions.TestBuilder // TypeDefIndex: 12279"
"862967","class","BindingRestrictions.MergedRestriction","12280","private sealed class BindingRestrictions.MergedRestriction : BindingRestrictions // TypeDefIndex: 12280"
"862983","class","BindingRestrictions.CustomRestriction","12281","private sealed class BindingRestrictions.CustomRestriction : BindingRestrictions // TypeDefIndex: 12281"
"863004","class","BindingRestrictions.TypeRestriction","12282","private sealed class BindingRestrictions.TypeRestriction : BindingRestrictions // TypeDefIndex: 12282"
"863026","class","BindingRestrictions.InstanceRestriction","12283","private sealed class BindingRestrictions.InstanceRestriction : BindingRestrictions // TypeDefIndex: 12283"
"863048","class","BindingRestrictions.BindingRestrictionsProxy","12284","private sealed class BindingRestrictions.BindingRestrictionsProxy // TypeDefIndex: 12284"
"863054","class","BindingRestrictions","12285","public abstract class BindingRestrictions // TypeDefIndex: 12285"
"863087","class","ConvertBinder","12286","public abstract class ConvertBinder : DynamicMetaObjectBinder // TypeDefIndex: 12286"
"863113","class","CreateInstanceBinder","12287","public abstract class CreateInstanceBinder : DynamicMetaObjectBinder // TypeDefIndex: 12287"
"863128","class","DeleteIndexBinder","12288","public abstract class DeleteIndexBinder : DynamicMetaObjectBinder // TypeDefIndex: 12288"
"863143","class","DeleteMemberBinder","12289","public abstract class DeleteMemberBinder : DynamicMetaObjectBinder // TypeDefIndex: 12289"
"863176","class","DynamicMetaObject","12290","public class DynamicMetaObject // TypeDefIndex: 12290"
"863270","class","DynamicMetaObjectBinder","12291","public abstract class DynamicMetaObjectBinder : CallSiteBinder // TypeDefIndex: 12291"
"863301","class","ExpandoClass","12292","internal class ExpandoClass // TypeDefIndex: 12292"
"863343","class","ExpandoObject.KeyCollectionDebugView","12293","private sealed class ExpandoObject.KeyCollectionDebugView // TypeDefIndex: 12293"
"863348","class","ExpandoObject.KeyCollection.","12294","private sealed class ExpandoObject.KeyCollection.<GetEnumerator>d__15 : IEnumerator<string>, IDisposable, IEnumerator // TypeDefIndex: 12294"
"863390","class","ExpandoObject.KeyCollection","12295","private class ExpandoObject.KeyCollection : ICollection<string>, IEnumerable<string>, IEnumerable // TypeDefIndex: 12295"
"863440","class","ExpandoObject.ValueCollectionDebugView","12296","private sealed class ExpandoObject.ValueCollectionDebugView // TypeDefIndex: 12296"
"863445","class","ExpandoObject.ValueCollection.","12297","private sealed class ExpandoObject.ValueCollection.<GetEnumerator>d__15 : IEnumerator<object>, IDisposable, IEnumerator // TypeDefIndex: 12297"
"863487","class","ExpandoObject.ValueCollection","12298","private class ExpandoObject.ValueCollection : ICollection<object>, IEnumerable<object>, IEnumerable // TypeDefIndex: 12298"
"863538","class","ExpandoObject.MetaExpando.","12299","private sealed class ExpandoObject.MetaExpando.<>c__DisplayClass3_0 // TypeDefIndex: 12299"
"863555","class","ExpandoObject.MetaExpando.","12300","private sealed class ExpandoObject.MetaExpando.<GetDynamicMemberNames>d__6 : IEnumerable<string>, IEnumerable, IEnumerator<string>, IDisposable, IEnumerator // TypeDefIndex: 12300"
"863605","class","ExpandoObject.MetaExpando","12301","private class ExpandoObject.MetaExpando : DynamicMetaObject // TypeDefIndex: 12301"
"863652","class","ExpandoObject.ExpandoData","12302","private class ExpandoObject.ExpandoData // TypeDefIndex: 12302"
"863697","class","ExpandoObject.","12303","private sealed class ExpandoObject.<GetExpandoEnumerator>d__51 : IEnumerator<KeyValuePair<string, object>>, IDisposable, IEnumerator // TypeDefIndex: 12303"
"863738","class","ExpandoObject","12304","public sealed class ExpandoObject : IDynamicMetaObjectProvider, IDictionary<string, object>, ICollection<KeyValuePair<string, object>>, IEnumerable<KeyValuePair<string, object>>, IEnumerable, INotifyPropertyChanged // TypeDefIndex: 12304"
"863864","class","GetIndexBinder","12305","public abstract class GetIndexBinder : DynamicMetaObjectBinder // TypeDefIndex: 12305"
"863879","class","GetMemberBinder","12306","public abstract class GetMemberBinder : DynamicMetaObjectBinder // TypeDefIndex: 12306"
"863923","interface","IDynamicMetaObjectProvider","12307","public interface IDynamicMetaObjectProvider // TypeDefIndex: 12307"
"863932","class","InvokeBinder","12308","public abstract class InvokeBinder : DynamicMetaObjectBinder // TypeDefIndex: 12308"
"863947","class","InvokeMemberBinder","12309","public abstract class InvokeMemberBinder : DynamicMetaObjectBinder // TypeDefIndex: 12309"
"863983","class","SetIndexBinder","12310","public abstract class SetIndexBinder : DynamicMetaObjectBinder // TypeDefIndex: 12310"
"863998","class","SetMemberBinder","12311","public abstract class SetMemberBinder : DynamicMetaObjectBinder // TypeDefIndex: 12311"
"864042","class","UnaryOperationBinder","12312","public abstract class UnaryOperationBinder : DynamicMetaObjectBinder // TypeDefIndex: 12312"
"864057","class","CacheDict.Entry","12313","private sealed class CacheDict.Entry<TKey, TValue> // TypeDefIndex: 12313"
"864080","class","CacheDict","12314","internal sealed class CacheDict<TKey, TValue> // TypeDefIndex: 12314"
"864149","class","CollectionExtensions","12315","internal static class CollectionExtensions // TypeDefIndex: 12315"
"864215","class","ContractUtils","12316","internal static class ContractUtils // TypeDefIndex: 12316"
"864265","class","EmptyReadOnlyCollection","12317","internal static class EmptyReadOnlyCollection<T> // TypeDefIndex: 12317"
"864286","class","ExpressionUtils","12318","internal static class ExpressionUtils // TypeDefIndex: 12318"
"864352","class","ExpressionVisitorUtils","12319","internal static class ExpressionVisitorUtils // TypeDefIndex: 12319"
"864368","class","TypeExtensions","12320","internal static class TypeExtensions // TypeDefIndex: 12320"
"864402","class","TypeUtils.","12321","private sealed class TypeUtils.<>c // TypeDefIndex: 12321"
"864424","class","TypeUtils","12322","internal static class TypeUtils // TypeDefIndex: 12322"
"864581","struct","ArrayBuilder","12323","internal struct ArrayBuilder<T> // TypeDefIndex: 12323"
"864624","class","BitHelper","12324","internal sealed class BitHelper // TypeDefIndex: 12324"
"864651","struct","HashSet.ElementCount","12325","internal struct HashSet.ElementCount<T> // TypeDefIndex: 12325"
"864659","struct","HashSet.Slot","12326","internal struct HashSet.Slot<T> // TypeDefIndex: 12326"
"864669","struct","HashSet.Enumerator","12327","public struct HashSet.Enumerator<T> : IEnumerator<T>, IDisposable, IEnumerator // TypeDefIndex: 12327"
"864880","class","HashSet","12328","public class HashSet<T> : ICollection<T>, IEnumerable<T>, IEnumerable, ISet<T>, IReadOnlyCollection<T>, ISerializable, IDeserializationCallback // TypeDefIndex: 12328"
"866220","class","ICollectionDebugView","12329","internal sealed class ICollectionDebugView<T> // TypeDefIndex: 12329"
"866224","enum","LockRecursionPolicy","12330","public enum LockRecursionPolicy // TypeDefIndex: 12330"
"866233","class","ReaderWriterCount","12331","internal class ReaderWriterCount // TypeDefIndex: 12331"
"866249","struct","ReaderWriterLockSlim.TimeoutTracker","12332","private struct ReaderWriterLockSlim.TimeoutTracker // TypeDefIndex: 12332"
"866272","class","ReaderWriterLockSlim","12333","public class ReaderWriterLockSlim : IDisposable // TypeDefIndex: 12333"
"866444","class","TaskExtensions","12334","public static class TaskExtensions // TypeDefIndex: 12334"
"866498","class","EmbeddedAttribute","12340","internal sealed class EmbeddedAttribute : Attribute // TypeDefIndex: 12340"
"866509","class","IsReadOnlyAttribute","12341","internal sealed class IsReadOnlyAttribute : Attribute // TypeDefIndex: 12341"
"866521","class","NullableAttribute","12342","internal sealed class NullableAttribute : Attribute // TypeDefIndex: 12342"
"866539","class","NullableContextAttribute","12343","internal sealed class NullableContextAttribute : Attribute // TypeDefIndex: 12343"
"866552","class","NotNullAttribute","12344","internal sealed class NotNullAttribute : Attribute // TypeDefIndex: 12344"
"866562","class","NotNullWhenAttribute","12345","internal sealed class NotNullWhenAttribute : Attribute // TypeDefIndex: 12345"
"866575","enum","ConstructorHandling","12346","public enum ConstructorHandling // TypeDefIndex: 12346"
"866584","enum","DateFormatHandling","12347","public enum DateFormatHandling // TypeDefIndex: 12347"
"866593","enum","DateParseHandling","12348","public enum DateParseHandling // TypeDefIndex: 12348"
"866603","enum","DateTimeZoneHandling","12349","public enum DateTimeZoneHandling // TypeDefIndex: 12349"
"866615","class","DefaultJsonNameTable.Entry","12350","private class DefaultJsonNameTable.Entry // TypeDefIndex: 12350"
"866631","class","DefaultJsonNameTable","12351","public class DefaultJsonNameTable : JsonNameTable // TypeDefIndex: 12351"
"866665","enum","DefaultValueHandling","12352","public enum DefaultValueHandling // TypeDefIndex: 12352"
"866676","enum","FloatFormatHandling","12353","public enum FloatFormatHandling // TypeDefIndex: 12353"
"866686","enum","FloatParseHandling","12354","public enum FloatParseHandling // TypeDefIndex: 12354"
"866695","enum","Formatting","12355","public enum Formatting // TypeDefIndex: 12355"
"866705","interface","IArrayPool","12356","public interface IArrayPool<T> // TypeDefIndex: 12356"
"866727","interface","IJsonLineInfo","12357","public interface IJsonLineInfo // TypeDefIndex: 12357"
"866747","class","JsonArrayAttribute","12358","public sealed class JsonArrayAttribute : JsonContainerAttribute // TypeDefIndex: 12358"
"866752","class","JsonConstructorAttribute","12359","public sealed class JsonConstructorAttribute : Attribute // TypeDefIndex: 12359"
"866759","class","JsonContainerAttribute","12360","public abstract class JsonContainerAttribute : Attribute // TypeDefIndex: 12360"
"866814","class","JsonConvert","12361","public static class JsonConvert // TypeDefIndex: 12361"
"866941","class","JsonConverter","12362","public abstract class JsonConverter // TypeDefIndex: 12362"
"866972","class","JsonConverterAttribute","12363","public sealed class JsonConverterAttribute : Attribute // TypeDefIndex: 12363"
"866997","class","JsonConverterCollection","12364","public class JsonConverterCollection : Collection<JsonConverter> // TypeDefIndex: 12364"
"867007","class","JsonDictionaryAttribute","12365","public sealed class JsonDictionaryAttribute : JsonContainerAttribute // TypeDefIndex: 12365"
"867014","class","JsonException","12366","public class JsonException : Exception // TypeDefIndex: 12366"
"867033","class","JsonExtensionDataAttribute","12367","public class JsonExtensionDataAttribute : Attribute // TypeDefIndex: 12367"
"867058","class","JsonIgnoreAttribute","12368","public sealed class JsonIgnoreAttribute : Attribute // TypeDefIndex: 12368"
"867067","class","JsonNameTable","12369","public abstract class JsonNameTable // TypeDefIndex: 12369"
"867081","class","JsonObjectAttribute","12370","public sealed class JsonObjectAttribute : JsonContainerAttribute // TypeDefIndex: 12370"
"867099","enum","JsonContainerType","12371","internal enum JsonContainerType // TypeDefIndex: 12371"
"867112","struct","JsonPosition","12372","internal struct JsonPosition // TypeDefIndex: 12372"
"867151","class","JsonPropertyAttribute","12373","public sealed class JsonPropertyAttribute : Attribute // TypeDefIndex: 12373"
"867249","class","JsonReader","12375","public abstract class JsonReader : IDisposable // TypeDefIndex: 12375"
"867503","class","JsonReaderException","12376","public class JsonReaderException : JsonException // TypeDefIndex: 12376"
"867537","class","JsonRequiredAttribute","12377","public sealed class JsonRequiredAttribute : Attribute // TypeDefIndex: 12377"
"867549","class","JsonSerializationException","12378","public class JsonSerializationException : JsonException // TypeDefIndex: 12378"
"867590","class","JsonSerializer","12379","public class JsonSerializer // TypeDefIndex: 12379"
"867847","class","JsonSerializerSettings","12380","public class JsonSerializerSettings // TypeDefIndex: 12380"
"868010","class","JsonTextReader","12381","public class JsonTextReader : JsonReader, IJsonLineInfo // TypeDefIndex: 12381"
"868281","enum","ReadType","12382","internal enum ReadType // TypeDefIndex: 12382"
"868300","class","JsonTextWriter","12383","public class JsonTextWriter : JsonWriter // TypeDefIndex: 12383"
"868503","enum","JsonToken","12384","public enum JsonToken // TypeDefIndex: 12384"
"868529","enum","JsonWriter.State","12385","internal enum JsonWriter.State // TypeDefIndex: 12385"
"868548","class","JsonWriter","12386","public abstract class JsonWriter : IDisposable // TypeDefIndex: 12386"
"868958","class","JsonWriterException","12387","public class JsonWriterException : JsonException // TypeDefIndex: 12387"
"868984","enum","MemberSerialization","12388","public enum MemberSerialization // TypeDefIndex: 12388"
"868994","enum","MetadataPropertyHandling","12389","public enum MetadataPropertyHandling // TypeDefIndex: 12389"
"869004","enum","MissingMemberHandling","12390","public enum MissingMemberHandling // TypeDefIndex: 12390"
"869013","enum","NullValueHandling","12391","public enum NullValueHandling // TypeDefIndex: 12391"
"869022","enum","ObjectCreationHandling","12392","public enum ObjectCreationHandling // TypeDefIndex: 12392"
"869033","enum","PreserveReferencesHandling","12393","public enum PreserveReferencesHandling // TypeDefIndex: 12393"
"869044","enum","ReferenceLoopHandling","12394","public enum ReferenceLoopHandling // TypeDefIndex: 12394"
"869054","enum","Required","12395","public enum Required // TypeDefIndex: 12395"
"869065","enum","StringEscapeHandling","12396","public enum StringEscapeHandling // TypeDefIndex: 12396"
"869075","enum","TypeNameAssemblyFormatHandling","12397","public enum TypeNameAssemblyFormatHandling // TypeDefIndex: 12397"
"869085","enum","TypeNameHandling","12398","public enum TypeNameHandling // TypeDefIndex: 12398"
"869097","enum","WriteState","12399","public enum WriteState // TypeDefIndex: 12399"
"869113","class","Base64Encoder","12400","internal class Base64Encoder // TypeDefIndex: 12400"
"869149","class","BidirectionalDictionary","12401","internal class BidirectionalDictionary<TFirst, TSecond> // TypeDefIndex: 12401"
"869207","class","BoxedPrimitives","12402","internal static class BoxedPrimitives // TypeDefIndex: 12402"
"869261","class","CollectionUtils.EmptyArrayContainer","12403","private static class CollectionUtils.EmptyArrayContainer<T> // TypeDefIndex: 12403"
"869291","class","CollectionUtils","12404","internal static class CollectionUtils // TypeDefIndex: 12404"
"869406","interface","IWrappedCollection","12405","internal interface IWrappedCollection : IList, ICollection, IEnumerable // TypeDefIndex: 12405"
"869422","class","CollectionWrapper","12406","internal class CollectionWrapper<T> : ICollection<T>, IEnumerable<T>, IEnumerable, IWrappedCollection, IList, ICollection // TypeDefIndex: 12406"
"869647","enum","PrimitiveTypeCode","12407","internal enum PrimitiveTypeCode // TypeDefIndex: 12407"
"869698","class","TypeInformation","12408","internal class TypeInformation // TypeDefIndex: 12408"
"869725","enum","ParseResult","12409","internal enum ParseResult // TypeDefIndex: 12409"
"869737","enum","ConvertUtils.ConvertResult","12410","internal enum ConvertUtils.ConvertResult // TypeDefIndex: 12410"
"869749","class","ConvertUtils.","12411","private sealed class ConvertUtils.<>c__DisplayClass8_0 // TypeDefIndex: 12411"
"869768","class","ConvertUtils","12412","internal static class ConvertUtils // TypeDefIndex: 12412"
"869844","enum","ParserTimeZone","12413","internal enum ParserTimeZone // TypeDefIndex: 12413"
"869857","struct","DateTimeParser","12414","internal struct DateTimeParser // TypeDefIndex: 12414"
"869921","class","DateTimeUtils","12415","internal static class DateTimeUtils // TypeDefIndex: 12415"
"870032","interface","IWrappedDictionary","12416","internal interface IWrappedDictionary : IDictionary, ICollection, IEnumerable // TypeDefIndex: 12416"
"870048","struct","DictionaryWrapper.DictionaryEnumerator","12417","private struct DictionaryWrapper.DictionaryEnumerator<TKey, TValue, TEnumeratorKey, TEnumeratorValue> : IDictionaryEnumerator, IEnumerator // TypeDefIndex: 12417"
"870124","class","DictionaryWrapper.","12418","private sealed class DictionaryWrapper.<>c<TKey, TValue> // TypeDefIndex: 12418"
"870164","class","DictionaryWrapper","12419","internal class DictionaryWrapper<TKey, TValue> : IDictionary<TKey, TValue>, ICollection<KeyValuePair<TKey, TValue>>, IEnumerable<KeyValuePair<TKey, TValue>>, IEnumerable, IWrappedDictionary, IDictionary, ICollection // TypeDefIndex: 12419"
"870446","class","DynamicProxy","12420","internal class DynamicProxy<T> // TypeDefIndex: 12420"
"870607","class","DynamicProxyMetaObject.Fallback","12421","private sealed class DynamicProxyMetaObject.Fallback<T> : MulticastDelegate // TypeDefIndex: 12421"
"870637","class","DynamicProxyMetaObject.GetBinderAdapter","12422","private sealed class DynamicProxyMetaObject.GetBinderAdapter<T> : GetMemberBinder // TypeDefIndex: 12422"
"870667","class","DynamicProxyMetaObject.","12423","private sealed class DynamicProxyMetaObject.<>c<T> // TypeDefIndex: 12423"
"870714","class","DynamicProxyMetaObject.","12424","private sealed class DynamicProxyMetaObject.<>c__DisplayClass10_0<T> // TypeDefIndex: 12424"
"870751","class","DynamicProxyMetaObject.","12425","private sealed class DynamicProxyMetaObject.<>c__DisplayClass11_0<T> // TypeDefIndex: 12425"
"870786","class","DynamicProxyMetaObject.","12426","private sealed class DynamicProxyMetaObject.<>c__DisplayClass12_0<T> // TypeDefIndex: 12426"
"870823","class","DynamicProxyMetaObject.","12427","private sealed class DynamicProxyMetaObject.<>c__DisplayClass13_0<T> // TypeDefIndex: 12427"
"870862","class","DynamicProxyMetaObject.","12428","private sealed class DynamicProxyMetaObject.<>c__DisplayClass14_0<T> // TypeDefIndex: 12428"
"870899","class","DynamicProxyMetaObject.","12429","private sealed class DynamicProxyMetaObject.<>c__DisplayClass3_0<T> // TypeDefIndex: 12429"
"870934","class","DynamicProxyMetaObject.","12430","private sealed class DynamicProxyMetaObject.<>c__DisplayClass4_0<T> // TypeDefIndex: 12430"
"870971","class","DynamicProxyMetaObject.","12431","private sealed class DynamicProxyMetaObject.<>c__DisplayClass5_0<T> // TypeDefIndex: 12431"
"871006","class","DynamicProxyMetaObject.","12432","private sealed class DynamicProxyMetaObject.<>c__DisplayClass6_0<T> // TypeDefIndex: 12432"
"871041","class","DynamicProxyMetaObject.","12433","private sealed class DynamicProxyMetaObject.<>c__DisplayClass7_0<T> // TypeDefIndex: 12433"
"871089","class","DynamicProxyMetaObject.","12434","private sealed class DynamicProxyMetaObject.<>c__DisplayClass8_0<T> // TypeDefIndex: 12434"
"871126","class","DynamicProxyMetaObject.","12435","private sealed class DynamicProxyMetaObject.<>c__DisplayClass9_0<T> // TypeDefIndex: 12435"
"871164","class","DynamicProxyMetaObject","12436","internal sealed class DynamicProxyMetaObject<T> : DynamicMetaObject // TypeDefIndex: 12436"
"871452","class","DynamicUtils.BinderWrapper","12437","internal static class DynamicUtils.BinderWrapper // TypeDefIndex: 12437"
"871487","class","DynamicUtils","12438","internal static class DynamicUtils // TypeDefIndex: 12438"
"871499","class","NoThrowGetBinderMember","12439","internal class NoThrowGetBinderMember : GetMemberBinder // TypeDefIndex: 12439"
"871516","class","NoThrowSetBinderMember","12440","internal class NoThrowSetBinderMember : SetMemberBinder // TypeDefIndex: 12440"
"871533","class","NoThrowExpressionVisitor","12441","internal class NoThrowExpressionVisitor : ExpressionVisitor // TypeDefIndex: 12441"
"871553","class","EnumInfo","12442","internal class EnumInfo // TypeDefIndex: 12442"
"871570","class","EnumUtils.","12443","private sealed class EnumUtils.<>c // TypeDefIndex: 12443"
"871594","class","EnumUtils","12444","internal static class EnumUtils // TypeDefIndex: 12444"
"871634","class","FSharpFunction","12445","internal class FSharpFunction // TypeDefIndex: 12445"
"871654","class","FSharpUtils.","12446","private sealed class FSharpUtils.<>c__55<TKey, TValue> // TypeDefIndex: 12446"
"871692","class","FSharpUtils.","12447","private sealed class FSharpUtils.<>c__DisplayClass52_0 // TypeDefIndex: 12447"
"871711","class","FSharpUtils.","12448","private sealed class FSharpUtils.<>c__DisplayClass55_0<TKey, TValue> // TypeDefIndex: 12448"
"871739","class","FSharpUtils","12449","internal class FSharpUtils // TypeDefIndex: 12449"
"871907","class","ImmutableCollectionsUtils.ImmutableCollectionTypeInfo","12450","internal class ImmutableCollectionsUtils.ImmutableCollectionTypeInfo // TypeDefIndex: 12450"
"871955","class","ImmutableCollectionsUtils.","12451","private sealed class ImmutableCollectionsUtils.<>c // TypeDefIndex: 12451"
"871984","class","ImmutableCollectionsUtils.","12452","private sealed class ImmutableCollectionsUtils.<>c__DisplayClass24_0 // TypeDefIndex: 12452"
"872002","class","ImmutableCollectionsUtils.","12453","private sealed class ImmutableCollectionsUtils.<>c__DisplayClass25_0 // TypeDefIndex: 12453"
"872021","class","ImmutableCollectionsUtils","12454","internal static class ImmutableCollectionsUtils // TypeDefIndex: 12454"
"872042","class","BufferUtils","12455","internal static class BufferUtils // TypeDefIndex: 12455"
"872060","class","JavaScriptUtils","12456","internal static class JavaScriptUtils // TypeDefIndex: 12456"
"872096","class","JsonTokenUtils","12457","internal static class JsonTokenUtils // TypeDefIndex: 12457"
"872112","class","LateBoundReflectionDelegateFactory.","12458","private sealed class LateBoundReflectionDelegateFactory.<>c__DisplayClass3_0 // TypeDefIndex: 12458"
"872134","class","LateBoundReflectionDelegateFactory.","12459","private sealed class LateBoundReflectionDelegateFactory.<>c__DisplayClass4_0<T> // TypeDefIndex: 12459"
"872182","class","LateBoundReflectionDelegateFactory.","12460","private sealed class LateBoundReflectionDelegateFactory.<>c__DisplayClass5_0<T> // TypeDefIndex: 12460"
"872230","class","LateBoundReflectionDelegateFactory.","12461","private sealed class LateBoundReflectionDelegateFactory.<>c__DisplayClass6_0<T> // TypeDefIndex: 12461"
"872264","class","LateBoundReflectionDelegateFactory.","12462","private sealed class LateBoundReflectionDelegateFactory.<>c__DisplayClass7_0<T> // TypeDefIndex: 12462"
"872298","class","LateBoundReflectionDelegateFactory.","12463","private sealed class LateBoundReflectionDelegateFactory.<>c__DisplayClass8_0<T> // TypeDefIndex: 12463"
"872332","class","LateBoundReflectionDelegateFactory.","12464","private sealed class LateBoundReflectionDelegateFactory.<>c__DisplayClass9_0<T> // TypeDefIndex: 12464"
"872367","class","LateBoundReflectionDelegateFactory","12465","internal class LateBoundReflectionDelegateFactory : ReflectionDelegateFactory // TypeDefIndex: 12465"
"872457","class","MathUtils","12466","internal static class MathUtils // TypeDefIndex: 12466"
"872472","class","MethodCall","12467","internal sealed class MethodCall<T, TResult> : MulticastDelegate // TypeDefIndex: 12467"
"872503","class","MiscellaneousUtils","12468","internal static class MiscellaneousUtils // TypeDefIndex: 12468"
"872536","class","ReflectionDelegateFactory","12469","internal abstract class ReflectionDelegateFactory // TypeDefIndex: 12469"
"872623","class","ReflectionMember","12470","internal class ReflectionMember // TypeDefIndex: 12470"
"872674","class","ReflectionObject.","12471","private sealed class ReflectionObject.<>c__DisplayClass11_0 // TypeDefIndex: 12471"
"872691","class","ReflectionObject.","12472","private sealed class ReflectionObject.<>c__DisplayClass11_1 // TypeDefIndex: 12472"
"872708","class","ReflectionObject.","12473","private sealed class ReflectionObject.<>c__DisplayClass11_2 // TypeDefIndex: 12473"
"872726","class","ReflectionObject","12474","internal class ReflectionObject // TypeDefIndex: 12474"
"872772","class","ReflectionUtils.","12475","private sealed class ReflectionUtils.<>c // TypeDefIndex: 12475"
"872813","class","ReflectionUtils.","12476","private sealed class ReflectionUtils.<>c__DisplayClass31_0 // TypeDefIndex: 12476"
"872831","class","ReflectionUtils.","12477","private sealed class ReflectionUtils.<>c__DisplayClass44_0 // TypeDefIndex: 12477"
"872853","class","ReflectionUtils.","12478","private sealed class ReflectionUtils.<>c__DisplayClass44_1 // TypeDefIndex: 12478"
"872873","class","ReflectionUtils.","12479","private sealed class ReflectionUtils.<>c__DisplayClass45_0 // TypeDefIndex: 12479"
"872895","class","ReflectionUtils","12480","internal static class ReflectionUtils // TypeDefIndex: 12480"
"873064","struct","StringBuffer","12481","internal struct StringBuffer // TypeDefIndex: 12481"
"873123","struct","StringReference","12482","internal struct StringReference // TypeDefIndex: 12482"
"873161","class","StringReferenceExtensions","12483","internal static class StringReferenceExtensions // TypeDefIndex: 12483"
"873180","enum","StringUtils.SeparatedCaseState","12484","private enum StringUtils.SeparatedCaseState // TypeDefIndex: 12484"
"873192","class","StringUtils.","12485","private sealed class StringUtils.<>c__DisplayClass14_0<TSource> // TypeDefIndex: 12485"
"873242","class","StringUtils","12486","internal static class StringUtils // TypeDefIndex: 12486"
"873330","struct","StructMultiKey","12487","internal struct StructMultiKey<T1, T2> : IEquatable<StructMultiKey<T1, T2>> // TypeDefIndex: 12487"
"873387","class","ThreadSafeStore","12488","internal class ThreadSafeStore<TKey, TValue> // TypeDefIndex: 12488"
"873428","class","TypeExtensions","12489","internal static class TypeExtensions // TypeDefIndex: 12489"
"873498","class","ValidationUtils","12490","internal static class ValidationUtils // TypeDefIndex: 12490"
"873508","class","CachedAttributeGetter","12491","internal static class CachedAttributeGetter<T> // TypeDefIndex: 12491"
"873535","class","CamelCaseNamingStrategy","12492","public class CamelCaseNamingStrategy : NamingStrategy // TypeDefIndex: 12492"
"873555","class","DefaultContractResolver.EnumerableDictionaryWrapper.","12493","private sealed class DefaultContractResolver.EnumerableDictionaryWrapper.<GetEnumerator>d__2<TEnumeratorKey, TEnumeratorValue> : IEnumerator<KeyValuePair<object, object>>, IEnumerator, IDisposable // TypeDefIndex: 12493"
"873635","class","DefaultContractResolver.EnumerableDictionaryWrapper","12494","internal class DefaultContractResolver.EnumerableDictionaryWrapper<TEnumeratorKey, TEnumeratorValue> : IEnumerable<KeyValuePair<object, object>>, IEnumerable // TypeDefIndex: 12494"
"873673","class","DefaultContractResolver.","12495","private sealed class DefaultContractResolver.<>c // TypeDefIndex: 12495"
"873726","class","DefaultContractResolver.","12496","private sealed class DefaultContractResolver.<>c__DisplayClass42_0 // TypeDefIndex: 12496"
"873743","class","DefaultContractResolver.","12497","private sealed class DefaultContractResolver.<>c__DisplayClass45_0 // TypeDefIndex: 12497"
"873759","class","DefaultContractResolver.","12498","private sealed class DefaultContractResolver.<>c__DisplayClass45_1 // TypeDefIndex: 12498"
"873782","class","DefaultContractResolver.","12499","private sealed class DefaultContractResolver.<>c__DisplayClass45_2 // TypeDefIndex: 12499"
"873801","class","DefaultContractResolver.","12500","private sealed class DefaultContractResolver.<>c__DisplayClass62_0 // TypeDefIndex: 12500"
"873818","class","DefaultContractResolver.","12501","private sealed class DefaultContractResolver.<>c__DisplayClass67_0 // TypeDefIndex: 12501"
"873835","class","DefaultContractResolver.","12502","private sealed class DefaultContractResolver.<>c__DisplayClass80_0 // TypeDefIndex: 12502"
"873852","class","DefaultContractResolver.","12503","private sealed class DefaultContractResolver.<>c__DisplayClass81_0 // TypeDefIndex: 12503"
"873870","class","DefaultContractResolver","12504","public class DefaultContractResolver : IContractResolver // TypeDefIndex: 12504"
"874097","class","DefaultNamingStrategy","12505","public class DefaultNamingStrategy : NamingStrategy // TypeDefIndex: 12505"
"874112","class","DefaultReferenceResolver","12506","internal class DefaultReferenceResolver : IReferenceResolver // TypeDefIndex: 12506"
"874141","class","DefaultSerializationBinder","12507","public class DefaultSerializationBinder : SerializationBinder, ISerializationBinder // TypeDefIndex: 12507"
"874176","class","ErrorContext","12508","public class ErrorContext // TypeDefIndex: 12508"
"874224","class","ErrorEventArgs","12509","public class ErrorEventArgs : EventArgs // TypeDefIndex: 12509"
"874241","interface","IAttributeProvider","12510","public interface IAttributeProvider // TypeDefIndex: 12510"
"874246","interface","IContractResolver","12511","public interface IContractResolver // TypeDefIndex: 12511"
"874256","interface","IReferenceResolver","12512","public interface IReferenceResolver // TypeDefIndex: 12512"
"874275","interface","ISerializationBinder","12513","public interface ISerializationBinder // TypeDefIndex: 12513"
"874289","interface","ITraceWriter","12514","public interface ITraceWriter // TypeDefIndex: 12514"
"874305","interface","IValueProvider","12515","public interface IValueProvider // TypeDefIndex: 12515"
"874319","class","JsonArrayContract","12516","public class JsonArrayContract : JsonContainerContract // TypeDefIndex: 12516"
"874425","class","JsonContainerContract","12517","public class JsonContainerContract : JsonContract // TypeDefIndex: 12517"
"874496","enum","JsonContractType","12518","internal enum JsonContractType // TypeDefIndex: 12518"
"874512","class","SerializationCallback","12519","public sealed class SerializationCallback : MulticastDelegate // TypeDefIndex: 12519"
"874525","class","SerializationErrorCallback","12520","public sealed class SerializationErrorCallback : MulticastDelegate // TypeDefIndex: 12520"
"874538","class","ExtensionDataSetter","12521","public sealed class ExtensionDataSetter : MulticastDelegate // TypeDefIndex: 12521"
"874551","class","ExtensionDataGetter","12522","public sealed class ExtensionDataGetter : MulticastDelegate // TypeDefIndex: 12522"
"874565","class","JsonContract.","12523","private sealed class JsonContract.<>c__DisplayClass57_0 // TypeDefIndex: 12523"
"874582","class","JsonContract.","12524","private sealed class JsonContract.<>c__DisplayClass58_0 // TypeDefIndex: 12524"
"874600","class","JsonContract","12525","public abstract class JsonContract // TypeDefIndex: 12525"
"874755","class","JsonDictionaryContract","12526","public class JsonDictionaryContract : JsonContainerContract // TypeDefIndex: 12526"
"874863","class","JsonDynamicContract","12527","public class JsonDynamicContract : JsonContainerContract // TypeDefIndex: 12527"
"874913","class","JsonFormatterConverter","12528","internal class JsonFormatterConverter : IFormatterConverter // TypeDefIndex: 12528"
"874969","class","JsonISerializableContract","12529","public class JsonISerializableContract : JsonContainerContract // TypeDefIndex: 12529"
"874996","class","JsonLinqContract","12530","public class JsonLinqContract : JsonContract // TypeDefIndex: 12530"
"875008","class","JsonObjectContract","12531","public class JsonObjectContract : JsonContainerContract // TypeDefIndex: 12531"
"875155","class","JsonPrimitiveContract","12532","public class JsonPrimitiveContract : JsonContract // TypeDefIndex: 12532"
"875185","class","JsonProperty","12533","public class JsonProperty // TypeDefIndex: 12533"
"875518","class","JsonPropertyCollection","12534","public class JsonPropertyCollection : KeyedCollection<string, JsonProperty> // TypeDefIndex: 12534"
"875547","class","JsonSerializerInternalBase.ReferenceEqualsEqualityComparer","12535","private class JsonSerializerInternalBase.ReferenceEqualsEqualityComparer : IEqualityComparer<object> // TypeDefIndex: 12535"
"875566","class","JsonSerializerInternalBase","12536","internal abstract class JsonSerializerInternalBase // TypeDefIndex: 12536"
"875606","enum","JsonSerializerInternalReader.PropertyPresence","12537","internal enum JsonSerializerInternalReader.PropertyPresence // TypeDefIndex: 12537"
"875618","class","JsonSerializerInternalReader.CreatorPropertyContext","12538","internal class JsonSerializerInternalReader.CreatorPropertyContext // TypeDefIndex: 12538"
"875639","class","JsonSerializerInternalReader.","12539","private sealed class JsonSerializerInternalReader.<>c // TypeDefIndex: 12539"
"875680","class","JsonSerializerInternalReader.","12540","private sealed class JsonSerializerInternalReader.<>c__DisplayClass38_0 // TypeDefIndex: 12540"
"875699","class","JsonSerializerInternalReader","12541","internal class JsonSerializerInternalReader : JsonSerializerInternalBase // TypeDefIndex: 12541"
"875866","class","JsonSerializerInternalWriter","12542","internal class JsonSerializerInternalWriter : JsonSerializerInternalBase // TypeDefIndex: 12542"
"876009","class","JsonSerializerProxy","12543","internal class JsonSerializerProxy : JsonSerializer // TypeDefIndex: 12543"
"876158","class","JsonStringContract","12544","public class JsonStringContract : JsonPrimitiveContract // TypeDefIndex: 12544"
"876170","class","JsonTypeReflector.","12545","private sealed class JsonTypeReflector.<>c // TypeDefIndex: 12545"
"876193","class","JsonTypeReflector.","12546","private sealed class JsonTypeReflector.<>c__DisplayClass22_0 // TypeDefIndex: 12546"
"876213","class","JsonTypeReflector","12547","internal static class JsonTypeReflector // TypeDefIndex: 12547"
"876312","class","KebabCaseNamingStrategy","12548","public class KebabCaseNamingStrategy : NamingStrategy // TypeDefIndex: 12548"
"876333","class","NamingStrategy","12549","public abstract class NamingStrategy // TypeDefIndex: 12549"
"876402","class","ObjectConstructor","12550","public sealed class ObjectConstructor<T> : MulticastDelegate // TypeDefIndex: 12550"
"876432","class","OnErrorAttribute","12551","public sealed class OnErrorAttribute : Attribute // TypeDefIndex: 12551"
"876438","class","ReflectionAttributeProvider","12552","public class ReflectionAttributeProvider : IAttributeProvider // TypeDefIndex: 12552"
"876452","class","ReflectionValueProvider","12553","public class ReflectionValueProvider : IValueProvider // TypeDefIndex: 12553"
"876470","class","SnakeCaseNamingStrategy","12554","public class SnakeCaseNamingStrategy : NamingStrategy // TypeDefIndex: 12554"
"876491","class","TraceJsonReader","12555","internal class TraceJsonReader : JsonReader, IJsonLineInfo // TypeDefIndex: 12555"
"876582","class","TraceJsonWriter","12556","internal class TraceJsonWriter : JsonWriter // TypeDefIndex: 12556"
"876762","enum","CommentHandling","12557","public enum CommentHandling // TypeDefIndex: 12557"
"876771","enum","DuplicatePropertyNameHandling","12558","public enum DuplicatePropertyNameHandling // TypeDefIndex: 12558"
"876784","class","JArray","12559","public class JArray : JContainer, IList<JToken>, ICollection<JToken>, IEnumerable<JToken>, IEnumerable // TypeDefIndex: 12559"
"876874","class","JConstructor","12560","public class JConstructor : JContainer // TypeDefIndex: 12560"
"876930","class","JContainer","12561","public abstract class JContainer : JToken, IList<JToken>, ICollection<JToken>, IEnumerable<JToken>, IEnumerable, IBindingList, ICollection, IList, INotifyCollectionChanged // TypeDefIndex: 12561"
"877174","struct","JEnumerable","12562","public struct JEnumerable<T> : IEnumerable<T>, IEnumerable, IEquatable<JEnumerable<T>> // TypeDefIndex: 12562"
"877244","class","JObject.JObjectDynamicProxy.","12563","private sealed class JObject.JObjectDynamicProxy.<>c // TypeDefIndex: 12563"
"877267","class","JObject.JObjectDynamicProxy","12564","private class JObject.JObjectDynamicProxy : DynamicProxy<JObject> // TypeDefIndex: 12564"
"877286","class","JObject.","12565","private sealed class JObject.<GetEnumerator>d__64 : IEnumerator<KeyValuePair<string, JToken>>, IEnumerator, IDisposable // TypeDefIndex: 12565"
"877334","class","JObject","12566","public class JObject : JContainer, IDictionary<string, JToken>, ICollection<KeyValuePair<string, JToken>>, IEnumerable<KeyValuePair<string, JToken>>, IEnumerable, INotifyPropertyChanged, ICustomTypeDescriptor // TypeDefIndex: 12566"
"877508","class","JProperty.JPropertyList.","12567","private sealed class JProperty.JPropertyList.<GetEnumerator>d__1 : IEnumerator<JToken>, IEnumerator, IDisposable // TypeDefIndex: 12567"
"877549","class","JProperty.JPropertyList","12568","private class JProperty.JPropertyList : IList<JToken>, ICollection<JToken>, IEnumerable<JToken>, IEnumerable // TypeDefIndex: 12568"
"877612","class","JProperty","12569","public class JProperty : JContainer // TypeDefIndex: 12569"
"877695","class","JPropertyDescriptor","12570","public class JPropertyDescriptor : PropertyDescriptor // TypeDefIndex: 12570"
"877742","class","JPropertyKeyedCollection","12571","internal class JPropertyKeyedCollection : Collection<JToken> // TypeDefIndex: 12571"
"877800","class","JRaw","12572","public class JRaw : JValue // TypeDefIndex: 12572"
"877819","class","JsonCloneSettings","12573","public class JsonCloneSettings // TypeDefIndex: 12573"
"877848","class","JsonLoadSettings","12574","public class JsonLoadSettings // TypeDefIndex: 12574"
"877874","class","JToken.LineInfoAnnotation","12575","private class JToken.LineInfoAnnotation // TypeDefIndex: 12575"
"877890","class","JToken","12576","public abstract class JToken : IEnumerable<JToken>, IEnumerable, IJsonLineInfo, ICloneable, IDynamicMetaObjectProvider // TypeDefIndex: 12576"
"878240","class","JTokenReader","12577","public class JTokenReader : JsonReader, IJsonLineInfo // TypeDefIndex: 12577"
"878306","enum","JTokenType","12578","public enum JTokenType // TypeDefIndex: 12578"
"878333","class","JTokenWriter","12579","public class JTokenWriter : JsonWriter // TypeDefIndex: 12579"
"878472","class","JValue.JValueDynamicProxy","12580","private class JValue.JValueDynamicProxy : DynamicProxy<JValue> // TypeDefIndex: 12580"
"878489","class","JValue","12581","public class JValue : JToken, IEquatable<JValue>, IFormattable, IComparable, IComparable<JValue>, IConvertible // TypeDefIndex: 12581"
"878686","enum","LineInfoHandling","12582","public enum LineInfoHandling // TypeDefIndex: 12582"
"878697","class","BinaryConverter","12583","public class BinaryConverter : JsonConverter // TypeDefIndex: 12583"
"878731","class","BsonObjectIdConverter","12584","public class BsonObjectIdConverter : JsonConverter // TypeDefIndex: 12584"
"878751","class","CustomCreationConverter","12585","public abstract class CustomCreationConverter<T> : JsonConverter // TypeDefIndex: 12585"
"878810","class","DataSetConverter","12586","public class DataSetConverter : JsonConverter // TypeDefIndex: 12586"
"878830","class","DataTableConverter","12587","public class DataTableConverter : JsonConverter // TypeDefIndex: 12587"
"878854","class","DateTimeConverterBase","12588","public abstract class DateTimeConverterBase : JsonConverter // TypeDefIndex: 12588"
"878868","class","DiscriminatedUnionConverter.Union","12589","internal class DiscriminatedUnionConverter.Union // TypeDefIndex: 12589"
"878882","class","DiscriminatedUnionConverter.UnionCase","12590","internal class DiscriminatedUnionConverter.UnionCase // TypeDefIndex: 12590"
"878899","class","DiscriminatedUnionConverter.","12591","private sealed class DiscriminatedUnionConverter.<>c__DisplayClass8_0 // TypeDefIndex: 12591"
"878916","class","DiscriminatedUnionConverter.","12592","private sealed class DiscriminatedUnionConverter.<>c__DisplayClass9_0 // TypeDefIndex: 12592"
"878937","class","DiscriminatedUnionConverter","12593","public class DiscriminatedUnionConverter : JsonConverter // TypeDefIndex: 12593"
"878972","class","EntityKeyMemberConverter","12594","public class EntityKeyMemberConverter : JsonConverter // TypeDefIndex: 12594"
"879006","class","ExpandoObjectConverter","12595","public class ExpandoObjectConverter : JsonConverter // TypeDefIndex: 12595"
"879041","class","IsoDateTimeConverter","12596","public class IsoDateTimeConverter : DateTimeConverterBase // TypeDefIndex: 12596"
"879092","class","JavaScriptDateTimeConverter","12597","public class JavaScriptDateTimeConverter : DateTimeConverterBase // TypeDefIndex: 12597"
"879109","class","KeyValuePairConverter","12598","public class KeyValuePairConverter : JsonConverter // TypeDefIndex: 12598"
"879140","class","RegexConverter","12599","public class RegexConverter : JsonConverter // TypeDefIndex: 12599"
"879182","class","StringEnumConverter","12600","public class StringEnumConverter : JsonConverter // TypeDefIndex: 12600"
"879256","class","UnixDateTimeConverter","12601","public class UnixDateTimeConverter : DateTimeConverterBase // TypeDefIndex: 12601"
"879295","class","VersionConverter","12602","public class VersionConverter : JsonConverter // TypeDefIndex: 12602"
"879315","class","XmlDocumentWrapper","12603","internal class XmlDocumentWrapper : XmlNodeWrapper, IXmlDocument, IXmlNode // TypeDefIndex: 12603"
"879374","class","XmlElementWrapper","12604","internal class XmlElementWrapper : XmlNodeWrapper, IXmlElement, IXmlNode // TypeDefIndex: 12604"
"879400","class","XmlDeclarationWrapper","12605","internal class XmlDeclarationWrapper : XmlNodeWrapper, IXmlDeclaration, IXmlNode // TypeDefIndex: 12605"
"879430","class","XmlDocumentTypeWrapper","12606","internal class XmlDocumentTypeWrapper : XmlNodeWrapper, IXmlDocumentType, IXmlNode // TypeDefIndex: 12606"
"879470","class","XmlNodeWrapper","12607","internal class XmlNodeWrapper : IXmlNode // TypeDefIndex: 12607"
"879542","interface","IXmlDocument","12608","internal interface IXmlDocument : IXmlNode // TypeDefIndex: 12608"
"879594","interface","IXmlDeclaration","12609","internal interface IXmlDeclaration : IXmlNode // TypeDefIndex: 12609"
"879615","interface","IXmlDocumentType","12610","internal interface IXmlDocumentType : IXmlNode // TypeDefIndex: 12610"
"879642","interface","IXmlElement","12611","internal interface IXmlElement : IXmlNode // TypeDefIndex: 12611"
"879661","interface","IXmlNode","12612","internal interface IXmlNode // TypeDefIndex: 12612"
"879711","class","XDeclarationWrapper","12613","internal class XDeclarationWrapper : XObjectWrapper, IXmlDeclaration, IXmlNode // TypeDefIndex: 12613"
"879753","class","XDocumentTypeWrapper","12614","internal class XDocumentTypeWrapper : XObjectWrapper, IXmlDocumentType, IXmlNode // TypeDefIndex: 12614"
"879793","class","XDocumentWrapper","12615","internal class XDocumentWrapper : XContainerWrapper, IXmlDocument, IXmlNode // TypeDefIndex: 12615"
"879864","class","XTextWrapper","12616","internal class XTextWrapper : XObjectWrapper // TypeDefIndex: 12616"
"879892","class","XCommentWrapper","12617","internal class XCommentWrapper : XObjectWrapper // TypeDefIndex: 12617"
"879920","class","XProcessingInstructionWrapper","12618","internal class XProcessingInstructionWrapper : XObjectWrapper // TypeDefIndex: 12618"
"879948","class","XContainerWrapper","12619","internal class XContainerWrapper : XObjectWrapper // TypeDefIndex: 12619"
"879989","class","XObjectWrapper","12620","internal class XObjectWrapper : IXmlNode // TypeDefIndex: 12620"
"880045","class","XAttributeWrapper","12621","internal class XAttributeWrapper : XObjectWrapper // TypeDefIndex: 12621"
"880081","class","XElementWrapper","12622","internal class XElementWrapper : XContainerWrapper, IXmlElement, IXmlNode // TypeDefIndex: 12622"
"880140","class","XmlNodeConverter","12623","public class XmlNodeConverter : JsonConverter // TypeDefIndex: 12623"
"880303","class","BsonObjectId","12624","public class BsonObjectId // TypeDefIndex: 12624"
"880323","class","BsonToken","12625","internal abstract class BsonToken // TypeDefIndex: 12625"
"880347","class","BsonObject","12626","internal class BsonObject : BsonToken // TypeDefIndex: 12626"
"880365","class","BsonArray","12627","internal class BsonArray : BsonToken // TypeDefIndex: 12627"
"880383","class","BsonValue","12628","internal class BsonValue : BsonToken // TypeDefIndex: 12628"
"880402","class","BsonString","12629","internal class BsonString : BsonValue // TypeDefIndex: 12629"
"880415","class","BsonRegex","12630","internal class BsonRegex : BsonToken // TypeDefIndex: 12630"
"880446","class","BsonProperty","12631","internal class BsonProperty // TypeDefIndex: 12631"
"880473","enum","BsonType","12632","internal enum BsonType // TypeDefIndex: 12632"
"880501","class","BsonWriter","12633","public class BsonWriter : JsonWriter // TypeDefIndex: 12633"
"880592","struct","UnitySourceGeneratedAssemblyMonoScriptTypes_v1.MonoScriptData","12645","private struct UnitySourceGeneratedAssemblyMonoScriptTypes_v1.MonoScriptData // TypeDefIndex: 12645"
"880606","class","UnitySourceGeneratedAssemblyMonoScriptTypes_v1","12646","internal class UnitySourceGeneratedAssemblyMonoScriptTypes_v1 // TypeDefIndex: 12646"
"880618","class","AddressablesInterface","12647","internal class AddressablesInterface // TypeDefIndex: 12647"
"880768","class","DisplayNameAttribute","12648","public class DisplayNameAttribute : Attribute // TypeDefIndex: 12648"
"880804","struct","LocaleIdentifier","12649","public struct LocaleIdentifier : IEquatable<LocaleIdentifier>, IComparable<LocaleIdentifier> // TypeDefIndex: 12649"
"880865","class","Locale.","12650","private sealed class Locale.<GetFallbacks>d__20 : IEnumerable<Locale>, IEnumerable, IEnumerator<Locale>, IEnumerator, IDisposable // TypeDefIndex: 12650"
"880919","class","Locale","12651","public class Locale : ScriptableObject, IEquatable<Locale>, IComparable<Locale>, ISerializationCallbackReceiver, IFormatProvider // TypeDefIndex: 12651"
"881038","class","LocalizedAudioClip.UxmlSerializedData","12652","public class LocalizedAudioClip.UxmlSerializedData : LocalizedAsset.UxmlSerializedData<AudioClip> // TypeDefIndex: 12652"
"881057","class","LocalizedAudioClip","12653","public class LocalizedAudioClip : LocalizedAsset<AudioClip> // TypeDefIndex: 12653"
"881068","class","LocalizedGameObject.UxmlSerializedData","12654","public class LocalizedGameObject.UxmlSerializedData : LocalizedAsset.UxmlSerializedData<GameObject> // TypeDefIndex: 12654"
"881087","class","LocalizedGameObject","12655","public class LocalizedGameObject : LocalizedAsset<GameObject> // TypeDefIndex: 12655"
"881098","class","LocalizedMesh.UxmlSerializedData","12656","public class LocalizedMesh.UxmlSerializedData : LocalizedAsset.UxmlSerializedData<Mesh> // TypeDefIndex: 12656"
"881117","class","LocalizedMesh","12657","public class LocalizedMesh : LocalizedAsset<Mesh> // TypeDefIndex: 12657"
"881128","class","LocalizedMaterial.UxmlSerializedData","12658","public class LocalizedMaterial.UxmlSerializedData : LocalizedAsset.UxmlSerializedData<Material> // TypeDefIndex: 12658"
"881147","class","LocalizedMaterial","12659","public class LocalizedMaterial : LocalizedAsset<Material> // TypeDefIndex: 12659"
"881158","class","LocalizedObject.UxmlSerializedData","12660","public class LocalizedObject.UxmlSerializedData : LocalizedAsset.UxmlSerializedData<Object> // TypeDefIndex: 12660"
"881177","class","LocalizedObject","12661","public class LocalizedObject : LocalizedAsset<Object> // TypeDefIndex: 12661"
"881188","class","LocalizedSprite.UxmlSerializedData","12662","public class LocalizedSprite.UxmlSerializedData : LocalizedAsset.UxmlSerializedData<Sprite> // TypeDefIndex: 12662"
"881207","class","LocalizedSprite","12663","public class LocalizedSprite : LocalizedAsset<Sprite> // TypeDefIndex: 12663"
"881218","class","LocalizedTexture.UxmlSerializedData","12664","public class LocalizedTexture.UxmlSerializedData : LocalizedAsset.UxmlSerializedData<Texture> // TypeDefIndex: 12664"
"881237","class","LocalizedTexture","12665","public class LocalizedTexture : LocalizedAsset<Texture> // TypeDefIndex: 12665"
"881251","class","LocalizedTmpFont.UxmlSerializedData","12666","public class LocalizedTmpFont.UxmlSerializedData : LocalizedAsset.UxmlSerializedData<TMP_FontAsset> // TypeDefIndex: 12666"
"881270","class","LocalizedTmpFont","12667","public class LocalizedTmpFont : LocalizedAsset<TMP_FontAsset> // TypeDefIndex: 12667"
"881281","class","LocalizedFont.UxmlSerializedData","12668","public class LocalizedFont.UxmlSerializedData : LocalizedAsset.UxmlSerializedData<Font> // TypeDefIndex: 12668"
"881300","class","LocalizedFont","12669","public class LocalizedFont : LocalizedAsset<Font> // TypeDefIndex: 12669"
"881311","class","LocalizedAssetBase.UxmlSerializedData","12670","public abstract class LocalizedAssetBase.UxmlSerializedData : LocalizedReference.UxmlSerializedData // TypeDefIndex: 12670"
"881321","class","LocalizedAssetBase","12671","public abstract class LocalizedAssetBase : LocalizedReference // TypeDefIndex: 12671"
"881341","class","LocalizedAsset.ChangeHandler","12672","public sealed class LocalizedAsset.ChangeHandler<TObject> : MulticastDelegate // TypeDefIndex: 12672"
"881381","class","LocalizedAsset.ConvertToObjectOperation.","12673","private sealed class LocalizedAsset.ConvertToObjectOperation.<>c<TObject> // TypeDefIndex: 12673"
"881414","class","LocalizedAsset.ConvertToObjectOperation","12674","private class LocalizedAsset.ConvertToObjectOperation<TObject> : WaitForCurrentOperationAsyncOperationBase<Object> // TypeDefIndex: 12674"
"881474","class","LocalizedAsset.UxmlSerializedData","12675","public class LocalizedAsset.UxmlSerializedData<TObject> : LocalizedAssetBase.UxmlSerializedData // TypeDefIndex: 12675"
"881498","class","LocalizedAsset","12676","public class LocalizedAsset<TObject> : LocalizedAssetBase, IDisposable // TypeDefIndex: 12676"
"881749","class","LocalizedAssetTable","12677","public class LocalizedAssetTable : LocalizedTable<AssetTable, AssetTableEntry> // TypeDefIndex: 12677"
"881769","class","LocalizedReference.UxmlSerializedData","12678","public abstract class LocalizedReference.UxmlSerializedData : CustomBinding.UxmlSerializedData // TypeDefIndex: 12678"
"881811","class","LocalizedReference","12679","public abstract class LocalizedReference : CustomBinding, ISerializationCallbackReceiver // TypeDefIndex: 12679"
"881934","class","LocalizedString.ChangeHandler","12680","public sealed class LocalizedString.ChangeHandler : MulticastDelegate // TypeDefIndex: 12680"
"881952","struct","LocalizedString.StringTableEntryVariable","12681","private struct LocalizedString.StringTableEntryVariable : IVariableGroup // TypeDefIndex: 12681"
"881971","struct","LocalizedString.ChainedLocalVariablesGroup","12682","private struct LocalizedString.ChainedLocalVariablesGroup : IVariableGroup // TypeDefIndex: 12682"
"882013","class","LocalizedString.UxmlSerializedData","12683","public class LocalizedString.UxmlSerializedData : LocalizedReference.UxmlSerializedData // TypeDefIndex: 12683"
"882044","class","LocalizedString.","12684","private sealed class LocalizedString.<>c // TypeDefIndex: 12684"
"882064","class","LocalizedString.","12685","private sealed class LocalizedString.<GetEnumerator>d__58 : IEnumerator<object>, IEnumerator, IDisposable // TypeDefIndex: 12685"
"882107","class","LocalizedString.","12686","private sealed class LocalizedString.<System-Collections-Generic-IEnumerable<System-Collections-Generic-KeyValuePair<System-String,UnityEngine-Localization-SmartFormat-PersistentVariables-IVariable>>-GetEnumerator>d__57 : IEnumerator<KeyValuePair<string, IVariable>>, IEnumerator, IDisposable // TypeDefIndex: 12686"
"882152","class","LocalizedString","12687","public class LocalizedString : LocalizedReference, IVariableGroup, IDictionary<string, IVariable>, ICollection<KeyValuePair<string, IVariable>>, IEnumerable<KeyValuePair<string, IVariable>>, IEnumerable, IVariableValueChanged, IVariable, IDisposable // TypeDefIndex: 12687"
"882371","class","LocalizedStringTable","12688","public class LocalizedStringTable : LocalizedTable<StringTable, StringTableEntry> // TypeDefIndex: 12688"
"882389","class","LocalizedTable.ChangeHandler","12689","public sealed class LocalizedTable.ChangeHandler<TTable, TEntry> : MulticastDelegate // TypeDefIndex: 12689"
"882428","class","LocalizedTable","12690","public abstract class LocalizedTable<TTable, TEntry> // TypeDefIndex: 12690"
"882596","interface","IPreloadRequired","12691","public interface IPreloadRequired // TypeDefIndex: 12691"
"882610","class","LocalVariable.UxmlSerializedData","12692","public class LocalVariable.UxmlSerializedData : UxmlSerializedData // TypeDefIndex: 12692"
"882647","class","LocalVariable","12693","internal class LocalVariable // TypeDefIndex: 12693"
"882685","class","EditorPropertyDriver","12694","public static class EditorPropertyDriver // TypeDefIndex: 12694"
"882697","class","PlaymodeState","12695","internal static class PlaymodeState // TypeDefIndex: 12695"
"882717","class","AddressHelper","12696","internal class AddressHelper // TypeDefIndex: 12696"
"882748","class","AssetAddress","12697","internal static class AssetAddress // TypeDefIndex: 12697"
"882770","struct","CallbackArray","12698","internal struct CallbackArray<TDelegate> // TypeDefIndex: 12698"
"882855","class","LocalizationBehaviour","12699","internal class LocalizationBehaviour : ComponentSingleton<LocalizationBehaviour> // TypeDefIndex: 12699"
"882890","class","StringBuilderPool.","12700","private sealed class StringBuilderPool.<>c // TypeDefIndex: 12700"
"882911","class","StringBuilderPool","12701","internal static class StringBuilderPool // TypeDefIndex: 12701"
"882933","class","StringExtensionMethods","12702","internal static class StringExtensionMethods // TypeDefIndex: 12702"
"882949","class","SystemLanguageConverter","12703","internal static class SystemLanguageConverter // TypeDefIndex: 12703"
"882958","class","AssetTableEntry","12704","public class AssetTableEntry : TableEntry // TypeDefIndex: 12704"
"883035","class","AssetTable","12705","public class AssetTable : DetailedLocalizationTable<AssetTableEntry>, IPreloadRequired // TypeDefIndex: 12705"
"883088","class","TableEntry","12706","public class TableEntry : IMetadataCollection // TypeDefIndex: 12706"
"883219","enum","MissingEntryAction","12707","public enum MissingEntryAction // TypeDefIndex: 12707"
"883231","class","DetailedLocalizationTable.","12708","private sealed class DetailedLocalizationTable.<>c<TEntry> // TypeDefIndex: 12708"
"883275","class","DetailedLocalizationTable","12709","public abstract class DetailedLocalizationTable<TEntry> : LocalizationTable, IDictionary<long, TEntry>, ICollection<KeyValuePair<long, TEntry>>, IEnumerable<KeyValuePair<long, TEntry>>, IEnumerable, ISerializationCallbackReceiver // TypeDefIndex: 12709"
"883590","class","DistributedUIDGenerator","12710","public class DistributedUIDGenerator : IKeyGenerator // TypeDefIndex: 12710"
"883643","interface","IKeyGenerator","12711","public interface IKeyGenerator // TypeDefIndex: 12711"
"883652","class","SequentialIDGenerator","12712","public class SequentialIDGenerator : IKeyGenerator // TypeDefIndex: 12712"
"883677","class","LocalizationTable","12713","public abstract class LocalizationTable : ScriptableObject, IMetadataCollection, IComparable<LocalizationTable> // TypeDefIndex: 12713"
"883778","class","SharedTableData.SharedTableEntry","12714","public class SharedTableData.SharedTableEntry // TypeDefIndex: 12714"
"883821","class","SharedTableData","12715","public class SharedTableData : ScriptableObject, ISerializationCallbackReceiver // TypeDefIndex: 12715"
"883969","class","StringTableEntry","12716","public class StringTableEntry : TableEntry // TypeDefIndex: 12716"
"884027","class","StringTable.","12717","private sealed class StringTable.<>c // TypeDefIndex: 12717"
"884046","class","StringTable","12718","public class StringTable : DetailedLocalizationTable<StringTableEntry> // TypeDefIndex: 12718"
"884065","class","TableEntryData","12719","internal class TableEntryData // TypeDefIndex: 12719"
"884111","enum","TableReference.Type","12720","public enum TableReference.Type // TypeDefIndex: 12720"
"884122","struct","TableReference","12721","public struct TableReference : ISerializationCallbackReceiver, IEquatable<TableReference> // TypeDefIndex: 12721"
"884225","enum","TableEntryReference.Type","12722","public enum TableEntryReference.Type // TypeDefIndex: 12722"
"884236","struct","TableEntryReference","12723","public struct TableEntryReference : ISerializationCallbackReceiver, IEquatable<TableEntryReference> // TypeDefIndex: 12723"
"884317","class","LocalizedAssetDatabase","12724","public class LocalizedAssetDatabase : LocalizedDatabase<AssetTable, AssetTableEntry> // TypeDefIndex: 12724"
"884369","enum","FallbackBehavior","12725","public enum FallbackBehavior // TypeDefIndex: 12725"
"884380","enum","MissingTranslationBehavior","12726","public enum MissingTranslationBehavior // TypeDefIndex: 12726"
"884389","enum","AsynchronousBehaviour","12727","public enum AsynchronousBehaviour // TypeDefIndex: 12727"
"884398","interface","ITableProvider","12728","public interface ITableProvider // TypeDefIndex: 12728"
"884412","interface","ITablePostprocessor","12729","public interface ITablePostprocessor // TypeDefIndex: 12729"
"884421","struct","LocalizedDatabase.TableEntryResult","12730","public struct LocalizedDatabase.TableEntryResult<TTable, TEntry> // TypeDefIndex: 12730"
"884466","class","LocalizedDatabase","12731","public abstract class LocalizedDatabase<TTable, TEntry> : IPreloadRequired, IReset, IDisposable // TypeDefIndex: 12731"
"884821","class","LocalizedStringDatabase.MissingTranslation","12732","public sealed class LocalizedStringDatabase.MissingTranslation : MulticastDelegate // TypeDefIndex: 12732"
"884840","class","LocalizedStringDatabase","12733","public class LocalizedStringDatabase : LocalizedDatabase<StringTable, StringTableEntry> // TypeDefIndex: 12733"
"884933","interface","IInitialize","12734","public interface IInitialize // TypeDefIndex: 12734"
"884942","interface","ILocalesProvider","12735","public interface ILocalesProvider // TypeDefIndex: 12735"
"884963","interface","IReset","12736","public interface IReset // TypeDefIndex: 12736"
"884972","interface","IStartupLocaleSelector","12737","public interface IStartupLocaleSelector // TypeDefIndex: 12737"
"884982","class","LocalesProvider","12738","public class LocalesProvider : ILocalesProvider, IPreloadRequired, IReset, IDisposable // TypeDefIndex: 12738"
"885033","class","LocalizationSettings.","12739","private sealed class LocalizationSettings.<InitializeAndCallSelectedLocaleChangedCoroutine>d__79 : IEnumerator<object>, IEnumerator, IDisposable // TypeDefIndex: 12739"
"885072","class","LocalizationSettings","12740","public class LocalizationSettings : ScriptableObject, IReset, IDisposable // TypeDefIndex: 12740"
"885299","enum","PreloadBehavior","12741","public enum PreloadBehavior // TypeDefIndex: 12741"
"885311","class","CommandLineLocaleSelector","12742","public class CommandLineLocaleSelector : IStartupLocaleSelector // TypeDefIndex: 12742"
"885337","class","PlayerPrefLocaleSelector","12743","public class PlayerPrefLocaleSelector : IStartupLocaleSelector, IInitialize // TypeDefIndex: 12743"
"885366","class","SpecificLocaleSelector","12744","public class SpecificLocaleSelector : IStartupLocaleSelector // TypeDefIndex: 12744"
"885392","class","SystemLocaleSelector","12745","public class SystemLocaleSelector : IStartupLocaleSelector // TypeDefIndex: 12745"
"885416","interface","IPseudoLocalizationMethod","12746","public interface IPseudoLocalizationMethod // TypeDefIndex: 12746"
"885426","class","MessageFragment","12747","public abstract class MessageFragment // TypeDefIndex: 12747"
"885482","class","WritableMessageFragment.","12748","private sealed class WritableMessageFragment.<>c // TypeDefIndex: 12748"
"885501","class","WritableMessageFragment","12749","public class WritableMessageFragment : MessageFragment // TypeDefIndex: 12749"
"885527","class","ReadOnlyMessageFragment.","12750","private sealed class ReadOnlyMessageFragment.<>c // TypeDefIndex: 12750"
"885546","class","ReadOnlyMessageFragment","12751","public class ReadOnlyMessageFragment : MessageFragment // TypeDefIndex: 12751"
"885569","class","Message.","12752","private sealed class Message.<>c // TypeDefIndex: 12752"
"885587","class","Message","12753","public class Message // TypeDefIndex: 12753"
"885658","class","Accenter","12754","public class Accenter : CharacterSubstitutor // TypeDefIndex: 12754"
"885670","enum","CharacterSubstitutor.SubstitutionMethod","12755","public enum CharacterSubstitutor.SubstitutionMethod // TypeDefIndex: 12755"
"885682","struct","CharacterSubstitutor.CharReplacement","12756","private struct CharacterSubstitutor.CharReplacement // TypeDefIndex: 12756"
"885690","enum","CharacterSubstitutor.ListSelectionMethod","12757","public enum CharacterSubstitutor.ListSelectionMethod // TypeDefIndex: 12757"
"885701","class","CharacterSubstitutor","12758","public class CharacterSubstitutor : IPseudoLocalizationMethod, ISerializationCallbackReceiver // TypeDefIndex: 12758"
"885771","class","Encapsulator","12759","public class Encapsulator : IPseudoLocalizationMethod // TypeDefIndex: 12759"
"885805","enum","Expander.InsertLocation","12760","public enum Expander.InsertLocation // TypeDefIndex: 12760"
"885816","struct","Expander.ExpansionRule","12761","public struct Expander.ExpansionRule : IComparable<Expander.ExpansionRule> // TypeDefIndex: 12761"
"885863","class","Expander","12762","public class Expander : IPseudoLocalizationMethod // TypeDefIndex: 12762"
"885933","class","Mirror","12763","public class Mirror : IPseudoLocalizationMethod // TypeDefIndex: 12763"
"885949","class","PreserveTags","12764","public class PreserveTags : IPseudoLocalizationMethod // TypeDefIndex: 12764"
"885984","class","PseudoLocale","12765","public class PseudoLocale : Locale // TypeDefIndex: 12765"
"886015","class","TypicalCharacterSets","12766","public static class TypicalCharacterSets // TypeDefIndex: 12766"
"886030","class","FormattingErrorEventArgs","12767","public class FormattingErrorEventArgs : EventArgs // TypeDefIndex: 12767"
"886076","class","Smart","12768","public static class Smart // TypeDefIndex: 12768"
"886119","class","SmartExtensions","12769","public static class SmartExtensions // TypeDefIndex: 12769"
"886150","class","SmartFormatter","12770","public class SmartFormatter : ISerializationCallbackReceiver // TypeDefIndex: 12770"
"886287","class","SmartFormatterLiteralCharacterExtractor","12771","internal class SmartFormatterLiteralCharacterExtractor : SmartFormatter // TypeDefIndex: 12771"
"886307","class","FormatCachePool.","12772","private sealed class FormatCachePool.<>c // TypeDefIndex: 12772"
"886328","class","FormatCachePool","12773","internal static class FormatCachePool // TypeDefIndex: 12773"
"886351","class","FormatDetailsPool.","12774","private sealed class FormatDetailsPool.<>c // TypeDefIndex: 12774"
"886372","class","FormatDetailsPool","12775","internal static class FormatDetailsPool // TypeDefIndex: 12775"
"886395","class","FormatItemPool.","12776","private sealed class FormatItemPool.<>c // TypeDefIndex: 12776"
"886434","class","FormatItemPool","12777","internal static class FormatItemPool // TypeDefIndex: 12777"
"886496","class","FormattingInfoPool.","12778","private sealed class FormattingInfoPool.<>c // TypeDefIndex: 12778"
"886517","class","FormattingInfoPool","12779","internal static class FormattingInfoPool // TypeDefIndex: 12779"
"886543","class","ParsingErrorsPool.","12780","private sealed class ParsingErrorsPool.<>c // TypeDefIndex: 12780"
"886564","class","ParsingErrorsPool","12781","internal static class ParsingErrorsPool // TypeDefIndex: 12781"
"886584","class","SplitListPool.","12782","private sealed class SplitListPool.<>c // TypeDefIndex: 12782"
"886605","class","SplitListPool","12783","internal static class SplitListPool // TypeDefIndex: 12783"
"886625","class","StringOutputPool.","12784","private sealed class StringOutputPool.<>c // TypeDefIndex: 12784"
"886646","class","StringOutputPool","12785","internal static class StringOutputPool // TypeDefIndex: 12785"
"886669","class","SystemTime.","12786","private sealed class SystemTime.<>c // TypeDefIndex: 12786"
"886699","class","SystemTime.","12787","private sealed class SystemTime.<>c__DisplayClass1_0 // TypeDefIndex: 12787"
"886715","class","SystemTime.","12788","private sealed class SystemTime.<>c__DisplayClass3_0 // TypeDefIndex: 12788"
"886730","class","SystemTime","12789","internal static class SystemTime // TypeDefIndex: 12789"
"886752","class","FormatDelegate","12790","public class FormatDelegate : IFormattable // TypeDefIndex: 12790"
"886771","class","PluralRules.PluralRuleDelegate","12791","public sealed class PluralRules.PluralRuleDelegate : MulticastDelegate // TypeDefIndex: 12791"
"886791","class","PluralRules.","12792","private sealed class PluralRules.<>c // TypeDefIndex: 12792"
"886899","class","PluralRules","12793","public static class PluralRules // TypeDefIndex: 12793"
"887013","class","TimeSpanUtility","12794","public static class TimeSpanUtility // TypeDefIndex: 12794"
"887057","enum","TimeSpanFormatOptions","12795","public enum TimeSpanFormatOptions // TypeDefIndex: 12795"
"887080","class","TimeSpanFormatOptionsConverter.","12796","private sealed class TimeSpanFormatOptionsConverter.<AllFlags>d__3 : IEnumerable<TimeSpanFormatOptions>, IEnumerable, IEnumerator<TimeSpanFormatOptions>, IEnumerator, IDisposable // TypeDefIndex: 12796"
"887130","class","TimeSpanFormatOptionsConverter","12797","internal static class TimeSpanFormatOptionsConverter // TypeDefIndex: 12797"
"887160","class","TimeTextInfo.","12798","private sealed class TimeTextInfo.<>c // TypeDefIndex: 12798"
"887179","class","TimeTextInfo","12799","public class TimeTextInfo // TypeDefIndex: 12799"
"887216","class","CommonLanguagesTimeTextInfo","12800","public static class CommonLanguagesTimeTextInfo // TypeDefIndex: 12800"
"887233","class","TupleExtensions.","12801","private sealed class TupleExtensions.<>c // TypeDefIndex: 12801"
"887253","class","TupleExtensions.","12802","private sealed class TupleExtensions.<>c__DisplayClass3_0 // TypeDefIndex: 12802"
"887269","class","TupleExtensions.","12803","private sealed class TupleExtensions.<GetValueTupleItemObjectsFlattened>d__6 : IEnumerable<object>, IEnumerable, IEnumerator<object>, IEnumerator, IDisposable // TypeDefIndex: 12803"
"887326","class","TupleExtensions","12804","public static class TupleExtensions // TypeDefIndex: 12804"
"887364","interface","IVariableGroup","12805","public interface IVariableGroup : IVariableGroup // TypeDefIndex: 12805"
"887369","interface","IGlobalVariable","12806","public interface IGlobalVariable : IVariable // TypeDefIndex: 12806"
"887374","interface","IGlobalVariableValueChanged","12807","public interface IGlobalVariableValueChanged : IVariableValueChanged, IVariable // TypeDefIndex: 12807"
"887379","class","NestedGlobalVariablesGroup","12808","public class NestedGlobalVariablesGroup : NestedVariablesGroup // TypeDefIndex: 12808"
"887389","class","GlobalVariablesGroup","12809","public class GlobalVariablesGroup : VariablesGroupAsset // TypeDefIndex: 12809"
"887400","class","GlobalVariable","12810","public class GlobalVariable<T> : Variable<T> // TypeDefIndex: 12810"
"887416","class","FloatGlobalVariable","12811","public class FloatGlobalVariable : FloatVariable // TypeDefIndex: 12811"
"887427","class","StringGlobalVariable","12812","public class StringGlobalVariable : StringVariable // TypeDefIndex: 12812"
"887438","class","IntGlobalVariable","12813","public class IntGlobalVariable : IntVariable // TypeDefIndex: 12813"
"887449","class","BoolGlobalVariable","12814","public class BoolGlobalVariable : BoolVariable // TypeDefIndex: 12814"
"887459","class","ChooseFormatter","12815","public class ChooseFormatter : FormatterBase, IFormatterLiteralExtractor // TypeDefIndex: 12815"
"887495","class","ConditionalFormatter","12816","public class ConditionalFormatter : FormatterBase, IFormatterLiteralExtractor // TypeDefIndex: 12816"
"887526","class","DefaultFormatter","12817","public class DefaultFormatter : FormatterBase // TypeDefIndex: 12817"
"887545","class","DefaultSource","12818","public class DefaultSource : ISource // TypeDefIndex: 12818"
"887558","class","DictionarySource.","12819","private sealed class DictionarySource.<>c__DisplayClass1_0 // TypeDefIndex: 12819"
"887575","class","DictionarySource","12820","public class DictionarySource : ISource // TypeDefIndex: 12820"
"887589","class","GlobalVariablesSource","12821","public class GlobalVariablesSource : PersistentVariablesSource // TypeDefIndex: 12821"
"887599","class","IsMatchFormatter","12822","public class IsMatchFormatter : FormatterBase, IFormatterLiteralExtractor // TypeDefIndex: 12822"
"887634","class","ListFormatter","12823","public class ListFormatter : FormatterBase, ISource, IFormatterLiteralExtractor // TypeDefIndex: 12823"
"887678","class","PersistentVariablesSource.NameValuePair","12824","private class PersistentVariablesSource.NameValuePair // TypeDefIndex: 12824"
"887692","struct","PersistentVariablesSource.ScopedUpdate","12825","public struct PersistentVariablesSource.ScopedUpdate : IDisposable // TypeDefIndex: 12825"
"887703","class","PersistentVariablesSource.","12826","private sealed class PersistentVariablesSource.<>c // TypeDefIndex: 12826"
"887723","class","PersistentVariablesSource.","12827","private sealed class PersistentVariablesSource.<GetEnumerator>d__35 : IEnumerator<object>, IEnumerator, IDisposable // TypeDefIndex: 12827"
"887766","class","PersistentVariablesSource.","12828","private sealed class PersistentVariablesSource.<System-Collections-Generic-IEnumerable<System-Collections-Generic-KeyValuePair<System-String,UnityEngine-Localization-SmartFormat-PersistentVariables-VariablesGroupAsset>>-GetEnumerator>d__34 : IEnumerator<KeyValuePair<string, VariablesGroupAsset>>, IEnumerator, IDisposable // TypeDefIndex: 12828"
"887810","class","PersistentVariablesSource","12829","public class PersistentVariablesSource : ISource, IDictionary<string, VariablesGroupAsset>, ICollection<KeyValuePair<string, VariablesGroupAsset>>, IEnumerable<KeyValuePair<string, VariablesGroupAsset>>, IEnumerable, ISerializationCallbackReceiver // TypeDefIndex: 12829"
"887921","class","PluralLocalizationFormatter","12830","public class PluralLocalizationFormatter : FormatterBase, IFormatterLiteralExtractor // TypeDefIndex: 12830"
"887957","class","CustomPluralRuleProvider","12831","public class CustomPluralRuleProvider : IFormatProvider // TypeDefIndex: 12831"
"887976","class","ReflectionSource.","12832","private sealed class ReflectionSource.<>c__DisplayClass5_0 // TypeDefIndex: 12832"
"887993","class","ReflectionSource","12833","public class ReflectionSource : ISource // TypeDefIndex: 12833"
"888020","enum","SubStringFormatter.SubStringOutOfRangeBehavior","12834","public enum SubStringFormatter.SubStringOutOfRangeBehavior // TypeDefIndex: 12834"
"888031","class","SubStringFormatter","12835","public class SubStringFormatter : FormatterBase // TypeDefIndex: 12835"
"888079","class","TemplateFormatter.Template","12836","private class TemplateFormatter.Template // TypeDefIndex: 12836"
"888106","class","TemplateFormatter","12837","public class TemplateFormatter : FormatterBase // TypeDefIndex: 12837"
"888154","class","TimeFormatter","12838","public class TimeFormatter : FormatterBase // TypeDefIndex: 12838"
"888195","class","ValueTupleSource","12839","public class ValueTupleSource : ISource // TypeDefIndex: 12839"
"888211","class","XElementFormatter","12840","public class XElementFormatter : FormatterBase // TypeDefIndex: 12840"
"888230","class","XmlSource.","12841","private sealed class XmlSource.<>c__DisplayClass1_0 // TypeDefIndex: 12841"
"888246","class","XmlSource","12842","public class XmlSource : ISource // TypeDefIndex: 12842"
"888258","enum","CaseSensitivityType","12843","public enum CaseSensitivityType // TypeDefIndex: 12843"
"888267","enum","ErrorAction","12844","public enum ErrorAction // TypeDefIndex: 12844"
"888279","class","SmartSettings","12845","public class SmartSettings // TypeDefIndex: 12845"
"888337","class","Format.SplitList","12846","internal class Format.SplitList : IList<Format>, ICollection<Format>, IEnumerable<Format>, IEnumerable // TypeDefIndex: 12846"
"888401","class","Format","12847","public class Format : FormatItem // TypeDefIndex: 12847"
"888470","class","FormatItem.PartialCharEnumerator.","12848","private sealed class FormatItem.PartialCharEnumerator.<GetEnumerator>d__4 : IEnumerator<char>, IEnumerator, IDisposable // TypeDefIndex: 12848"
"888509","struct","FormatItem.PartialCharEnumerator","12849","private struct FormatItem.PartialCharEnumerator : IEnumerable<char>, IEnumerable // TypeDefIndex: 12849"
"888530","class","FormatItem","12850","public abstract class FormatItem // TypeDefIndex: 12850"
"888581","class","LiteralText","12851","public class LiteralText : FormatItem // TypeDefIndex: 12851"
"888596","enum","Parser.ParsingError","12852","public enum Parser.ParsingError // TypeDefIndex: 12852"
"888608","class","Parser.ParsingErrorText","12853","internal class Parser.ParsingErrorText // TypeDefIndex: 12853"
"888627","class","Parser.","12854","private sealed class Parser.<>c__DisplayClass24_0 // TypeDefIndex: 12854"
"888640","class","Parser.","12855","private sealed class Parser.<>c__DisplayClass24_1 // TypeDefIndex: 12855"
"888657","class","Parser.","12856","private sealed class Parser.<>c__DisplayClass24_2 // TypeDefIndex: 12856"
"888674","class","Parser","12857","public class Parser // TypeDefIndex: 12857"
"888757","class","ParsingErrorEventArgs","12858","public class ParsingErrorEventArgs : EventArgs // TypeDefIndex: 12858"
"888792","class","ParsingErrors.ParsingIssue","12859","public class ParsingErrors.ParsingIssue // TypeDefIndex: 12859"
"888828","class","ParsingErrors.","12860","private sealed class ParsingErrors.<>c // TypeDefIndex: 12860"
"888851","class","ParsingErrors","12861","public class ParsingErrors : Exception // TypeDefIndex: 12861"
"888893","class","Placeholder","12862","public class Placeholder : FormatItem // TypeDefIndex: 12862"
"888974","class","Selector","12863","public class Selector : FormatItem // TypeDefIndex: 12863"
"889007","interface","IOutput","12864","public interface IOutput // TypeDefIndex: 12864"
"889019","class","StringOutput","12865","public class StringOutput : IOutput // TypeDefIndex: 12865"
"889052","class","TextWriterOutput","12866","public class TextWriterOutput : IOutput // TypeDefIndex: 12866"
"889078","class","DataNotReadyException","12867","internal class DataNotReadyException : Exception // TypeDefIndex: 12867"
"889105","class","FormatCache","12868","public class FormatCache // TypeDefIndex: 12868"
"889155","class","FormatDetails","12869","public class FormatDetails // TypeDefIndex: 12869"
"889255","class","FormattingException","12870","public class FormattingException : Exception // TypeDefIndex: 12870"
"889303","class","FormattingInfo","12871","public class FormattingInfo : IFormattingInfo, ISelectorInfo // TypeDefIndex: 12871"
"889450","class","FormatterBase","12872","public abstract class FormatterBase : IFormatter, ISerializationCallbackReceiver // TypeDefIndex: 12872"
"889485","interface","IFormatter","12873","public interface IFormatter // TypeDefIndex: 12873"
"889503","interface","IFormatterLiteralExtractor","12874","public interface IFormatterLiteralExtractor // TypeDefIndex: 12874"
"889512","interface","IFormattingInfo","12875","public interface IFormattingInfo // TypeDefIndex: 12875"
"889558","interface","ISelectorInfo","12876","public interface ISelectorInfo // TypeDefIndex: 12876"
"889599","interface","ISource","12877","public interface ISource // TypeDefIndex: 12877"
"889610","class","Variable.UxmlSerializedData","12878","public class Variable.UxmlSerializedData<T> : UxmlSerializedData // TypeDefIndex: 12878"
"889804","class","Variable","12879","public class Variable<T> : IVariableValueChanged, IVariable // TypeDefIndex: 12879"
"890266","class","BoolVariable.UxmlSerializedData","12880","public class BoolVariable.UxmlSerializedData : Variable.UxmlSerializedData<bool> // TypeDefIndex: 12880"
"890286","class","BoolVariable","12881","public class BoolVariable : Variable<bool> // TypeDefIndex: 12881"
"890298","class","SByteVariable.UxmlSerializedData","12882","public class SByteVariable.UxmlSerializedData : Variable.UxmlSerializedData<sbyte> // TypeDefIndex: 12882"
"890318","class","SByteVariable","12883","public class SByteVariable : Variable<sbyte> // TypeDefIndex: 12883"
"890330","class","ByteVariable.UxmlSerializedData","12884","public class ByteVariable.UxmlSerializedData : Variable.UxmlSerializedData<byte> // TypeDefIndex: 12884"
"890350","class","ByteVariable","12885","public class ByteVariable : Variable<byte> // TypeDefIndex: 12885"
"890362","class","ShortVariable.UxmlSerializedData","12886","public class ShortVariable.UxmlSerializedData : Variable.UxmlSerializedData<short> // TypeDefIndex: 12886"
"890382","class","ShortVariable","12887","public class ShortVariable : Variable<short> // TypeDefIndex: 12887"
"890394","class","UShortVariable.UxmlSerializedData","12888","public class UShortVariable.UxmlSerializedData : Variable.UxmlSerializedData<ushort> // TypeDefIndex: 12888"
"890414","class","UShortVariable","12889","public class UShortVariable : Variable<ushort> // TypeDefIndex: 12889"
"890426","class","IntVariable.UxmlSerializedData","12890","public class IntVariable.UxmlSerializedData : Variable.UxmlSerializedData<int> // TypeDefIndex: 12890"
"890446","class","IntVariable","12891","public class IntVariable : Variable<int> // TypeDefIndex: 12891"
"890458","class","UIntVariable.UxmlSerializedData","12892","public class UIntVariable.UxmlSerializedData : Variable.UxmlSerializedData<uint> // TypeDefIndex: 12892"
"890478","class","UIntVariable","12893","public class UIntVariable : Variable<uint> // TypeDefIndex: 12893"
"890490","class","LongVariable.UxmlSerializedData","12894","public class LongVariable.UxmlSerializedData : Variable.UxmlSerializedData<long> // TypeDefIndex: 12894"
"890510","class","LongVariable","12895","public class LongVariable : Variable<long> // TypeDefIndex: 12895"
"890522","class","ULongVariable.UxmlSerializedData","12896","public class ULongVariable.UxmlSerializedData : Variable.UxmlSerializedData<ulong> // TypeDefIndex: 12896"
"890542","class","ULongVariable","12897","public class ULongVariable : Variable<ulong> // TypeDefIndex: 12897"
"890554","class","StringVariable.UxmlSerializedData","12898","public class StringVariable.UxmlSerializedData : Variable.UxmlSerializedData<string> // TypeDefIndex: 12898"
"890574","class","StringVariable","12899","public class StringVariable : Variable<string> // TypeDefIndex: 12899"
"890586","class","FloatVariable.UxmlSerializedData","12900","public class FloatVariable.UxmlSerializedData : Variable.UxmlSerializedData<float> // TypeDefIndex: 12900"
"890606","class","FloatVariable","12901","public class FloatVariable : Variable<float> // TypeDefIndex: 12901"
"890618","class","DoubleVariable.UxmlSerializedData","12902","public class DoubleVariable.UxmlSerializedData : Variable.UxmlSerializedData<double> // TypeDefIndex: 12902"
"890638","class","DoubleVariable","12903","public class DoubleVariable : Variable<double> // TypeDefIndex: 12903"
"890650","class","ObjectVariable.UxmlSerializedData","12904","public class ObjectVariable.UxmlSerializedData : Variable.UxmlSerializedData<Object> // TypeDefIndex: 12904"
"890670","class","ObjectVariable","12905","public class ObjectVariable : Variable<Object> // TypeDefIndex: 12905"
"890679","interface","IVariableGroup","12906","public interface IVariableGroup // TypeDefIndex: 12906"
"890688","interface","IVariable","12907","public interface IVariable // TypeDefIndex: 12907"
"890697","interface","IMetadataVariable","12908","public interface IMetadataVariable : IVariable // TypeDefIndex: 12908"
"890709","interface","IVariableValueChanged","12909","public interface IVariableValueChanged : IVariable // TypeDefIndex: 12909"
"890724","class","NestedVariablesGroup","12910","public class NestedVariablesGroup : Variable<VariablesGroupAsset>, IVariableGroup // TypeDefIndex: 12910"
"890737","class","VariableNameValuePair","12911","internal class VariableNameValuePair // TypeDefIndex: 12911"
"890756","class","VariablesGroupAsset.","12912","private sealed class VariablesGroupAsset.<>c // TypeDefIndex: 12912"
"890776","class","VariablesGroupAsset.","12913","private sealed class VariablesGroupAsset.<GetEnumerator>d__23 : IEnumerator<object>, IEnumerator, IDisposable // TypeDefIndex: 12913"
"890819","class","VariablesGroupAsset.","12914","private sealed class VariablesGroupAsset.<System-Collections-Generic-IEnumerable<System-Collections-Generic-KeyValuePair<System-String,UnityEngine-Localization-SmartFormat-PersistentVariables-IVariable>>-GetEnumerator>d__22 : IEnumerator<KeyValuePair<string, IVariable>>, IEnumerator, IDisposable // TypeDefIndex: 12914"
"890863","class","VariablesGroupAsset","12915","public class VariablesGroupAsset : ScriptableObject, IVariableGroup, IVariable, IDictionary<string, IVariable>, ICollection<KeyValuePair<string, IVariable>>, IEnumerable<KeyValuePair<string, IVariable>>, IEnumerable, ISerializationCallbackReceiver // TypeDefIndex: 12915"
"890953","class","AppInfo","12916","public class AppInfo : IMetadata // TypeDefIndex: 12916"
"891037","class","AppInfo","12917","public class AppInfo : IMetadata // TypeDefIndex: 12917"
"891062","class","AdaptiveIcon","12918","public class AdaptiveIcon // TypeDefIndex: 12918"
"891096","class","AdaptiveIconsInfo","12919","public class AdaptiveIconsInfo : IMetadata // TypeDefIndex: 12919"
"891170","class","RoundIconsInfo","12920","public class RoundIconsInfo : IMetadata // TypeDefIndex: 12920"
"891244","class","LegacyIconsInfo","12921","public class LegacyIconsInfo : IMetadata // TypeDefIndex: 12921"
"891317","class","GetLocalizedStringOperation.","12922","private sealed class GetLocalizedStringOperation.<>c // TypeDefIndex: 12922"
"891335","class","GetLocalizedStringOperation","12923","internal class GetLocalizedStringOperation : WaitForCurrentOperationAsyncOperationBase<string> // TypeDefIndex: 12923"
"891375","class","GetTableEntryOperation.","12924","private sealed class GetTableEntryOperation.<>c<TTable, TEntry> // TypeDefIndex: 12924"
"891408","class","GetTableEntryOperation","12925","internal class GetTableEntryOperation<TTable, TEntry> : WaitForCurrentOperationAsyncOperationBase<LocalizedDatabase.TableEntryResult<TTable, TEntry>> // TypeDefIndex: 12925"
"891524","class","InitializationOperation.UnloadBundlesOperation","12926","private class InitializationOperation.UnloadBundlesOperation : AsyncOperationBase<object> // TypeDefIndex: 12926"
"891551","class","InitializationOperation.","12927","private sealed class InitializationOperation.<>c // TypeDefIndex: 12927"
"891569","class","InitializationOperation","12928","internal class InitializationOperation : WaitForCurrentOperationAsyncOperationBase<LocalizationSettings> // TypeDefIndex: 12928"
"891649","class","LoadAllTablesOperation.","12929","private sealed class LoadAllTablesOperation.<>c<TTable, TEntry> // TypeDefIndex: 12929"
"891682","class","LoadAllTablesOperation","12930","internal class LoadAllTablesOperation<TTable, TEntry> : WaitForCurrentOperationAsyncOperationBase<IList<TTable>> // TypeDefIndex: 12930"
"891745","class","LoadAssetOperation.","12931","private sealed class LoadAssetOperation.<>c<TObject> // TypeDefIndex: 12931"
"891778","class","LoadAssetOperation","12932","internal class LoadAssetOperation<TObject> : WaitForCurrentOperationAsyncOperationBase<TObject> // TypeDefIndex: 12932"
"891849","class","LoadSubAssetOperation.","12933","private sealed class LoadSubAssetOperation.<>c<TObject> // TypeDefIndex: 12933"
"891882","class","LoadSubAssetOperation","12934","internal class LoadSubAssetOperation<TObject> : WaitForCurrentOperationAsyncOperationBase<TObject> // TypeDefIndex: 12934"
"891947","class","LoadTableOperation.","12935","private sealed class LoadTableOperation.<>c<TTable, TEntry> // TypeDefIndex: 12935"
"891980","class","LoadTableOperation","12936","internal class LoadTableOperation<TTable, TEntry> : WaitForCurrentOperationAsyncOperationBase<TTable> // TypeDefIndex: 12936"
"892127","class","LocalizationGroupOperation.","12937","private sealed class LocalizationGroupOperation.<>c // TypeDefIndex: 12937"
"892145","class","LocalizationGroupOperation","12938","internal class LocalizationGroupOperation : GroupOperation // TypeDefIndex: 12938"
"892168","class","PreloadDatabaseOperation.","12939","private sealed class PreloadDatabaseOperation.<>c<TTable, TEntry> // TypeDefIndex: 12939"
"892201","class","PreloadDatabaseOperation","12940","internal class PreloadDatabaseOperation<TTable, TEntry> : WaitForCurrentOperationAsyncOperationBase<LocalizedDatabase<TTable, TEntry>> // TypeDefIndex: 12940"
"892315","class","PreloadLocaleOperation.","12941","private sealed class PreloadLocaleOperation.<>c<TTable, TEntry> // TypeDefIndex: 12941"
"892348","class","PreloadLocaleOperation","12942","internal class PreloadLocaleOperation<TTable, TEntry> : WaitForCurrentOperationAsyncOperationBase<LocalizedDatabase<TTable, TEntry>> // TypeDefIndex: 12942"
"892480","class","PreloadTablesOperation.","12943","private sealed class PreloadTablesOperation.<>c<TTable, TEntry> // TypeDefIndex: 12943"
"892513","class","PreloadTablesOperation","12944","internal class PreloadTablesOperation<TTable, TEntry> : WaitForCurrentOperationAsyncOperationBase<LocalizedDatabase<TTable, TEntry>> // TypeDefIndex: 12944"
"892605","class","WaitForCurrentOperationAsyncOperationBase","12945","internal abstract class WaitForCurrentOperationAsyncOperationBase<TObject> : AsyncOperationBase<TObject> // TypeDefIndex: 12945"
"892725","class","UnityEventAudioClip","12946","public class UnityEventAudioClip : UnityEvent<AudioClip> // TypeDefIndex: 12946"
"892735","class","UnityEventGameObject","12947","public class UnityEventGameObject : UnityEvent<GameObject> // TypeDefIndex: 12947"
"892745","class","UnityEventSprite","12948","public class UnityEventSprite : UnityEvent<Sprite> // TypeDefIndex: 12948"
"892755","class","UnityEventString","12949","public class UnityEventString : UnityEvent<string> // TypeDefIndex: 12949"
"892765","class","UnityEventTexture","12950","public class UnityEventTexture : UnityEvent<Texture> // TypeDefIndex: 12950"
"892775","class","LocalizeAudioClipEvent","12951","public class LocalizeAudioClipEvent : LocalizedAssetEvent<AudioClip, LocalizedAudioClip, UnityEventAudioClip> // TypeDefIndex: 12951"
"892785","class","LocalizeSpriteEvent","12952","public class LocalizeSpriteEvent : LocalizedAssetEvent<Sprite, LocalizedSprite, UnityEventSprite> // TypeDefIndex: 12952"
"892795","class","LocalizeStringEvent","12953","public class LocalizeStringEvent : LocalizedMonoBehaviour // TypeDefIndex: 12953"
"892860","class","LocalizeTextureEvent","12954","public class LocalizeTextureEvent : LocalizedAssetEvent<Texture, LocalizedTexture, UnityEventTexture> // TypeDefIndex: 12954"
"892870","class","LocalizedAssetBehaviour","12955","public abstract class LocalizedAssetBehaviour<TObject, TReference> : LocalizedMonoBehaviour // TypeDefIndex: 12955"
"892964","class","LocalizedAssetEvent","12956","public class LocalizedAssetEvent<TObject, TReference, TEvent> : LocalizedAssetBehaviour<TObject, TReference> // TypeDefIndex: 12956"
"893010","class","LocalizedGameObjectEvent","12957","public class LocalizedGameObjectEvent : LocalizedAssetEvent<GameObject, LocalizedGameObject, UnityEventGameObject> // TypeDefIndex: 12957"
"893026","class","LocalizedMonoBehaviour","12958","public class LocalizedMonoBehaviour : MonoBehaviour // TypeDefIndex: 12958"
"893036","enum","MetadataType","12959","public enum MetadataType // TypeDefIndex: 12959"
"893057","class","MetadataTypeAttribute","12960","internal class MetadataTypeAttribute : PropertyAttribute // TypeDefIndex: 12960"
"893082","class","MetadataAttribute","12961","public class MetadataAttribute : Attribute // TypeDefIndex: 12961"
"893129","class","AssetTypeMetadata","12962","internal class AssetTypeMetadata : SharedTableCollectionMetadata // TypeDefIndex: 12962"
"893164","class","Comment","12963","public class Comment : IMetadata // TypeDefIndex: 12963"
"893192","class","ExcludeEntryFromExport","12964","public class ExcludeEntryFromExport : IMetadata // TypeDefIndex: 12964"
"893203","class","FallbackLocale","12965","public class FallbackLocale : IMetadata // TypeDefIndex: 12965"
"893231","interface","IMetadata","12966","public interface IMetadata // TypeDefIndex: 12966"
"893236","interface","ISharedMetadata","12967","public interface ISharedMetadata : IMetadata // TypeDefIndex: 12967"
"893251","interface","IMetadataCollection","12968","public interface IMetadataCollection // TypeDefIndex: 12968"
"893297","class","MetadataCollection","12969","public class MetadataCollection : IMetadataCollection // TypeDefIndex: 12969"
"893364","enum","EntryOverrideType","12970","public enum EntryOverrideType // TypeDefIndex: 12970"
"893375","interface","IEntryOverride","12971","public interface IEntryOverride : IMetadata // TypeDefIndex: 12971"
"893385","class","PlatformOverride.PlatformOverrideData","12972","private class PlatformOverride.PlatformOverrideData // TypeDefIndex: 12972"
"893405","class","PlatformOverride","12973","public class PlatformOverride : IEntryOverride, IMetadata, ISerializationCallbackReceiver // TypeDefIndex: 12973"
"893443","enum","PreloadAssetTableMetadata.PreloadBehaviour","12974","public enum PreloadAssetTableMetadata.PreloadBehaviour // TypeDefIndex: 12974"
"893454","class","PreloadAssetTableMetadata","12975","public class PreloadAssetTableMetadata : IMetadata // TypeDefIndex: 12975"
"893477","class","SharedTableCollectionMetadata.Item","12976","private class SharedTableCollectionMetadata.Item // TypeDefIndex: 12976"
"893509","class","SharedTableCollectionMetadata","12977","public abstract class SharedTableCollectionMetadata : IMetadata, ISerializationCallbackReceiver // TypeDefIndex: 12977"
"893559","struct","SharedTableEntryMetadata.Entry","12978","private struct SharedTableEntryMetadata.Entry // TypeDefIndex: 12978"
"893566","class","SharedTableEntryMetadata","12979","public abstract class SharedTableEntryMetadata : IMetadata, ISerializationCallbackReceiver // TypeDefIndex: 12979"
"893605","class","SmartFormatTag","12980","public class SmartFormatTag : SharedTableEntryMetadata // TypeDefIndex: 12980"
"893615","class","CustomTrackedObjectAttribute","12981","public class CustomTrackedObjectAttribute : Attribute // TypeDefIndex: 12981"
"893643","class","GameObjectLocalizer.","12982","private sealed class GameObjectLocalizer.<Start>d__10 : IEnumerator<object>, IEnumerator, IDisposable // TypeDefIndex: 12982"
"893684","class","GameObjectLocalizer","12983","public class GameObjectLocalizer : MonoBehaviour // TypeDefIndex: 12983"
"893760","interface","IStringProperty","12984","public interface IStringProperty : ITrackedProperty // TypeDefIndex: 12984"
"893775","interface","ITrackedProperty","12985","public interface ITrackedProperty // TypeDefIndex: 12985"
"893794","class","LocalizedAssetProperty","12986","public class LocalizedAssetProperty : ITrackedProperty // TypeDefIndex: 12986"
"893829","class","LocalizedStringProperty","12987","public class LocalizedStringProperty : ITrackedProperty // TypeDefIndex: 12987"
"893863","interface","ITrackedPropertyValue","12988","public interface ITrackedPropertyValue<T> : ITrackedProperty // TypeDefIndex: 12988"
"893893","interface","ITrackedPropertyRemoveVariant","12989","internal interface ITrackedPropertyRemoveVariant // TypeDefIndex: 12989"
"893903","class","TrackedProperty.LocaleIdentifierValuePair","12990","internal class TrackedProperty.LocaleIdentifierValuePair<TPrimitive> // TypeDefIndex: 12990"
"893961","class","TrackedProperty","12991","public class TrackedProperty<TPrimitive> : ITrackedPropertyValue<TPrimitive>, ITrackedProperty, IStringProperty, ISerializationCallbackReceiver, ITrackedPropertyRemoveVariant // TypeDefIndex: 12991"
"894730","class","ByteTrackedProperty","12992","public class ByteTrackedProperty : TrackedProperty<byte> // TypeDefIndex: 12992"
"894740","class","SByteTrackedProperty","12993","public class SByteTrackedProperty : TrackedProperty<sbyte> // TypeDefIndex: 12993"
"894750","class","CharTrackedProperty","12994","public class CharTrackedProperty : TrackedProperty<char> // TypeDefIndex: 12994"
"894760","class","ShortTrackedProperty","12995","public class ShortTrackedProperty : TrackedProperty<short> // TypeDefIndex: 12995"
"894770","class","UShortTrackedProperty","12996","public class UShortTrackedProperty : TrackedProperty<ushort> // TypeDefIndex: 12996"
"894780","class","IntTrackedProperty","12997","public class IntTrackedProperty : TrackedProperty<int> // TypeDefIndex: 12997"
"894790","class","UIntTrackedProperty","12998","public class UIntTrackedProperty : TrackedProperty<uint> // TypeDefIndex: 12998"
"894800","class","LongTrackedProperty","12999","public class LongTrackedProperty : TrackedProperty<long> // TypeDefIndex: 12999"
"894810","class","ULongTrackedProperty","13000","public class ULongTrackedProperty : TrackedProperty<ulong> // TypeDefIndex: 13000"
"894820","class","FloatTrackedProperty","13001","public class FloatTrackedProperty : TrackedProperty<float> // TypeDefIndex: 13001"
"894830","class","DoubleTrackedProperty","13002","public class DoubleTrackedProperty : TrackedProperty<double> // TypeDefIndex: 13002"
"894840","class","ArraySizeTrackedProperty","13003","public class ArraySizeTrackedProperty : UIntTrackedProperty // TypeDefIndex: 13003"
"894850","class","EnumTrackedProperty","13004","public class EnumTrackedProperty : IntTrackedProperty // TypeDefIndex: 13004"
"894860","class","BoolTrackedProperty","13005","public class BoolTrackedProperty : TrackedProperty<bool> // TypeDefIndex: 13005"
"894876","class","StringTrackedProperty","13006","public class StringTrackedProperty : TrackedProperty<string> // TypeDefIndex: 13006"
"894892","class","UnityObjectProperty.LocaleIdentifierValuePair","13007","internal class UnityObjectProperty.LocaleIdentifierValuePair // TypeDefIndex: 13007"
"894906","class","UnityObjectProperty","13008","public class UnityObjectProperty : ITrackedPropertyValue<Object>, ITrackedProperty, ISerializationCallbackReceiver // TypeDefIndex: 13008"
"894965","enum","JsonSerializerTrackedObject.ApplyChangesMethod","13009","public enum JsonSerializerTrackedObject.ApplyChangesMethod // TypeDefIndex: 13009"
"894976","class","JsonSerializerTrackedObject.DeferredJsonStringOperation.","13010","private sealed class JsonSerializerTrackedObject.DeferredJsonStringOperation.<>c // TypeDefIndex: 13010"
"894994","class","JsonSerializerTrackedObject.DeferredJsonStringOperation","13011","private class JsonSerializerTrackedObject.DeferredJsonStringOperation // TypeDefIndex: 13011"
"895016","class","JsonSerializerTrackedObject.DeferredJsonObjectOperation.","13012","private sealed class JsonSerializerTrackedObject.DeferredJsonObjectOperation.<>c // TypeDefIndex: 13012"
"895034","class","JsonSerializerTrackedObject.DeferredJsonObjectOperation","13013","private class JsonSerializerTrackedObject.DeferredJsonObjectOperation // TypeDefIndex: 13013"
"895054","struct","JsonSerializerTrackedObject.ArrayResult","13014","internal struct JsonSerializerTrackedObject.ArrayResult // TypeDefIndex: 13014"
"895083","class","JsonSerializerTrackedObject.","13015","private sealed class JsonSerializerTrackedObject.<>c__DisplayClass8_0 // TypeDefIndex: 13015"
"895104","class","JsonSerializerTrackedObject","13016","public abstract class JsonSerializerTrackedObject : TrackedObject // TypeDefIndex: 13016"
"895151","class","TrackedMeshFilter","13017","public class TrackedMeshFilter : TrackedObject // TypeDefIndex: 13017"
"895178","class","TrackedMonoBehaviourObject","13018","public class TrackedMonoBehaviourObject : JsonSerializerTrackedObject // TypeDefIndex: 13018"
"895201","class","TrackedObject.TrackedPropertiesCollection","13019","internal class TrackedObject.TrackedPropertiesCollection // TypeDefIndex: 13019"
"895215","class","TrackedObject","13020","public abstract class TrackedObject : ISerializationCallbackReceiver // TypeDefIndex: 13020"
"895291","class","TrackedRectTransform","13021","public class TrackedRectTransform : TrackedTransform // TypeDefIndex: 13021"
"895360","class","TrackedTmpDropdown","13022","public class TrackedTmpDropdown : JsonSerializerTrackedObject // TypeDefIndex: 13022"
"895375","class","TrackedTransform","13023","public class TrackedTransform : TrackedObject // TypeDefIndex: 13023"
"895442","class","TrackedUGuiGraphic","13024","public class TrackedUGuiGraphic : JsonSerializerTrackedObject // TypeDefIndex: 13024"
"895457","class","TrackedUGuiDropdown","13025","public class TrackedUGuiDropdown : JsonSerializerTrackedObject // TypeDefIndex: 13025"
"895472","class","TrackedLayoutGroup","13026","public class TrackedLayoutGroup : JsonSerializerTrackedObject // TypeDefIndex: 13026"
"895517","class","EmbeddedAttribute","13032","internal sealed class EmbeddedAttribute : Attribute // TypeDefIndex: 13032"
"895529","class","NullableAttribute","13033","internal sealed class NullableAttribute : Attribute // TypeDefIndex: 13033"
"895547","class","NullableContextAttribute","13034","internal sealed class NullableContextAttribute : Attribute // TypeDefIndex: 13034"
"895561","class","NativeTextGenerationSettings.","13035","private sealed class NativeTextGenerationSettings.<>c // TypeDefIndex: 13035"
"895583","struct","NativeTextGenerationSettings","13036","internal struct NativeTextGenerationSettings // TypeDefIndex: 13036"
"895630","struct","TextSpan","13037","internal struct TextSpan // TypeDefIndex: 13037"
"895650","enum","HorizontalAlignment","13038","internal enum HorizontalAlignment // TypeDefIndex: 13038"
"895662","enum","VerticalAlignment","13039","internal enum VerticalAlignment // TypeDefIndex: 13039"
"895673","enum","LanguageDirection","13040","internal enum LanguageDirection // TypeDefIndex: 13040"
"895683","enum","WhiteSpace","13041","internal enum WhiteSpace // TypeDefIndex: 13041"
"895695","enum","TextOverflow","13042","internal enum TextOverflow // TypeDefIndex: 13042"
"895704","enum","RichTextTagParser.TagType","13043","public enum RichTextTagParser.TagType // TypeDefIndex: 13043"
"895744","class","RichTextTagParser.TagTypeInfo","13044","internal class RichTextTagParser.TagTypeInfo : IEquatable<RichTextTagParser.TagTypeInfo> // TypeDefIndex: 13044"
"895789","enum","RichTextTagParser.TagValueType","13045","internal enum RichTextTagParser.TagValueType // TypeDefIndex: 13045"
"895800","enum","RichTextTagParser.TagUnitType","13046","internal enum RichTextTagParser.TagUnitType // TypeDefIndex: 13046"
"895812","class","RichTextTagParser.TagValue","13047","internal class RichTextTagParser.TagValue : IEquatable<RichTextTagParser.TagValue> // TypeDefIndex: 13047"
"895871","struct","RichTextTagParser.Tag","13048","internal struct RichTextTagParser.Tag // TypeDefIndex: 13048"
"895883","struct","RichTextTagParser.Segment","13049","public struct RichTextTagParser.Segment // TypeDefIndex: 13049"
"895895","class","RichTextTagParser.ParseError","13050","internal class RichTextTagParser.ParseError : IEquatable<RichTextTagParser.ParseError> // TypeDefIndex: 13050"
"895939","class","RichTextTagParser","13051","internal static class RichTextTagParser // TypeDefIndex: 13051"
"895987","struct","ATGMeshInfo","13052","internal struct ATGMeshInfo // TypeDefIndex: 13052"
"896003","class","Character","13053","public class Character : TextElement // TypeDefIndex: 13053"
"896018","class","ColorUtilities","13054","internal static class ColorUtilities // TypeDefIndex: 13054"
"896030","class","FastAction","13055","public class FastAction // TypeDefIndex: 13055"
"896043","class","FastAction","13056","public class FastAction<A> // TypeDefIndex: 13056"
"896067","class","FastAction","13057","public class FastAction<A, B> // TypeDefIndex: 13057"
"896099","class","FastAction","13058","public class FastAction<A, B, C> // TypeDefIndex: 13058"
"896120","enum","OTL_FeatureTag","13059","public enum OTL_FeatureTag // TypeDefIndex: 13059"
"896133","class","FontFeatureTable.","13060","private sealed class FontFeatureTable.<>c // TypeDefIndex: 13060"
"896173","class","FontFeatureTable","13061","public class FontFeatureTable // TypeDefIndex: 13061"
"896221","struct","Extents","13062","internal struct Extents // TypeDefIndex: 13062"
"896235","struct","LineInfo","13063","internal struct LineInfo // TypeDefIndex: 13063"
"896263","struct","LinkInfo","13064","internal struct LinkInfo // TypeDefIndex: 13064"
"896289","class","MaterialManager","13065","internal static class MaterialManager // TypeDefIndex: 13065"
"896310","struct","MaterialReference","13066","internal struct MaterialReference // TypeDefIndex: 13066"
"896335","class","MaterialReferenceManager","13067","internal class MaterialReferenceManager // TypeDefIndex: 13067"
"896408","struct","MeshInfoBindings","13068","internal struct MeshInfoBindings // TypeDefIndex: 13068"
"896418","struct","MeshInfo","13069","internal struct MeshInfo // TypeDefIndex: 13069"
"896449","struct","NativeTextElementInfo","13070","internal struct NativeTextElementInfo // TypeDefIndex: 13070"
"896462","struct","NativeTextInfo","13071","internal struct NativeTextInfo // TypeDefIndex: 13071"
"896470","enum","TextFontWeight","13072","public enum TextFontWeight // TypeDefIndex: 13072"
"896487","struct","FontWeightPair","13073","public struct FontWeightPair // TypeDefIndex: 13073"
"896497","struct","FontAssetCreationEditorSettings","13074","public struct FontAssetCreationEditorSettings // TypeDefIndex: 13074"
"896520","enum","AtlasPopulationMode","13075","public enum AtlasPopulationMode // TypeDefIndex: 13075"
"896532","class","FontAsset.","13076","private sealed class FontAsset.<>c // TypeDefIndex: 13076"
"896558","class","FontAsset","13077","public class FontAsset : TextAsset // TypeDefIndex: 13077"
"897298","class","FontAssetFactory","13078","internal class FontAssetFactory // TypeDefIndex: 13078"
"897319","class","FontAssetUtilities","13079","internal static class FontAssetUtilities // TypeDefIndex: 13079"
"897357","class","SpriteAsset.","13080","private sealed class SpriteAsset.<>c // TypeDefIndex: 13080"
"897382","class","SpriteAsset","13081","public class SpriteAsset : TextAsset // TypeDefIndex: 13081"
"897513","class","SpriteCharacter","13082","public class SpriteCharacter : TextElement // TypeDefIndex: 13082"
"897533","class","SpriteGlyph","13083","public class SpriteGlyph : Glyph // TypeDefIndex: 13083"
"897547","class","TextAsset","13084","public abstract class TextAsset : ScriptableObject // TypeDefIndex: 13084"
"897600","enum","ColorGradientMode","13085","public enum ColorGradientMode // TypeDefIndex: 13085"
"897614","class","TextColorGradient","13086","public class TextColorGradient : ScriptableObject // TypeDefIndex: 13086"
"897642","struct","TextSettings.FontReferenceMap","13087","internal struct TextSettings.FontReferenceMap // TypeDefIndex: 13087"
"897656","class","TextSettings.","13088","private sealed class TextSettings.<>c__DisplayClass96_0 // TypeDefIndex: 13088"
"897681","class","TextSettings","13089","public class TextSettings : ScriptableObject // TypeDefIndex: 13089"
"897944","class","TextStyle","13090","public class TextStyle // TypeDefIndex: 13090"
"897992","class","TextStyleSheet","13091","public class TextStyleSheet : ScriptableObject // TypeDefIndex: 13091"
"898031","struct","TextCoreVertex","13092","internal struct TextCoreVertex // TypeDefIndex: 13092"
"898041","enum","TextElementType","13093","public enum TextElementType // TypeDefIndex: 13093"
"898051","class","TextElement","13094","public abstract class TextElement // TypeDefIndex: 13094"
"898113","struct","TextVertex","13095","internal struct TextVertex // TypeDefIndex: 13095"
"898124","struct","TextElementInfo","13096","internal struct TextElementInfo // TypeDefIndex: 13096"
"898176","class","TextEventManager","13097","public static class TextEventManager // TypeDefIndex: 13097"
"898202","class","TextGenerator.MissingCharacterEventCallback","13098","public sealed class TextGenerator.MissingCharacterEventCallback : MulticastDelegate // TypeDefIndex: 13098"
"898214","struct","TextGenerator.SpecialCharacter","13099","protected struct TextGenerator.SpecialCharacter // TypeDefIndex: 13099"
"898230","class","TextGenerator","13100","internal class TextGenerator // TypeDefIndex: 13100"
"898524","class","TextGenerationSettings","13101","internal class TextGenerationSettings : IEquatable<TextGenerationSettings> // TypeDefIndex: 13101"
"898611","enum","TextAlignment","13102","internal enum TextAlignment // TypeDefIndex: 13102"
"898655","enum","FontStyles","13103","public enum FontStyles // TypeDefIndex: 13103"
"898674","enum","TextOverflowMode","13104","internal enum TextOverflowMode // TypeDefIndex: 13104"
"898688","enum","TextWrappingMode","13105","internal enum TextWrappingMode // TypeDefIndex: 13105"
"898699","struct","RenderedText.Enumerator","13106","public struct RenderedText.Enumerator // TypeDefIndex: 13106"
"898725","struct","RenderedText","13107","internal struct RenderedText : IEquatable<RenderedText>, IEquatable<string> // TypeDefIndex: 13107"
"898775","struct","RichTextTagAttribute","13108","internal struct RichTextTagAttribute // TypeDefIndex: 13108"
"898788","struct","TextProcessingElement","13109","internal struct TextProcessingElement // TypeDefIndex: 13109"
"898799","struct","TextBackingContainer","13110","internal struct TextBackingContainer // TypeDefIndex: 13110"
"898835","struct","CharacterSubstitution","13111","internal struct CharacterSubstitution // TypeDefIndex: 13111"
"898848","struct","Offset","13112","internal struct Offset // TypeDefIndex: 13112"
"898901","struct","HighlightState","13113","internal struct HighlightState // TypeDefIndex: 13113"
"898926","struct","WordWrapState","13114","internal struct WordWrapState // TypeDefIndex: 13114"
"898999","class","TextGeneratorUtilities","13115","internal static class TextGeneratorUtilities // TypeDefIndex: 13115"
"899177","class","TextLib.BindingsMarshaller","13116","internal static class TextLib.BindingsMarshaller // TypeDefIndex: 13116"
"899188","class","TextLib","13117","internal class TextLib // TypeDefIndex: 13117"
"899235","class","TextGenerationInfo","13118","internal static class TextGenerationInfo // TypeDefIndex: 13118"
"899250","class","TextSelectionService","13119","internal class TextSelectionService // TypeDefIndex: 13119"
"899354","class","TextHandle.","13120","private sealed class TextHandle.<>c // TypeDefIndex: 13120"
"899395","class","TextHandle","13121","internal class TextHandle // TypeDefIndex: 13121"
"899677","class","TextHandlePermanentCache","13122","internal class TextHandlePermanentCache // TypeDefIndex: 13122"
"899698","class","TextHandleTemporaryCache","13123","internal class TextHandleTemporaryCache // TypeDefIndex: 13123"
"899732","struct","WordInfo","13124","internal struct WordInfo // TypeDefIndex: 13124"
"899742","class","TextInfo","13125","internal class TextInfo // TypeDefIndex: 13125"
"899871","enum","MarkupTag","13126","internal enum MarkupTag // TypeDefIndex: 13126"
"900035","enum","TagValueType","13127","internal enum TagValueType // TypeDefIndex: 13127"
"900046","enum","TagUnitType","13128","internal enum TagUnitType // TypeDefIndex: 13128"
"900056","enum","TextProcessingElementType","13129","internal enum TextProcessingElementType // TypeDefIndex: 13129"
"900066","struct","FontStyleStack","13130","internal struct FontStyleStack // TypeDefIndex: 13130"
"900094","struct","TextProcessingStack","13131","internal struct TextProcessingStack<T> // TypeDefIndex: 13131"
"900561","struct","TextResourceManager.FontAssetRef","13132","private struct TextResourceManager.FontAssetRef // TypeDefIndex: 13132"
"900577","class","TextResourceManager","13133","internal class TextResourceManager // TypeDefIndex: 13133"
"900597","class","TextShaderUtilities","13134","public static class TextShaderUtilities // TypeDefIndex: 13134"
"900708","class","TextUtilities","13135","internal static class TextUtilities // TypeDefIndex: 13135"
"900724","class","UnicodeLineBreakingRules","13136","public class UnicodeLineBreakingRules // TypeDefIndex: 13136"
"900787","struct","UnitySourceGeneratedAssemblyMonoScriptTypes_v1.MonoScriptData","13141","private struct UnitySourceGeneratedAssemblyMonoScriptTypes_v1.MonoScriptData // TypeDefIndex: 13141"
"900801","class","UnitySourceGeneratedAssemblyMonoScriptTypes_v1","13142","internal class UnitySourceGeneratedAssemblyMonoScriptTypes_v1 // TypeDefIndex: 13142"
"900814","class","AnimationTriggers","13143","public class AnimationTriggers // TypeDefIndex: 13143"
"900883","class","Button.ButtonClickedEvent","13144","public class Button.ButtonClickedEvent : UnityEvent // TypeDefIndex: 13144"
"900893","class","Button.","13145","private sealed class Button.<OnFinishSubmit>d__9 : IEnumerator<object>, IEnumerator, IDisposable // TypeDefIndex: 13145"
"900934","class","Button","13146","public class Button : Selectable, IPointerClickHandler, IEventSystemHandler, ISubmitHandler // TypeDefIndex: 13146"
"900970","enum","CanvasUpdate","13147","public enum CanvasUpdate // TypeDefIndex: 13147"
"900983","interface","ICanvasElement","13148","public interface ICanvasElement // TypeDefIndex: 13148"
"901007","class","CanvasUpdateRegistry","13149","public class CanvasUpdateRegistry // TypeDefIndex: 13149"
"901093","struct","ColorBlock","13150","public struct ColorBlock : IEquatable<ColorBlock> // TypeDefIndex: 13150"
"901192","class","ClipperRegistry","13151","public class ClipperRegistry // TypeDefIndex: 13151"
"901223","class","Clipping","13152","public static class Clipping // TypeDefIndex: 13152"
"901232","interface","IClipper","13153","public interface IClipper // TypeDefIndex: 13153"
"901241","interface","IClippable","13154","public interface IClippable // TypeDefIndex: 13154"
"901269","class","RectangularVertexClipper","13155","internal class RectangularVertexClipper // TypeDefIndex: 13155"
"901285","interface","DefaultControls.IFactoryControls","13156","public interface DefaultControls.IFactoryControls // TypeDefIndex: 13156"
"901294","class","DefaultControls.DefaultRuntimeFactory","13157","private class DefaultControls.DefaultRuntimeFactory : DefaultControls.IFactoryControls // TypeDefIndex: 13157"
"901312","struct","DefaultControls.Resources","13158","public struct DefaultControls.Resources // TypeDefIndex: 13158"
"901325","class","DefaultControls","13159","public static class DefaultControls // TypeDefIndex: 13159"
"901459","class","Dropdown.OptionData","13161","public class Dropdown.OptionData // TypeDefIndex: 13161"
"901500","class","Dropdown.OptionDataList","13162","public class Dropdown.OptionDataList // TypeDefIndex: 13162"
"901523","class","Dropdown.DropdownEvent","13163","public class Dropdown.DropdownEvent : UnityEvent<int> // TypeDefIndex: 13163"
"901533","class","Dropdown.","13164","private sealed class Dropdown.<>c__DisplayClass63_0 // TypeDefIndex: 13164"
"901550","class","Dropdown.","13165","private sealed class Dropdown.<DelayedDestroyDropdownList>d__75 : IEnumerator<object>, IEnumerator, IDisposable // TypeDefIndex: 13165"
"901591","class","Dropdown","13166","public class Dropdown : Selectable, IPointerClickHandler, IEventSystemHandler, ISubmitHandler, ICancelHandler // TypeDefIndex: 13166"
"901796","class","FontData","13167","public class FontData : ISerializationCallbackReceiver // TypeDefIndex: 13167"
"901932","class","FontUpdateTracker","13168","public static class FontUpdateTracker // TypeDefIndex: 13168"
"901956","class","Graphic","13169","public abstract class Graphic : UIBehaviour, ICanvasElement // TypeDefIndex: 13169"
"902200","enum","GraphicRaycaster.BlockingObjects","13170","public enum GraphicRaycaster.BlockingObjects // TypeDefIndex: 13170"
"902213","class","GraphicRaycaster.","13171","private sealed class GraphicRaycaster.<>c // TypeDefIndex: 13171"
"902234","class","GraphicRaycaster","13172","public class GraphicRaycaster : BaseRaycaster // TypeDefIndex: 13172"
"902305","class","GraphicRegistry","13173","public class GraphicRegistry // TypeDefIndex: 13173"
"902354","interface","IGraphicEnabledDisabled","13174","internal interface IGraphicEnabledDisabled // TypeDefIndex: 13174"
"902365","interface","IMask","13175","public interface IMask // TypeDefIndex: 13175"
"902380","interface","IMaskable","13176","public interface IMaskable // TypeDefIndex: 13176"
"902389","enum","Image.Type","13177","public enum Image.Type // TypeDefIndex: 13177"
"902400","enum","Image.FillMethod","13178","public enum Image.FillMethod // TypeDefIndex: 13178"
"902412","enum","Image.OriginHorizontal","13179","public enum Image.OriginHorizontal // TypeDefIndex: 13179"
"902421","enum","Image.OriginVertical","13180","public enum Image.OriginVertical // TypeDefIndex: 13180"
"902430","enum","Image.Origin90","13181","public enum Image.Origin90 // TypeDefIndex: 13181"
"902441","enum","Image.Origin180","13182","public enum Image.Origin180 // TypeDefIndex: 13182"
"902452","enum","Image.Origin360","13183","public enum Image.Origin360 // TypeDefIndex: 13183"
"902465","class","Image","13184","public class Image : MaskableGraphic, ISerializationCallbackReceiver, ILayoutElement, ICanvasRaycastFilter // TypeDefIndex: 13184"
"902763","enum","InputField.ContentType","13185","public enum InputField.ContentType // TypeDefIndex: 13185"
"902780","enum","InputField.InputType","13186","public enum InputField.InputType // TypeDefIndex: 13186"
"902790","enum","InputField.CharacterValidation","13187","public enum InputField.CharacterValidation // TypeDefIndex: 13187"
"902803","enum","InputField.LineType","13188","public enum InputField.LineType // TypeDefIndex: 13188"
"902813","class","InputField.OnValidateInput","13189","public sealed class InputField.OnValidateInput : MulticastDelegate // TypeDefIndex: 13189"
"902832","class","InputField.SubmitEvent","13190","public class InputField.SubmitEvent : UnityEvent<string> // TypeDefIndex: 13190"
"902842","class","InputField.EndEditEvent","13191","public class InputField.EndEditEvent : UnityEvent<string> // TypeDefIndex: 13191"
"902852","class","InputField.OnChangeEvent","13192","public class InputField.OnChangeEvent : UnityEvent<string> // TypeDefIndex: 13192"
"902861","enum","InputField.EditState","13193","protected enum InputField.EditState // TypeDefIndex: 13193"
"902871","class","InputField.","13194","private sealed class InputField.<CaretBlink>d__172 : IEnumerator<object>, IEnumerator, IDisposable // TypeDefIndex: 13194"
"902910","class","InputField.","13195","private sealed class InputField.<MouseDragOutsideRect>d__196 : IEnumerator<object>, IEnumerator, IDisposable // TypeDefIndex: 13195"
"902950","class","InputField","13196","public class InputField : Selectable, IUpdateSelectedHandler, IEventSystemHandler, IBeginDragHandler, IDragHandler, IEndDragHandler, IPointerClickHandler, ISubmitHandler, ICanvasElement, ILayoutElement // TypeDefIndex: 13196"
"903604","enum","AspectRatioFitter.AspectMode","13197","public enum AspectRatioFitter.AspectMode // TypeDefIndex: 13197"
"903620","class","AspectRatioFitter","13198","public class AspectRatioFitter : UIBehaviour, ILayoutSelfController, ILayoutController // TypeDefIndex: 13198"
"903704","enum","CanvasScaler.ScaleMode","13199","public enum CanvasScaler.ScaleMode // TypeDefIndex: 13199"
"903714","enum","CanvasScaler.ScreenMatchMode","13200","public enum CanvasScaler.ScreenMatchMode // TypeDefIndex: 13200"
"903724","enum","CanvasScaler.Unit","13201","public enum CanvasScaler.Unit // TypeDefIndex: 13201"
"903740","class","CanvasScaler","13202","public class CanvasScaler : UIBehaviour // TypeDefIndex: 13202"
"903890","enum","ContentSizeFitter.FitMode","13203","public enum ContentSizeFitter.FitMode // TypeDefIndex: 13203"
"903903","class","ContentSizeFitter","13204","public class ContentSizeFitter : UIBehaviour, ILayoutSelfController, ILayoutController // TypeDefIndex: 13204"
"903961","enum","GridLayoutGroup.Corner","13205","public enum GridLayoutGroup.Corner // TypeDefIndex: 13205"
"903972","enum","GridLayoutGroup.Axis","13206","public enum GridLayoutGroup.Axis // TypeDefIndex: 13206"
"903981","enum","GridLayoutGroup.Constraint","13207","public enum GridLayoutGroup.Constraint // TypeDefIndex: 13207"
"903992","class","GridLayoutGroup","13208","public class GridLayoutGroup : LayoutGroup // TypeDefIndex: 13208"
"904075","class","HorizontalLayoutGroup","13209","public class HorizontalLayoutGroup : HorizontalOrVerticalLayoutGroup // TypeDefIndex: 13209"
"904097","class","HorizontalOrVerticalLayoutGroup","13210","public abstract class HorizontalOrVerticalLayoutGroup : LayoutGroup // TypeDefIndex: 13210"
"904191","interface","ILayoutElement","13211","public interface ILayoutElement // TypeDefIndex: 13211"
"904233","interface","ILayoutController","13212","public interface ILayoutController // TypeDefIndex: 13212"
"904245","interface","ILayoutGroup","13213","public interface ILayoutGroup : ILayoutController // TypeDefIndex: 13213"
"904249","interface","ILayoutSelfController","13214","public interface ILayoutSelfController : ILayoutController // TypeDefIndex: 13214"
"904253","interface","ILayoutIgnorer","13215","public interface ILayoutIgnorer // TypeDefIndex: 13215"
"904268","class","LayoutElement","13216","public class LayoutElement : UIBehaviour, ILayoutElement, ILayoutIgnorer // TypeDefIndex: 13216"
"904378","class","LayoutGroup.","13217","private sealed class LayoutGroup.<DelayedSetDirty>d__57 : IEnumerator<object>, IEnumerator, IDisposable // TypeDefIndex: 13217"
"904419","class","LayoutGroup","13218","public abstract class LayoutGroup : UIBehaviour, ILayoutElement, ILayoutGroup, ILayoutController // TypeDefIndex: 13218"
"904591","class","LayoutRebuilder.","13219","private sealed class LayoutRebuilder.<>c // TypeDefIndex: 13219"
"904632","class","LayoutRebuilder","13220","public class LayoutRebuilder : ICanvasElement // TypeDefIndex: 13220"
"904708","class","LayoutUtility.","13221","private sealed class LayoutUtility.<>c // TypeDefIndex: 13221"
"904755","class","LayoutUtility","13222","public static class LayoutUtility // TypeDefIndex: 13222"
"904795","class","VerticalLayoutGroup","13223","public class VerticalLayoutGroup : HorizontalOrVerticalLayoutGroup // TypeDefIndex: 13223"
"904820","class","Mask","13224","public class Mask : UIBehaviour, ICanvasRaycastFilter, IMaterialModifier // TypeDefIndex: 13224"
"904873","class","MaskUtilities","13225","public class MaskUtilities // TypeDefIndex: 13225"
"904904","class","MaskableGraphic.CullStateChangedEvent","13226","public class MaskableGraphic.CullStateChangedEvent : UnityEvent<bool> // TypeDefIndex: 13226"
"904913","class","MaskableGraphic","13227","public abstract class MaskableGraphic : Graphic, IClippable, IMaskable, IMaterialModifier // TypeDefIndex: 13227"
"905014","interface","IMaterialModifier","13228","public interface IMaterialModifier // TypeDefIndex: 13228"
"905023","class","Misc","13229","internal static class Misc // TypeDefIndex: 13229"
"905035","class","MultipleDisplayUtilities","13230","internal static class MultipleDisplayUtilities // TypeDefIndex: 13230"
"905051","enum","Navigation.Mode","13231","public enum Navigation.Mode // TypeDefIndex: 13231"
"905064","struct","Navigation","13232","public struct Navigation : IEquatable<Navigation> // TypeDefIndex: 13232"
"905138","class","RawImage","13233","public class RawImage : MaskableGraphic // TypeDefIndex: 13233"
"905187","class","RectMask2D","13234","public class RectMask2D : UIBehaviour, IClipper, ICanvasRaycastFilter // TypeDefIndex: 13234"
"905274","enum","ScrollRect.MovementType","13235","public enum ScrollRect.MovementType // TypeDefIndex: 13235"
"905284","enum","ScrollRect.ScrollbarVisibility","13236","public enum ScrollRect.ScrollbarVisibility // TypeDefIndex: 13236"
"905295","class","ScrollRect.ScrollRectEvent","13237","public class ScrollRect.ScrollRectEvent : UnityEvent<Vector2> // TypeDefIndex: 13237"
"905309","class","ScrollRect","13238","public class ScrollRect : UIBehaviour, IInitializePotentialDragHandler, IEventSystemHandler, IBeginDragHandler, IEndDragHandler, IDragHandler, IScrollHandler, ICanvasElement, ILayoutElement, ILayoutGroup, ILayoutController // TypeDefIndex: 13238"
"905676","enum","Scrollbar.Direction","13239","public enum Scrollbar.Direction // TypeDefIndex: 13239"
"905688","class","Scrollbar.ScrollEvent","13240","public class Scrollbar.ScrollEvent : UnityEvent<float> // TypeDefIndex: 13240"
"905697","enum","Scrollbar.Axis","13241","private enum Scrollbar.Axis // TypeDefIndex: 13241"
"905707","class","Scrollbar.","13242","private sealed class Scrollbar.<ClickRepeat>d__59 : IEnumerator<object>, IEnumerator, IDisposable // TypeDefIndex: 13242"
"905750","class","Scrollbar","13243","public class Scrollbar : Selectable, IBeginDragHandler, IEventSystemHandler, IDragHandler, IInitializePotentialDragHandler, ICanvasElement // TypeDefIndex: 13243"
"905927","enum","Selectable.Transition","13244","public enum Selectable.Transition // TypeDefIndex: 13244"
"905938","enum","Selectable.SelectionState","13245","protected enum Selectable.SelectionState // TypeDefIndex: 13245"
"905954","class","Selectable","13246","public class Selectable : UIBehaviour, IMoveHandler, IEventSystemHandler, IPointerDownHandler, IPointerUpHandler, IPointerEnterHandler, IPointerExitHandler, ISelectHandler, IDeselectHandler // TypeDefIndex: 13246"
"906210","class","SetPropertyUtility","13247","internal static class SetPropertyUtility // TypeDefIndex: 13247"
"906259","enum","Slider.Direction","13248","public enum Slider.Direction // TypeDefIndex: 13248"
"906271","class","Slider.SliderEvent","13249","public class Slider.SliderEvent : UnityEvent<float> // TypeDefIndex: 13249"
"906280","enum","Slider.Axis","13250","private enum Slider.Axis // TypeDefIndex: 13250"
"906292","class","Slider","13251","public class Slider : Selectable, IDragHandler, IEventSystemHandler, IInitializePotentialDragHandler, ICanvasElement // TypeDefIndex: 13251"
"906482","struct","SpriteState","13252","public struct SpriteState : IEquatable<SpriteState> // TypeDefIndex: 13252"
"906532","class","StencilMaterial.MatEntry","13253","private class StencilMaterial.MatEntry // TypeDefIndex: 13253"
"906553","class","StencilMaterial","13254","public static class StencilMaterial // TypeDefIndex: 13254"
"906587","class","Text","13255","public class Text : MaskableGraphic, ILayoutElement // TypeDefIndex: 13255"
"906778","enum","Toggle.ToggleTransition","13256","public enum Toggle.ToggleTransition // TypeDefIndex: 13256"
"906788","class","Toggle.ToggleEvent","13257","public class Toggle.ToggleEvent : UnityEvent<bool> // TypeDefIndex: 13257"
"906799","class","Toggle","13258","public class Toggle : Selectable, IPointerClickHandler, IEventSystemHandler, ISubmitHandler, ICanvasElement // TypeDefIndex: 13258"
"906884","class","ToggleGroup.","13259","private sealed class ToggleGroup.<>c // TypeDefIndex: 13259"
"906909","class","ToggleGroup","13260","public class ToggleGroup : UIBehaviour // TypeDefIndex: 13260"
"906965","class","ReflectionMethodsCache.Raycast3DCallback","13261","public sealed class ReflectionMethodsCache.Raycast3DCallback : MulticastDelegate // TypeDefIndex: 13261"
"906983","class","ReflectionMethodsCache.RaycastAllCallback","13262","public sealed class ReflectionMethodsCache.RaycastAllCallback : MulticastDelegate // TypeDefIndex: 13262"
"907001","class","ReflectionMethodsCache.GetRaycastNonAllocCallback","13263","public sealed class ReflectionMethodsCache.GetRaycastNonAllocCallback : MulticastDelegate // TypeDefIndex: 13263"
"907019","class","ReflectionMethodsCache.Raycast2DCallback","13264","public sealed class ReflectionMethodsCache.Raycast2DCallback : MulticastDelegate // TypeDefIndex: 13264"
"907037","class","ReflectionMethodsCache.GetRayIntersectionAllCallback","13265","public sealed class ReflectionMethodsCache.GetRayIntersectionAllCallback : MulticastDelegate // TypeDefIndex: 13265"
"907055","class","ReflectionMethodsCache.GetRayIntersectionAllNonAllocCallback","13266","public sealed class ReflectionMethodsCache.GetRayIntersectionAllNonAllocCallback : MulticastDelegate // TypeDefIndex: 13266"
"907073","class","ReflectionMethodsCache","13267","internal class ReflectionMethodsCache // TypeDefIndex: 13267"
"907097","class","VertexHelper","13268","public class VertexHelper : IDisposable // TypeDefIndex: 13268"
"907182","class","BaseVertexEffect","13269","public abstract class BaseVertexEffect // TypeDefIndex: 13269"
"907197","class","BaseMeshEffect","13270","public abstract class BaseMeshEffect : UIBehaviour, IMeshModifier // TypeDefIndex: 13270"
"907232","interface","IVertexModifier","13271","public interface IVertexModifier // TypeDefIndex: 13271"
"907243","interface","IMeshModifier","13272","public interface IMeshModifier // TypeDefIndex: 13272"
"907257","class","Outline","13273","public class Outline : Shadow // TypeDefIndex: 13273"
"907270","class","PositionAsUV1","13274","public class PositionAsUV1 : BaseMeshEffect // TypeDefIndex: 13274"
"907283","class","Shadow","13275","public class Shadow : BaseMeshEffect // TypeDefIndex: 13275"
"907334","class","IndexedSet","13276","internal class IndexedSet<T> : IList<T>, ICollection<T>, IEnumerable<T>, IEnumerable // TypeDefIndex: 13276"
"907604","interface","ITweenValue","13277","internal interface ITweenValue // TypeDefIndex: 13277"
"907626","enum","ColorTween.ColorTweenMode","13278","public enum ColorTween.ColorTweenMode // TypeDefIndex: 13278"
"907636","class","ColorTween.ColorTweenCallback","13279","public class ColorTween.ColorTweenCallback : UnityEvent<Color> // TypeDefIndex: 13279"
"907645","struct","ColorTween","13280","internal struct ColorTween : ITweenValue // TypeDefIndex: 13280"
"907711","class","FloatTween.FloatTweenCallback","13281","public class FloatTween.FloatTweenCallback : UnityEvent<float> // TypeDefIndex: 13281"
"907720","struct","FloatTween","13282","internal struct FloatTween : ITweenValue // TypeDefIndex: 13282"
"907779","class","TweenRunner.","13283","private sealed class TweenRunner.<Start>d__2<T> : IEnumerator<object>, IEnumerator, IDisposable // TypeDefIndex: 13283"
"907884","class","TweenRunner","13284","internal class TweenRunner<T> // TypeDefIndex: 13284"
"907965","enum","PanelEventHandler.PointerEventType","13285","private enum PanelEventHandler.PointerEventType // TypeDefIndex: 13285"
"907975","class","PanelEventHandler.PointerEvent","13286","private class PanelEventHandler.PointerEvent : IPointerEvent // TypeDefIndex: 13286"
"908239","class","PanelEventHandler","13287","public class PanelEventHandler : UIBehaviour, IPointerMoveHandler, IEventSystemHandler, IPointerUpHandler, IPointerDownHandler, ISubmitHandler, ICancelHandler, IMoveHandler, IScrollHandler, ISelectHandler, IDeselectHandler, IPointerExitHandler, IPointerEnterHandler, IRuntimePanelComponent, IPointerClickHandler // TypeDefIndex: 13287"
"908372","class","PanelRaycaster","13288","public class PanelRaycaster : BaseRaycaster, IRuntimePanelComponent // TypeDefIndex: 13288"
"908421","class","AxisEventData","13289","public class AxisEventData : BaseEventData // TypeDefIndex: 13289"
"908456","class","AbstractEventData","13290","public abstract class AbstractEventData // TypeDefIndex: 13290"
"908480","class","BaseEventData","13291","public class BaseEventData : AbstractEventData // TypeDefIndex: 13291"
"908505","enum","PointerEventData.InputButton","13292","public enum PointerEventData.InputButton // TypeDefIndex: 13292"
"908515","enum","PointerEventData.FramePressState","13293","public enum PointerEventData.FramePressState // TypeDefIndex: 13293"
"908526","class","PointerEventData","13294","public class PointerEventData : BaseEventData // TypeDefIndex: 13294"
"908920","enum","EventHandle","13295","public enum EventHandle // TypeDefIndex: 13295"
"908929","interface","IEventSystemHandler","13296","public interface IEventSystemHandler // TypeDefIndex: 13296"
"908933","interface","IPointerMoveHandler","13297","public interface IPointerMoveHandler : IEventSystemHandler // TypeDefIndex: 13297"
"908942","interface","IPointerEnterHandler","13298","public interface IPointerEnterHandler : IEventSystemHandler // TypeDefIndex: 13298"
"908951","interface","IPointerExitHandler","13299","public interface IPointerExitHandler : IEventSystemHandler // TypeDefIndex: 13299"
"908960","interface","IPointerDownHandler","13300","public interface IPointerDownHandler : IEventSystemHandler // TypeDefIndex: 13300"
"908969","interface","IPointerUpHandler","13301","public interface IPointerUpHandler : IEventSystemHandler // TypeDefIndex: 13301"
"908978","interface","IPointerClickHandler","13302","public interface IPointerClickHandler : IEventSystemHandler // TypeDefIndex: 13302"
"908987","interface","IBeginDragHandler","13303","public interface IBeginDragHandler : IEventSystemHandler // TypeDefIndex: 13303"
"908996","interface","IInitializePotentialDragHandler","13304","public interface IInitializePotentialDragHandler : IEventSystemHandler // TypeDefIndex: 13304"
"909005","interface","IDragHandler","13305","public interface IDragHandler : IEventSystemHandler // TypeDefIndex: 13305"
"909014","interface","IEndDragHandler","13306","public interface IEndDragHandler : IEventSystemHandler // TypeDefIndex: 13306"
"909023","interface","IDropHandler","13307","public interface IDropHandler : IEventSystemHandler // TypeDefIndex: 13307"
"909032","interface","IScrollHandler","13308","public interface IScrollHandler : IEventSystemHandler // TypeDefIndex: 13308"
"909041","interface","IUpdateSelectedHandler","13309","public interface IUpdateSelectedHandler : IEventSystemHandler // TypeDefIndex: 13309"
"909050","interface","ISelectHandler","13310","public interface ISelectHandler : IEventSystemHandler // TypeDefIndex: 13310"
"909059","interface","IDeselectHandler","13311","public interface IDeselectHandler : IEventSystemHandler // TypeDefIndex: 13311"
"909068","interface","IMoveHandler","13312","public interface IMoveHandler : IEventSystemHandler // TypeDefIndex: 13312"
"909077","interface","ISubmitHandler","13313","public interface ISubmitHandler : IEventSystemHandler // TypeDefIndex: 13313"
"909086","interface","ICancelHandler","13314","public interface ICancelHandler : IEventSystemHandler // TypeDefIndex: 13314"
"909095","struct","EventSystem.UIToolkitOverrideConfig","13315","private struct EventSystem.UIToolkitOverrideConfig // TypeDefIndex: 13315"
"909105","class","EventSystem.","13316","private sealed class EventSystem.<>c__DisplayClass56_0 // TypeDefIndex: 13316"
"909122","class","EventSystem","13317","public class EventSystem : UIBehaviour // TypeDefIndex: 13317"
"909279","class","EventTrigger.TriggerEvent","13318","public class EventTrigger.TriggerEvent : UnityEvent<BaseEventData> // TypeDefIndex: 13318"
"909289","class","EventTrigger.Entry","13319","public class EventTrigger.Entry // TypeDefIndex: 13319"
"909303","class","EventTrigger","13320","public class EventTrigger : MonoBehaviour, IPointerEnterHandler, IEventSystemHandler, IPointerExitHandler, IPointerDownHandler, IPointerUpHandler, IPointerClickHandler, IInitializePotentialDragHandler, IBeginDragHandler, IDragHandler, IEndDragHandler, IDropHandler, IScrollHandler, IUpdateSelectedHandler, ISelectHandler, IDeselectHandler, IMoveHandler, ISubmitHandler, ICancelHandler // TypeDefIndex: 13320"
"909389","enum","EventTriggerType","13321","public enum EventTriggerType // TypeDefIndex: 13321"
"909413","class","ExecuteEvents.EventFunction","13322","public sealed class ExecuteEvents.EventFunction<T1> : MulticastDelegate // TypeDefIndex: 13322"
"909463","class","ExecuteEvents","13323","public static class ExecuteEvents // TypeDefIndex: 13323"
"909698","class","BaseInput","13324","public class BaseInput : UIBehaviour // TypeDefIndex: 13324"
"909770","class","BaseInputModule","13325","public abstract class BaseInputModule : UIBehaviour // TypeDefIndex: 13325"
"909867","class","PointerInputModule.ButtonState","13326","protected class PointerInputModule.ButtonState // TypeDefIndex: 13326"
"909896","class","PointerInputModule.MouseState","13327","protected class PointerInputModule.MouseState // TypeDefIndex: 13327"
"909920","class","PointerInputModule.MouseButtonEventData","13328","public class PointerInputModule.MouseButtonEventData // TypeDefIndex: 13328"
"909939","class","PointerInputModule","13329","public abstract class PointerInputModule : BaseInputModule // TypeDefIndex: 13329"
"910002","enum","StandaloneInputModule.InputMode","13330","public enum StandaloneInputModule.InputMode // TypeDefIndex: 13330"
"910012","class","StandaloneInputModule","13331","public class StandaloneInputModule : PointerInputModule // TypeDefIndex: 13331"
"910172","class","TouchInputModule","13332","public class TouchInputModule : PointerInputModule // TypeDefIndex: 13332"
"910236","enum","MoveDirection","13333","public enum MoveDirection // TypeDefIndex: 13333"
"910248","struct","RaycastResult","13334","public struct RaycastResult // TypeDefIndex: 13334"
"910288","class","RaycasterManager","13335","public static class RaycasterManager // TypeDefIndex: 13335"
"910309","class","BaseRaycaster","13336","public abstract class BaseRaycaster : UIBehaviour // TypeDefIndex: 13336"
"910364","class","Physics2DRaycaster","13337","public class Physics2DRaycaster : PhysicsRaycaster // TypeDefIndex: 13337"
"910379","class","PhysicsRaycaster.RaycastHitComparer","13338","private class PhysicsRaycaster.RaycastHitComparer : IComparer<RaycastHit> // TypeDefIndex: 13338"
"910399","class","PhysicsRaycaster","13339","public class PhysicsRaycaster : BaseRaycaster // TypeDefIndex: 13339"
"910452","class","UIBehaviour","13340","public abstract class UIBehaviour : MonoBehaviour // TypeDefIndex: 13340"
"910526","class","ShadowShapeProvider2DUtility","13346","internal static class ShadowShapeProvider2DUtility // TypeDefIndex: 13346"
"910538","struct","VertexDictionary","13347","internal struct VertexDictionary // TypeDefIndex: 13347"
"910553","struct","UnitySourceGeneratedAssemblyMonoScriptTypes_v1.MonoScriptData","13348","private struct UnitySourceGeneratedAssemblyMonoScriptTypes_v1.MonoScriptData // TypeDefIndex: 13348"
"910567","class","UnitySourceGeneratedAssemblyMonoScriptTypes_v1","13349","internal class UnitySourceGeneratedAssemblyMonoScriptTypes_v1 // TypeDefIndex: 13349"
"910581","class","CinemachineUniversalPixelPerfect","13350","public class CinemachineUniversalPixelPerfect : MonoBehaviour // TypeDefIndex: 13350"
"910593","struct","DoublePoint","13351","internal struct DoublePoint // TypeDefIndex: 13351"
"910612","class","PolyTree","13352","internal class PolyTree : PolyNode // TypeDefIndex: 13352"
"910636","class","PolyNode","13353","internal class PolyNode // TypeDefIndex: 13353"
"910698","struct","Int128","13354","internal struct Int128 // TypeDefIndex: 13354"
"910753","struct","IntPoint","13355","internal struct IntPoint // TypeDefIndex: 13355"
"910788","struct","IntRect","13356","internal struct IntRect // TypeDefIndex: 13356"
"910807","enum","ClipType","13357","public enum ClipType // TypeDefIndex: 13357"
"910819","enum","PolyType","13358","public enum PolyType // TypeDefIndex: 13358"
"910829","enum","PolyFillType","13359","public enum PolyFillType // TypeDefIndex: 13359"
"910841","enum","JoinType","13360","public enum JoinType // TypeDefIndex: 13360"
"910850","enum","EndType","13361","public enum EndType // TypeDefIndex: 13361"
"910859","enum","ClipTypes","13362","internal enum ClipTypes // TypeDefIndex: 13362"
"910870","enum","PolyTypes","13363","internal enum PolyTypes // TypeDefIndex: 13363"
"910879","enum","PolyFillTypes","13364","internal enum PolyFillTypes // TypeDefIndex: 13364"
"910890","enum","JoinTypes","13365","internal enum JoinTypes // TypeDefIndex: 13365"
"910898","enum","EndTypes","13366","internal enum EndTypes // TypeDefIndex: 13366"
"910907","enum","EdgeSides","13367","internal enum EdgeSides // TypeDefIndex: 13367"
"910916","enum","Directions","13368","internal enum Directions // TypeDefIndex: 13368"
"910925","class","TEdge","13369","internal class TEdge // TypeDefIndex: 13369"
"910954","class","IntersectNode","13370","internal class IntersectNode // TypeDefIndex: 13370"
"910968","class","MyIntersectNodeSort","13371","internal class MyIntersectNodeSort : IComparer<IntersectNode> // TypeDefIndex: 13371"
"910980","class","LocalMinima","13372","internal class LocalMinima // TypeDefIndex: 13372"
"910995","class","Scanbeam","13373","internal class Scanbeam // TypeDefIndex: 13373"
"911008","class","Maxima","13374","internal class Maxima // TypeDefIndex: 13374"
"911022","class","OutRec","13375","internal class OutRec // TypeDefIndex: 13375"
"911040","class","OutPt","13376","internal class OutPt // TypeDefIndex: 13376"
"911055","class","Join","13377","internal class Join // TypeDefIndex: 13377"
"911069","class","ClipperBase","13378","internal class ClipperBase // TypeDefIndex: 13378"
"911209","enum","Clipper.NodeType","13379","internal enum Clipper.NodeType // TypeDefIndex: 13379"
"911219","class","Clipper","13380","internal class Clipper : ClipperBase // TypeDefIndex: 13380"
"911585","class","ClipperOffset","13381","internal class ClipperOffset // TypeDefIndex: 13381"
"911661","class","ClipperException","13382","internal class ClipperException : Exception // TypeDefIndex: 13382"
"911670","enum","Light2D.DeprecatedLightType","13383","public enum Light2D.DeprecatedLightType // TypeDefIndex: 13383"
"911678","enum","Light2D.LightType","13384","public enum Light2D.LightType // TypeDefIndex: 13384"
"911690","enum","Light2D.NormalMapQuality","13385","public enum Light2D.NormalMapQuality // TypeDefIndex: 13385"
"911700","enum","Light2D.OverlapOperation","13386","public enum Light2D.OverlapOperation // TypeDefIndex: 13386"
"911709","enum","Light2D.ComponentVersions","13387","private enum Light2D.ComponentVersions // TypeDefIndex: 13387"
"911724","class","Light2D","13388","public sealed class Light2D : Light2DBase, ISerializationCallbackReceiver // TypeDefIndex: 13388"
"912171","enum","Light2DBlendStyle.TextureChannel","13389","internal enum Light2DBlendStyle.TextureChannel // TypeDefIndex: 13389"
"912187","struct","Light2DBlendStyle.MaskChannelFilter","13390","internal struct Light2DBlendStyle.MaskChannelFilter // TypeDefIndex: 13390"
"912224","enum","Light2DBlendStyle.BlendMode","13391","internal enum Light2DBlendStyle.BlendMode // TypeDefIndex: 13391"
"912235","struct","Light2DBlendStyle.BlendFactors","13392","internal struct Light2DBlendStyle.BlendFactors // TypeDefIndex: 13392"
"912245","struct","Light2DBlendStyle","13393","public struct Light2DBlendStyle // TypeDefIndex: 13393"
"912294","struct","LightStats","13394","internal struct LightStats // TypeDefIndex: 13394"
"912332","interface","ILight2DCullResult","13395","internal interface ILight2DCullResult // TypeDefIndex: 13395"
"912356","class","Light2DCullResult.","13396","private sealed class Light2DCullResult.<>c // TypeDefIndex: 13396"
"912375","class","Light2DCullResult","13397","internal class Light2DCullResult : ILight2DCullResult // TypeDefIndex: 13397"
"912407","class","Light2DManager","13398","internal static class Light2DManager // TypeDefIndex: 13398"
"912452","struct","PerLight2D","13399","internal struct PerLight2D // TypeDefIndex: 13399"
"912469","enum","LightUtility.PivotType","13400","private enum LightUtility.PivotType // TypeDefIndex: 13400"
"912482","struct","LightUtility.LightMeshVertex","13401","internal struct LightUtility.LightMeshVertex // TypeDefIndex: 13401"
"912497","class","LightUtility","13402","internal static class LightUtility // TypeDefIndex: 13402"
"912548","interface","IRenderPass2D","13403","internal interface IRenderPass2D // TypeDefIndex: 13403"
"912560","class","PixelPerfectBackgroundPass","13404","internal class PixelPerfectBackgroundPass : ScriptableRenderPass // TypeDefIndex: 13404"
"912579","class","Render2DLightingPass","13405","internal class Render2DLightingPass : ScriptableRenderPass, IRenderPass2D // TypeDefIndex: 13405"
"912647","struct","LayerBatch.","13406","public struct LayerBatch.<renderTargetIds>e__FixedBuffer // TypeDefIndex: 13406"
"912656","struct","LayerBatch.","13407","public struct LayerBatch.<renderTargetUsed>e__FixedBuffer // TypeDefIndex: 13407"
"912663","struct","LayerBatch","13408","internal struct LayerBatch // TypeDefIndex: 13408"
"912693","class","LayerUtility","13409","internal static class LayerUtility // TypeDefIndex: 13409"
"912739","class","Light2DLookupTexture","13410","internal static class Light2DLookupTexture // TypeDefIndex: 13410"
"912779","class","LightBuffer","13411","internal class LightBuffer // TypeDefIndex: 13411"
"912820","class","LightBatch","13412","internal class LightBatch // TypeDefIndex: 13412"
"912921","class","RendererLighting","13413","internal static class RendererLighting // TypeDefIndex: 13413"
"913059","enum","PixelPerfectCamera.CropFrame","13414","public enum PixelPerfectCamera.CropFrame // TypeDefIndex: 13414"
"913071","enum","PixelPerfectCamera.GridSnapping","13415","public enum PixelPerfectCamera.GridSnapping // TypeDefIndex: 13415"
"913081","enum","PixelPerfectCamera.PixelPerfectFilterMode","13416","public enum PixelPerfectCamera.PixelPerfectFilterMode // TypeDefIndex: 13416"
"913090","enum","PixelPerfectCamera.ComponentVersions","13417","private enum PixelPerfectCamera.ComponentVersions // TypeDefIndex: 13417"
"913105","class","PixelPerfectCamera","13418","public class PixelPerfectCamera : MonoBehaviour, IPixelPerfectCamera, ISerializationCallbackReceiver // TypeDefIndex: 13418"
"913265","interface","IPixelPerfectCamera","13419","internal interface IPixelPerfectCamera // TypeDefIndex: 13419"
"913330","class","PixelPerfectCameraInternal","13420","internal class PixelPerfectCameraInternal : ISerializationCallbackReceiver // TypeDefIndex: 13420"
"913372","struct","Renderer2D.RenderPassInputSummary","13421","private struct Renderer2D.RenderPassInputSummary // TypeDefIndex: 13421"
"913380","struct","Renderer2D.ImportResourceSummary","13422","private struct Renderer2D.ImportResourceSummary // TypeDefIndex: 13422"
"913394","class","Renderer2D.","13423","private sealed class Renderer2D.<>c // TypeDefIndex: 13423"
"913421","class","Renderer2D","13424","internal sealed class Renderer2D : ScriptableRenderer // TypeDefIndex: 13424"
"913618","enum","Renderer2DData.Renderer2DDefaultMaterialType","13425","internal enum Renderer2DData.Renderer2DDefaultMaterialType // TypeDefIndex: 13425"
"913633","class","Renderer2DData","13426","public class Renderer2DData : ScriptableRendererData // TypeDefIndex: 13426"
"913824","enum","RenderPassEvent2D","13427","internal enum RenderPassEvent2D // TypeDefIndex: 13427"
"913843","class","ScriptableRenderPass2DExtension","13428","internal static class ScriptableRenderPass2DExtension // TypeDefIndex: 13428"
"913853","class","CopyCameraSortingLayerPass.PassData","13429","private class CopyCameraSortingLayerPass.PassData // TypeDefIndex: 13429"
"913867","class","CopyCameraSortingLayerPass.","13430","private sealed class CopyCameraSortingLayerPass.<>c // TypeDefIndex: 13430"
"913886","class","CopyCameraSortingLayerPass","13431","internal class CopyCameraSortingLayerPass : ScriptableRenderPass // TypeDefIndex: 13431"
"913919","class","DrawLight2DPass.PassData","13432","internal class DrawLight2DPass.PassData // TypeDefIndex: 13432"
"913938","class","DrawLight2DPass.","13433","private sealed class DrawLight2DPass.<>c // TypeDefIndex: 13433"
"913961","class","DrawLight2DPass","13434","internal class DrawLight2DPass : ScriptableRenderPass // TypeDefIndex: 13434"
"914005","class","DrawNormal2DPass.PassData","13435","private class DrawNormal2DPass.PassData // TypeDefIndex: 13435"
"914019","class","DrawNormal2DPass.","13436","private sealed class DrawNormal2DPass.<>c // TypeDefIndex: 13436"
"914038","class","DrawNormal2DPass","13437","internal class DrawNormal2DPass : ScriptableRenderPass // TypeDefIndex: 13437"
"914065","class","DrawRenderer2DPass.SetGlobalPassData","13438","private class DrawRenderer2DPass.SetGlobalPassData // TypeDefIndex: 13438"
"914077","class","DrawRenderer2DPass.PassData","13439","private class DrawRenderer2DPass.PassData // TypeDefIndex: 13439"
"914099","class","DrawRenderer2DPass.","13440","private sealed class DrawRenderer2DPass.<>c // TypeDefIndex: 13440"
"914122","class","DrawRenderer2DPass","13441","internal class DrawRenderer2DPass : ScriptableRenderPass // TypeDefIndex: 13441"
"914158","class","DrawShadow2DPass.PassData","13442","internal class DrawShadow2DPass.PassData // TypeDefIndex: 13442"
"914175","class","DrawShadow2DPass.","13443","private sealed class DrawShadow2DPass.<>c // TypeDefIndex: 13443"
"914194","class","DrawShadow2DPass","13444","internal class DrawShadow2DPass : ScriptableRenderPass // TypeDefIndex: 13444"
"914222","class","GlobalPropertiesPass.PassData","13445","private class GlobalPropertiesPass.PassData // TypeDefIndex: 13445"
"914236","class","GlobalPropertiesPass.","13446","private sealed class GlobalPropertiesPass.<>c // TypeDefIndex: 13446"
"914255","class","GlobalPropertiesPass","13447","internal class GlobalPropertiesPass : ScriptableRenderPass // TypeDefIndex: 13447"
"914274","class","UpscalePass.PassData","13448","private class UpscalePass.PassData // TypeDefIndex: 13448"
"914288","class","UpscalePass.","13449","private sealed class UpscalePass.<>c // TypeDefIndex: 13449"
"914307","class","UpscalePass","13450","internal class UpscalePass : ScriptableRenderPass // TypeDefIndex: 13450"
"914346","class","CompositeShadowCaster2D","13451","public class CompositeShadowCaster2D : ShadowCasterGroup2D // TypeDefIndex: 13451"
"914361","enum","ShadowCaster2D.ComponentVersions","13452","internal enum ShadowCaster2D.ComponentVersions // TypeDefIndex: 13452"
"914374","enum","ShadowCaster2D.ShadowCastingSources","13453","internal enum ShadowCaster2D.ShadowCastingSources // TypeDefIndex: 13453"
"914384","enum","ShadowCaster2D.ShadowCastingOptions","13454","public enum ShadowCaster2D.ShadowCastingOptions // TypeDefIndex: 13454"
"914395","enum","ShadowCaster2D.EdgeProcessing","13455","internal enum ShadowCaster2D.EdgeProcessing // TypeDefIndex: 13455"
"914408","class","ShadowCaster2D","13456","public class ShadowCaster2D : ShadowCasterGroup2D, ISerializationCallbackReceiver // TypeDefIndex: 13456"
"914602","class","ShadowCasterGroup2D","13457","public abstract class ShadowCasterGroup2D : MonoBehaviour // TypeDefIndex: 13457"
"914633","class","ShadowCasterGroup2DManager","13458","internal class ShadowCasterGroup2DManager // TypeDefIndex: 13458"
"914678","class","EdgeDictionary.EdgeComparer","13459","private class EdgeDictionary.EdgeComparer : IEqualityComparer<ShadowEdge> // TypeDefIndex: 13459"
"914693","struct","EdgeDictionary","13460","internal struct EdgeDictionary : IEdgeStore // TypeDefIndex: 13460"
"914708","interface","IEdgeStore","13461","internal interface IEdgeStore // TypeDefIndex: 13461"
"914717","struct","ShadowShape2DProvider_Collider2D.MinMaxBounds","13462","private struct ShadowShape2DProvider_Collider2D.MinMaxBounds // TypeDefIndex: 13462"
"914734","class","ShadowShape2DProvider_Collider2D","13463","internal class ShadowShape2DProvider_Collider2D : ShadowShape2DProvider // TypeDefIndex: 13463"
"914776","class","ShadowShape2DProvider_SpriteRenderer","13464","internal class ShadowShape2DProvider_SpriteRenderer : ShadowShape2DProvider // TypeDefIndex: 13464"
"914821","struct","ShadowEdge","13465","internal struct ShadowEdge // TypeDefIndex: 13465"
"914837","enum","ShadowMesh2D.EdgeProcessing","13466","public enum ShadowMesh2D.EdgeProcessing // TypeDefIndex: 13466"
"914847","class","ShadowMesh2D","13467","internal class ShadowMesh2D : ShadowShape2D // TypeDefIndex: 13467"
"914941","enum","ShadowShape2D.OutlineTopology","13468","public enum ShadowShape2D.OutlineTopology // TypeDefIndex: 13468"
"914950","enum","ShadowShape2D.WindingOrder","13469","public enum ShadowShape2D.WindingOrder // TypeDefIndex: 13469"
"914959","class","ShadowShape2D","13470","public abstract class ShadowShape2D // TypeDefIndex: 13470"
"914983","class","ShadowShape2DProvider","13471","public abstract class ShadowShape2DProvider // TypeDefIndex: 13471"
"915013","enum","ShadowUtility.ProjectionType","13472","public enum ShadowUtility.ProjectionType // TypeDefIndex: 13472"
"915024","struct","ShadowUtility.ShadowMeshVertex","13473","internal struct ShadowUtility.ShadowMeshVertex // TypeDefIndex: 13473"
"915037","struct","ShadowUtility.RemappingInfo","13474","internal struct ShadowUtility.RemappingInfo // TypeDefIndex: 13474"
"915053","class","ShadowUtility.CalculateProjectionInfo_000002F9$PostfixBurstDelegate","13475","internal sealed class ShadowUtility.CalculateProjectionInfo_000002F9$PostfixBurstDelegate : MulticastDelegate // TypeDefIndex: 13475"
"915071","class","ShadowUtility.CalculateProjectionInfo_000002F9$BurstDirectCall","13476","internal static class ShadowUtility.CalculateProjectionInfo_000002F9$BurstDirectCall // TypeDefIndex: 13476"
"915091","class","ShadowUtility.CalculateVertices_000002FA$PostfixBurstDelegate","13477","internal sealed class ShadowUtility.CalculateVertices_000002FA$PostfixBurstDelegate : MulticastDelegate // TypeDefIndex: 13477"
"915109","class","ShadowUtility.CalculateVertices_000002FA$BurstDirectCall","13478","internal static class ShadowUtility.CalculateVertices_000002FA$BurstDirectCall // TypeDefIndex: 13478"
"915129","class","ShadowUtility.CalculateTriangles_000002FB$PostfixBurstDelegate","13479","internal sealed class ShadowUtility.CalculateTriangles_000002FB$PostfixBurstDelegate : MulticastDelegate // TypeDefIndex: 13479"
"915147","class","ShadowUtility.CalculateTriangles_000002FB$BurstDirectCall","13480","internal static class ShadowUtility.CalculateTriangles_000002FB$BurstDirectCall // TypeDefIndex: 13480"
"915167","class","ShadowUtility.CalculateLocalBounds_000002FC$PostfixBurstDelegate","13481","internal sealed class ShadowUtility.CalculateLocalBounds_000002FC$PostfixBurstDelegate : MulticastDelegate // TypeDefIndex: 13481"
"915185","class","ShadowUtility.CalculateLocalBounds_000002FC$BurstDirectCall","13482","internal static class ShadowUtility.CalculateLocalBounds_000002FC$BurstDirectCall // TypeDefIndex: 13482"
"915205","class","ShadowUtility.GenerateInteriorMesh_000002FD$PostfixBurstDelegate","13483","internal sealed class ShadowUtility.GenerateInteriorMesh_000002FD$PostfixBurstDelegate : MulticastDelegate // TypeDefIndex: 13483"
"915223","class","ShadowUtility.GenerateInteriorMesh_000002FD$BurstDirectCall","13484","internal static class ShadowUtility.GenerateInteriorMesh_000002FD$BurstDirectCall // TypeDefIndex: 13484"
"915243","class","ShadowUtility.CalculateEdgesFromLines_000002FF$PostfixBurstDelegate","13485","internal sealed class ShadowUtility.CalculateEdgesFromLines_000002FF$PostfixBurstDelegate : MulticastDelegate // TypeDefIndex: 13485"
"915261","class","ShadowUtility.CalculateEdgesFromLines_000002FF$BurstDirectCall","13486","internal static class ShadowUtility.CalculateEdgesFromLines_000002FF$BurstDirectCall // TypeDefIndex: 13486"
"915281","class","ShadowUtility.GetVertexReferenceStats_00000300$PostfixBurstDelegate","13487","internal sealed class ShadowUtility.GetVertexReferenceStats_00000300$PostfixBurstDelegate : MulticastDelegate // TypeDefIndex: 13487"
"915299","class","ShadowUtility.GetVertexReferenceStats_00000300$BurstDirectCall","13488","internal static class ShadowUtility.GetVertexReferenceStats_00000300$BurstDirectCall // TypeDefIndex: 13488"
"915319","class","ShadowUtility.CalculateEdgesFromTriangles_00000302$PostfixBurstDelegate","13489","internal sealed class ShadowUtility.CalculateEdgesFromTriangles_00000302$PostfixBurstDelegate : MulticastDelegate // TypeDefIndex: 13489"
"915337","class","ShadowUtility.CalculateEdgesFromTriangles_00000302$BurstDirectCall","13490","internal static class ShadowUtility.CalculateEdgesFromTriangles_00000302$BurstDirectCall // TypeDefIndex: 13490"
"915357","class","ShadowUtility.ReverseWindingOrder_00000303$PostfixBurstDelegate","13491","internal sealed class ShadowUtility.ReverseWindingOrder_00000303$PostfixBurstDelegate : MulticastDelegate // TypeDefIndex: 13491"
"915375","class","ShadowUtility.ReverseWindingOrder_00000303$BurstDirectCall","13492","internal static class ShadowUtility.ReverseWindingOrder_00000303$BurstDirectCall // TypeDefIndex: 13492"
"915395","class","ShadowUtility.ClipEdges_00000306$PostfixBurstDelegate","13493","internal sealed class ShadowUtility.ClipEdges_00000306$PostfixBurstDelegate : MulticastDelegate // TypeDefIndex: 13493"
"915413","class","ShadowUtility.ClipEdges_00000306$BurstDirectCall","13494","internal static class ShadowUtility.ClipEdges_00000306$BurstDirectCall // TypeDefIndex: 13494"
"915433","class","ShadowUtility","13495","internal class ShadowUtility // TypeDefIndex: 13495"
"915558","class","ShapeProviderUtility","13496","internal class ShapeProviderUtility // TypeDefIndex: 13496"
"915573","enum","ShadowRendering.ShadowTestType","13497","internal enum ShadowRendering.ShadowTestType // TypeDefIndex: 13497"
"915584","class","ShadowRendering.","13498","private sealed class ShadowRendering.<>c // TypeDefIndex: 13498"
"915624","class","ShadowRendering","13499","internal static class ShadowRendering // TypeDefIndex: 13499"
"915770","struct","ArraySlice","13500","internal struct ArraySlice<T> : IEquatable<ArraySlice<T>> // TypeDefIndex: 13500"
"915942","class","ArraySliceDebugView","13501","internal sealed class ArraySliceDebugView<T> // TypeDefIndex: 13501"
"915970","struct","PlanarGraph","13502","internal struct PlanarGraph // TypeDefIndex: 13502"
"916010","struct","Tessellator.TestHullPointL","13503","private struct Tessellator.TestHullPointL : ICondition2<UHull, float2> // TypeDefIndex: 13503"
"916019","struct","Tessellator.TestHullPointU","13504","private struct Tessellator.TestHullPointU : ICondition2<UHull, float2> // TypeDefIndex: 13504"
"916028","struct","Tessellator.TestHullEventLe","13505","private struct Tessellator.TestHullEventLe : ICondition2<UHull, UEvent> // TypeDefIndex: 13505"
"916037","struct","Tessellator.TestHullEventE","13506","private struct Tessellator.TestHullEventE : ICondition2<UHull, UEvent> // TypeDefIndex: 13506"
"916046","struct","Tessellator.TestEdgePointE","13507","private struct Tessellator.TestEdgePointE : ICondition2<int2, int2> // TypeDefIndex: 13507"
"916055","struct","Tessellator.TestCellE","13508","private struct Tessellator.TestCellE : ICondition2<int3, int3> // TypeDefIndex: 13508"
"916064","struct","Tessellator","13509","internal struct Tessellator // TypeDefIndex: 13509"
"916162","enum","UEventType","13510","internal enum UEventType // TypeDefIndex: 13510"
"916172","struct","UEvent","13511","internal struct UEvent // TypeDefIndex: 13511"
"916182","struct","UHull","13512","internal struct UHull // TypeDefIndex: 13512"
"916195","struct","UStar","13513","internal struct UStar // TypeDefIndex: 13513"
"916203","struct","UBounds","13514","internal struct UBounds // TypeDefIndex: 13514"
"916211","struct","UCircle","13515","internal struct UCircle // TypeDefIndex: 13515"
"916219","struct","UTriangle","13516","internal struct UTriangle // TypeDefIndex: 13516"
"916231","struct","UEncroachingSegment","13517","internal struct UEncroachingSegment // TypeDefIndex: 13517"
"916240","interface","ICondition2","13518","internal interface ICondition2<T, U> // TypeDefIndex: 13518"
"916254","struct","XCompare","13519","internal struct XCompare : IComparer<double> // TypeDefIndex: 13519"
"916265","struct","IntersectionCompare.","13520","public struct IntersectionCompare.<xvasort>e__FixedBuffer // TypeDefIndex: 13520"
"916274","struct","IntersectionCompare.","13521","public struct IntersectionCompare.<xvbsort>e__FixedBuffer // TypeDefIndex: 13521"
"916281","struct","IntersectionCompare","13522","internal struct IntersectionCompare : IComparer<int2> // TypeDefIndex: 13522"
"916298","struct","TessEventCompare","13523","internal struct TessEventCompare : IComparer<UEvent> // TypeDefIndex: 13523"
"916307","struct","TessEdgeCompare","13524","internal struct TessEdgeCompare : IComparer<int2> // TypeDefIndex: 13524"
"916316","struct","TessCellCompare","13525","internal struct TessCellCompare : IComparer<int3> // TypeDefIndex: 13525"
"916325","struct","TessJunctionCompare","13526","internal struct TessJunctionCompare : IComparer<int2> // TypeDefIndex: 13526"
"916334","struct","DelaEdgeCompare","13527","internal struct DelaEdgeCompare : IComparer<int4> // TypeDefIndex: 13527"
"916343","struct","TessLink","13528","internal struct TessLink // TypeDefIndex: 13528"
"916365","struct","ModuleHandle","13529","internal struct ModuleHandle // TypeDefIndex: 13529"
"916563","class","$BurstDirectCallInitializer","13533","internal static class $BurstDirectCallInitializer // TypeDefIndex: 13533"
"916577","class","BigqueryService.Scope","13535","public class BigqueryService.Scope // TypeDefIndex: 13535"
"916598","class","BigqueryService.ScopeConstants","13536","public static class BigqueryService.ScopeConstants // TypeDefIndex: 13536"
"916611","class","BigqueryService","13537","public class BigqueryService : BaseClientService // TypeDefIndex: 13537"
"916709","enum","BigqueryBaseServiceRequest.AltEnum","13538","public enum BigqueryBaseServiceRequest.AltEnum<TResponse> // TypeDefIndex: 13538"
"916718","class","BigqueryBaseServiceRequest","13539","public abstract class BigqueryBaseServiceRequest<TResponse> : ClientServiceRequest<TResponse> // TypeDefIndex: 13539"
"916946","class","DatasetsResource.DeleteRequest","13540","public class DatasetsResource.DeleteRequest : BigqueryBaseServiceRequest<string> // TypeDefIndex: 13540"
"917010","class","DatasetsResource.GetRequest","13541","public class DatasetsResource.GetRequest : BigqueryBaseServiceRequest<Dataset> // TypeDefIndex: 13541"
"917062","class","DatasetsResource.InsertRequest","13542","public class DatasetsResource.InsertRequest : BigqueryBaseServiceRequest<Dataset> // TypeDefIndex: 13542"
"917116","class","DatasetsResource.ListRequest","13543","public class DatasetsResource.ListRequest : BigqueryBaseServiceRequest<DatasetList> // TypeDefIndex: 13543"
"917204","class","DatasetsResource.PatchRequest","13544","public class DatasetsResource.PatchRequest : BigqueryBaseServiceRequest<Dataset> // TypeDefIndex: 13544"
"917270","class","DatasetsResource.UpdateRequest","13545","public class DatasetsResource.UpdateRequest : BigqueryBaseServiceRequest<Dataset> // TypeDefIndex: 13545"
"917336","class","DatasetsResource","13546","public class DatasetsResource // TypeDefIndex: 13546"
"917367","class","JobsResource.CancelRequest","13547","public class JobsResource.CancelRequest : BigqueryBaseServiceRequest<JobCancelResponse> // TypeDefIndex: 13547"
"917431","class","JobsResource.DeleteRequest","13548","public class JobsResource.DeleteRequest : BigqueryBaseServiceRequest<string> // TypeDefIndex: 13548"
"917495","class","JobsResource.GetRequest","13549","public class JobsResource.GetRequest : BigqueryBaseServiceRequest<Job> // TypeDefIndex: 13549"
"917559","class","JobsResource.GetQueryResultsRequest","13550","public class JobsResource.GetQueryResultsRequest : BigqueryBaseServiceRequest<GetQueryResultsResponse> // TypeDefIndex: 13550"
"917671","class","JobsResource.InsertRequest","13551","public class JobsResource.InsertRequest : BigqueryBaseServiceRequest<Job> // TypeDefIndex: 13551"
"917725","enum","JobsResource.InsertMediaUpload.AltEnum","13552","public enum JobsResource.InsertMediaUpload.AltEnum // TypeDefIndex: 13552"
"917734","class","JobsResource.InsertMediaUpload","13553","public class JobsResource.InsertMediaUpload : ResumableUpload<Job, Job> // TypeDefIndex: 13553"
"917843","enum","JobsResource.ListRequest.ProjectionEnum","13554","public enum JobsResource.ListRequest.ProjectionEnum // TypeDefIndex: 13554"
"917854","enum","JobsResource.ListRequest.StateFilterEnum","13555","public enum JobsResource.ListRequest.StateFilterEnum // TypeDefIndex: 13555"
"917867","class","JobsResource.ListRequest","13556","public class JobsResource.ListRequest : BigqueryBaseServiceRequest<JobList> // TypeDefIndex: 13556"
"918015","class","JobsResource.QueryRequest","13557","public class JobsResource.QueryRequest : BigqueryBaseServiceRequest<QueryResponse> // TypeDefIndex: 13557"
"918069","class","JobsResource","13558","public class JobsResource // TypeDefIndex: 13558"
"918106","class","ModelsResource.DeleteRequest","13559","public class ModelsResource.DeleteRequest : BigqueryBaseServiceRequest<string> // TypeDefIndex: 13559"
"918170","class","ModelsResource.GetRequest","13560","public class ModelsResource.GetRequest : BigqueryBaseServiceRequest<Model> // TypeDefIndex: 13560"
"918234","class","ModelsResource.ListRequest","13561","public class ModelsResource.ListRequest : BigqueryBaseServiceRequest<ListModelsResponse> // TypeDefIndex: 13561"
"918310","class","ModelsResource.PatchRequest","13562","public class ModelsResource.PatchRequest : BigqueryBaseServiceRequest<Model> // TypeDefIndex: 13562"
"918388","class","ModelsResource","13563","public class ModelsResource // TypeDefIndex: 13563"
"918413","class","ProjectsResource.GetServiceAccountRequest","13564","public class ProjectsResource.GetServiceAccountRequest : BigqueryBaseServiceRequest<GetServiceAccountResponse> // TypeDefIndex: 13564"
"918453","class","ProjectsResource.ListRequest","13565","public class ProjectsResource.ListRequest : BigqueryBaseServiceRequest<ProjectList> // TypeDefIndex: 13565"
"918505","class","ProjectsResource","13566","public class ProjectsResource // TypeDefIndex: 13566"
"918524","class","RoutinesResource.DeleteRequest","13567","public class RoutinesResource.DeleteRequest : BigqueryBaseServiceRequest<string> // TypeDefIndex: 13567"
"918588","class","RoutinesResource.GetRequest","13568","public class RoutinesResource.GetRequest : BigqueryBaseServiceRequest<Routine> // TypeDefIndex: 13568"
"918664","class","RoutinesResource.InsertRequest","13569","public class RoutinesResource.InsertRequest : BigqueryBaseServiceRequest<Routine> // TypeDefIndex: 13569"
"918730","class","RoutinesResource.ListRequest","13570","public class RoutinesResource.ListRequest : BigqueryBaseServiceRequest<ListRoutinesResponse> // TypeDefIndex: 13570"
"918830","class","RoutinesResource.UpdateRequest","13571","public class RoutinesResource.UpdateRequest : BigqueryBaseServiceRequest<Routine> // TypeDefIndex: 13571"
"918908","class","RoutinesResource","13572","public class RoutinesResource // TypeDefIndex: 13572"
"918936","class","RowAccessPoliciesResource.GetIamPolicyRequest","13573","public class RowAccessPoliciesResource.GetIamPolicyRequest : BigqueryBaseServiceRequest<Policy> // TypeDefIndex: 13573"
"918990","class","RowAccessPoliciesResource.ListRequest","13574","public class RowAccessPoliciesResource.ListRequest : BigqueryBaseServiceRequest<ListRowAccessPoliciesResponse> // TypeDefIndex: 13574"
"919078","class","RowAccessPoliciesResource.SetIamPolicyRequest","13575","public class RowAccessPoliciesResource.SetIamPolicyRequest : BigqueryBaseServiceRequest<Policy> // TypeDefIndex: 13575"
"919132","class","RowAccessPoliciesResource.TestIamPermissionsRequest","13576","public class RowAccessPoliciesResource.TestIamPermissionsRequest : BigqueryBaseServiceRequest<TestIamPermissionsResponse> // TypeDefIndex: 13576"
"919186","class","RowAccessPoliciesResource","13577","public class RowAccessPoliciesResource // TypeDefIndex: 13577"
"919211","class","TabledataResource.InsertAllRequest","13578","public class TabledataResource.InsertAllRequest : BigqueryBaseServiceRequest<TableDataInsertAllResponse> // TypeDefIndex: 13578"
"919289","class","TabledataResource.ListRequest","13579","public class TabledataResource.ListRequest : BigqueryBaseServiceRequest<TableDataList> // TypeDefIndex: 13579"
"919401","class","TabledataResource","13580","public class TabledataResource // TypeDefIndex: 13580"
"919420","class","TablesResource.DeleteRequest","13581","public class TablesResource.DeleteRequest : BigqueryBaseServiceRequest<string> // TypeDefIndex: 13581"
"919484","enum","TablesResource.GetRequest.ViewEnum","13582","public enum TablesResource.GetRequest.ViewEnum // TypeDefIndex: 13582"
"919499","class","TablesResource.GetRequest","13583","public class TablesResource.GetRequest : BigqueryBaseServiceRequest<Table> // TypeDefIndex: 13583"
"919587","class","TablesResource.GetIamPolicyRequest","13584","public class TablesResource.GetIamPolicyRequest : BigqueryBaseServiceRequest<Policy> // TypeDefIndex: 13584"
"919641","class","TablesResource.InsertRequest","13585","public class TablesResource.InsertRequest : BigqueryBaseServiceRequest<Table> // TypeDefIndex: 13585"
"919707","class","TablesResource.ListRequest","13586","public class TablesResource.ListRequest : BigqueryBaseServiceRequest<TableList> // TypeDefIndex: 13586"
"919783","class","TablesResource.PatchRequest","13587","public class TablesResource.PatchRequest : BigqueryBaseServiceRequest<Table> // TypeDefIndex: 13587"
"919873","class","TablesResource.SetIamPolicyRequest","13588","public class TablesResource.SetIamPolicyRequest : BigqueryBaseServiceRequest<Policy> // TypeDefIndex: 13588"
"919927","class","TablesResource.TestIamPermissionsRequest","13589","public class TablesResource.TestIamPermissionsRequest : BigqueryBaseServiceRequest<TestIamPermissionsResponse> // TypeDefIndex: 13589"
"919981","class","TablesResource.UpdateRequest","13590","public class TablesResource.UpdateRequest : BigqueryBaseServiceRequest<Table> // TypeDefIndex: 13590"
"920071","class","TablesResource","13591","public class TablesResource // TypeDefIndex: 13591"
"920111","class","AggregateClassificationMetrics","13592","public class AggregateClassificationMetrics : IDirectResponseSchema // TypeDefIndex: 13592"
"920219","class","Argument","13593","public class Argument : IDirectResponseSchema // TypeDefIndex: 13593"
"920291","class","ArimaCoefficients","13594","public class ArimaCoefficients : IDirectResponseSchema // TypeDefIndex: 13594"
"920351","class","ArimaFittingMetrics","13595","public class ArimaFittingMetrics : IDirectResponseSchema // TypeDefIndex: 13595"
"920411","class","ArimaForecastingMetrics","13596","public class ArimaForecastingMetrics : IDirectResponseSchema // TypeDefIndex: 13596"
"920507","class","ArimaModelInfo","13597","public class ArimaModelInfo : IDirectResponseSchema // TypeDefIndex: 13597"
"920651","class","ArimaOrder","13598","public class ArimaOrder : IDirectResponseSchema // TypeDefIndex: 13598"
"920711","class","ArimaResult","13599","public class ArimaResult : IDirectResponseSchema // TypeDefIndex: 13599"
"920759","class","ArimaSingleModelForecastingMetrics","13600","public class ArimaSingleModelForecastingMetrics : IDirectResponseSchema // TypeDefIndex: 13600"
"920891","class","AuditConfig","13601","public class AuditConfig : IDirectResponseSchema // TypeDefIndex: 13601"
"920939","class","AuditLogConfig","13602","public class AuditLogConfig : IDirectResponseSchema // TypeDefIndex: 13602"
"920987","class","AvroOptions","13603","public class AvroOptions : IDirectResponseSchema // TypeDefIndex: 13603"
"921023","class","BiEngineReason","13604","public class BiEngineReason : IDirectResponseSchema // TypeDefIndex: 13604"
"921071","class","BiEngineStatistics","13605","public class BiEngineStatistics : IDirectResponseSchema // TypeDefIndex: 13605"
"921131","class","BigQueryModelTraining","13606","public class BigQueryModelTraining : IDirectResponseSchema // TypeDefIndex: 13606"
"921179","class","BigtableColumn","13607","public class BigtableColumn : IDirectResponseSchema // TypeDefIndex: 13607"
"921275","class","BigtableColumnFamily","13608","public class BigtableColumnFamily : IDirectResponseSchema // TypeDefIndex: 13608"
"921359","class","BigtableOptions","13609","public class BigtableOptions : IDirectResponseSchema // TypeDefIndex: 13609"
"921419","class","BinaryClassificationMetrics","13610","public class BinaryClassificationMetrics : IDirectResponseSchema // TypeDefIndex: 13610"
"921491","class","BinaryConfusionMatrix","13611","public class BinaryConfusionMatrix : IDirectResponseSchema // TypeDefIndex: 13611"
"921623","class","Binding","13612","public class Binding : IDirectResponseSchema // TypeDefIndex: 13612"
"921683","class","BqmlIterationResult","13613","public class BqmlIterationResult : IDirectResponseSchema // TypeDefIndex: 13613"
"921767","class","BqmlTrainingRun.TrainingOptionsData","13614","public class BqmlTrainingRun.TrainingOptionsData // TypeDefIndex: 13614"
"921888","class","BqmlTrainingRun","13615","public class BqmlTrainingRun : IDirectResponseSchema // TypeDefIndex: 13615"
"921968","class","CategoricalValue","13616","public class CategoricalValue : IDirectResponseSchema // TypeDefIndex: 13616"
"922004","class","CategoryCount","13617","public class CategoryCount : IDirectResponseSchema // TypeDefIndex: 13617"
"922052","class","CloneDefinition","13618","public class CloneDefinition : IDirectResponseSchema // TypeDefIndex: 13618"
"922108","class","Cluster","13619","public class Cluster : IDirectResponseSchema // TypeDefIndex: 13619"
"922168","class","ClusterInfo","13620","public class ClusterInfo : IDirectResponseSchema // TypeDefIndex: 13620"
"922228","class","Clustering","13621","public class Clustering : IDirectResponseSchema // TypeDefIndex: 13621"
"922264","class","ClusteringMetrics","13622","public class ClusteringMetrics : IDirectResponseSchema // TypeDefIndex: 13622"
"922324","class","ConfusionMatrix","13623","public class ConfusionMatrix : IDirectResponseSchema // TypeDefIndex: 13623"
"922372","class","ConnectionProperty","13624","public class ConnectionProperty : IDirectResponseSchema // TypeDefIndex: 13624"
"922420","class","CsvOptions","13625","public class CsvOptions : IDirectResponseSchema // TypeDefIndex: 13625"
"922540","class","DataMaskingStatistics","13626","public class DataMaskingStatistics : IDirectResponseSchema // TypeDefIndex: 13626"
"922576","class","DataSplitResult","13627","public class DataSplitResult : IDirectResponseSchema // TypeDefIndex: 13627"
"922636","class","Dataset.AccessData","13628","public class Dataset.AccessData // TypeDefIndex: 13628"
"922757","class","Dataset.TagsData","13629","public class Dataset.TagsData // TypeDefIndex: 13629"
"922794","class","Dataset","13630","public class Dataset : IDirectResponseSchema // TypeDefIndex: 13630"
"923059","class","DatasetAccessEntry","13631","public class DatasetAccessEntry : IDirectResponseSchema // TypeDefIndex: 13631"
"923107","class","DatasetList.DatasetsData","13632","public class DatasetList.DatasetsData // TypeDefIndex: 13632"
"923192","class","DatasetList","13633","public class DatasetList : IDirectResponseSchema // TypeDefIndex: 13633"
"923253","class","DatasetReference","13634","public class DatasetReference : IDirectResponseSchema // TypeDefIndex: 13634"
"923301","class","DestinationTableProperties","13635","public class DestinationTableProperties : IDirectResponseSchema // TypeDefIndex: 13635"
"923381","class","DimensionalityReductionMetrics","13636","public class DimensionalityReductionMetrics : IDirectResponseSchema // TypeDefIndex: 13636"
"923417","class","DmlStatistics","13637","public class DmlStatistics : IDirectResponseSchema // TypeDefIndex: 13637"
"923477","class","DoubleCandidates","13638","public class DoubleCandidates : IDirectResponseSchema // TypeDefIndex: 13638"
"923513","class","DoubleHparamSearchSpace","13639","public class DoubleHparamSearchSpace : IDirectResponseSchema // TypeDefIndex: 13639"
"923561","class","DoubleRange","13640","public class DoubleRange : IDirectResponseSchema // TypeDefIndex: 13640"
"923609","class","EncryptionConfiguration","13641","public class EncryptionConfiguration : IDirectResponseSchema // TypeDefIndex: 13641"
"923645","class","Entry","13642","public class Entry : IDirectResponseSchema // TypeDefIndex: 13642"
"923693","class","ErrorProto","13643","public class ErrorProto : IDirectResponseSchema // TypeDefIndex: 13643"
"923765","class","EvaluationMetrics","13644","public class EvaluationMetrics : IDirectResponseSchema // TypeDefIndex: 13644"
"923873","class","ExplainQueryStage","13645","public class ExplainQueryStage : IDirectResponseSchema // TypeDefIndex: 13645"
"924257","class","ExplainQueryStep","13646","public class ExplainQueryStep : IDirectResponseSchema // TypeDefIndex: 13646"
"924305","class","Explanation","13647","public class Explanation : IDirectResponseSchema // TypeDefIndex: 13647"
"924353","class","Expr","13648","public class Expr : IDirectResponseSchema // TypeDefIndex: 13648"
"924425","class","ExternalDataConfiguration","13649","public class ExternalDataConfiguration : IDirectResponseSchema // TypeDefIndex: 13649"
"924665","class","FeatureValue","13650","public class FeatureValue : IDirectResponseSchema // TypeDefIndex: 13650"
"924725","class","GetIamPolicyRequest","13651","public class GetIamPolicyRequest : IDirectResponseSchema // TypeDefIndex: 13651"
"924761","class","GetPolicyOptions","13652","public class GetPolicyOptions : IDirectResponseSchema // TypeDefIndex: 13652"
"924797","class","GetQueryResultsResponse","13653","public class GetQueryResultsResponse : IDirectResponseSchema // TypeDefIndex: 13653"
"924954","class","GetServiceAccountResponse","13654","public class GetServiceAccountResponse : IDirectResponseSchema // TypeDefIndex: 13654"
"925002","class","GlobalExplanation","13655","public class GlobalExplanation : IDirectResponseSchema // TypeDefIndex: 13655"
"925050","class","GoogleSheetsOptions","13656","public class GoogleSheetsOptions : IDirectResponseSchema // TypeDefIndex: 13656"
"925098","class","HivePartitioningOptions","13657","public class HivePartitioningOptions : IDirectResponseSchema // TypeDefIndex: 13657"
"925158","class","HparamSearchSpaces","13658","public class HparamSearchSpaces : IDirectResponseSchema // TypeDefIndex: 13658"
"925446","class","HparamTuningTrial","13659","public class HparamTuningTrial : IDirectResponseSchema // TypeDefIndex: 13659"
"925590","class","IndexUnusedReason","13660","public class IndexUnusedReason : IDirectResponseSchema // TypeDefIndex: 13660"
"925662","class","IntArray","13661","public class IntArray : IDirectResponseSchema // TypeDefIndex: 13661"
"925698","class","IntArrayHparamSearchSpace","13662","public class IntArrayHparamSearchSpace : IDirectResponseSchema // TypeDefIndex: 13662"
"925734","class","IntCandidates","13663","public class IntCandidates : IDirectResponseSchema // TypeDefIndex: 13663"
"925770","class","IntHparamSearchSpace","13664","public class IntHparamSearchSpace : IDirectResponseSchema // TypeDefIndex: 13664"
"925818","class","IntRange","13665","public class IntRange : IDirectResponseSchema // TypeDefIndex: 13665"
"925866","class","IterationResult","13666","public class IterationResult : IDirectResponseSchema // TypeDefIndex: 13666"
"925950","class","Job","13667","public class Job : IDirectResponseSchema // TypeDefIndex: 13667"
"926071","class","JobCancelResponse","13668","public class JobCancelResponse : IDirectResponseSchema // TypeDefIndex: 13668"
"926119","class","JobConfiguration","13669","public class JobConfiguration : IDirectResponseSchema // TypeDefIndex: 13669"
"926239","class","JobConfigurationExtract","13670","public class JobConfigurationExtract : IDirectResponseSchema // TypeDefIndex: 13670"
"926371","class","JobConfigurationLoad","13671","public class JobConfigurationLoad : IDirectResponseSchema // TypeDefIndex: 13671"
"926803","class","JobConfigurationQuery","13672","public class JobConfigurationQuery : IDirectResponseSchema // TypeDefIndex: 13672"
"927115","class","JobConfigurationTableCopy","13673","public class JobConfigurationTableCopy : IDirectResponseSchema // TypeDefIndex: 13673"
"927235","class","JobList.JobsData","13674","public class JobList.JobsData // TypeDefIndex: 13674"
"927356","class","JobList","13675","public class JobList : IDirectResponseSchema // TypeDefIndex: 13675"
"927417","class","JobReference","13676","public class JobReference : IDirectResponseSchema // TypeDefIndex: 13676"
"927477","class","JobStatistics.ReservationUsageData","13677","public class JobStatistics.ReservationUsageData // TypeDefIndex: 13677"
"927514","class","JobStatistics","13678","public class JobStatistics : IDirectResponseSchema // TypeDefIndex: 13678"
"927778","class","JobStatistics2.ReservationUsageData","13679","public class JobStatistics2.ReservationUsageData // TypeDefIndex: 13679"
"927815","class","JobStatistics2","13680","public class JobStatistics2 : IDirectResponseSchema // TypeDefIndex: 13680"
"928235","class","JobStatistics3","13681","public class JobStatistics3 : IDirectResponseSchema // TypeDefIndex: 13681"
"928319","class","JobStatistics4","13682","public class JobStatistics4 : IDirectResponseSchema // TypeDefIndex: 13682"
"928367","class","JobStatistics5","13683","public class JobStatistics5 : IDirectResponseSchema // TypeDefIndex: 13683"
"928415","class","JobStatus","13684","public class JobStatus : IDirectResponseSchema // TypeDefIndex: 13684"
"928475","class","ListModelsResponse","13685","public class ListModelsResponse : IDirectResponseSchema // TypeDefIndex: 13685"
"928523","class","ListRoutinesResponse","13686","public class ListRoutinesResponse : IDirectResponseSchema // TypeDefIndex: 13686"
"928571","class","ListRowAccessPoliciesResponse","13687","public class ListRowAccessPoliciesResponse : IDirectResponseSchema // TypeDefIndex: 13687"
"928619","class","LocationMetadata","13688","public class LocationMetadata : IDirectResponseSchema // TypeDefIndex: 13688"
"928655","class","MaterializedViewDefinition","13689","public class MaterializedViewDefinition : IDirectResponseSchema // TypeDefIndex: 13689"
"928751","class","MlStatistics","13690","public class MlStatistics : IDirectResponseSchema // TypeDefIndex: 13690"
"928799","class","Model","13691","public class Model : IDirectResponseSchema // TypeDefIndex: 13691"
"929040","class","ModelDefinition.ModelOptionsData","13692","public class ModelDefinition.ModelOptionsData // TypeDefIndex: 13692"
"929089","class","ModelDefinition","13693","public class ModelDefinition : IDirectResponseSchema // TypeDefIndex: 13693"
"929137","class","ModelReference","13694","public class ModelReference : IDirectResponseSchema // TypeDefIndex: 13694"
"929197","class","MultiClassClassificationMetrics","13695","public class MultiClassClassificationMetrics : IDirectResponseSchema // TypeDefIndex: 13695"
"929245","class","ParquetOptions","13696","public class ParquetOptions : IDirectResponseSchema // TypeDefIndex: 13696"
"929293","class","Policy","13697","public class Policy : IDirectResponseSchema // TypeDefIndex: 13697"
"929354","class","PrincipalComponentInfo","13698","public class PrincipalComponentInfo : IDirectResponseSchema // TypeDefIndex: 13698"
"929426","class","ProjectList.ProjectsData","13699","public class ProjectList.ProjectsData // TypeDefIndex: 13699"
"929499","class","ProjectList","13700","public class ProjectList : IDirectResponseSchema // TypeDefIndex: 13700"
"929572","class","ProjectReference","13701","public class ProjectReference : IDirectResponseSchema // TypeDefIndex: 13701"
"929608","class","QueryParameter","13702","public class QueryParameter : IDirectResponseSchema // TypeDefIndex: 13702"
"929668","class","QueryParameterType.StructTypesData","13703","public class QueryParameterType.StructTypesData // TypeDefIndex: 13703"
"929717","class","QueryParameterType","13704","public class QueryParameterType : IDirectResponseSchema // TypeDefIndex: 13704"
"929777","class","QueryParameterValue","13705","public class QueryParameterValue : IDirectResponseSchema // TypeDefIndex: 13705"
"929837","class","QueryRequest","13706","public class QueryRequest : IDirectResponseSchema // TypeDefIndex: 13706"
"930065","class","QueryResponse","13707","public class QueryResponse : IDirectResponseSchema // TypeDefIndex: 13707"
"930245","class","QueryTimelineSample","13708","public class QueryTimelineSample : IDirectResponseSchema // TypeDefIndex: 13708"
"930341","class","RangePartitioning.RangeData","13709","public class RangePartitioning.RangeData // TypeDefIndex: 13709"
"930390","class","RangePartitioning","13710","public class RangePartitioning : IDirectResponseSchema // TypeDefIndex: 13710"
"930438","class","RankingMetrics","13711","public class RankingMetrics : IDirectResponseSchema // TypeDefIndex: 13711"
"930510","class","RegressionMetrics","13712","public class RegressionMetrics : IDirectResponseSchema // TypeDefIndex: 13712"
"930594","class","RemoteFunctionOptions","13713","public class RemoteFunctionOptions : IDirectResponseSchema // TypeDefIndex: 13713"
"930666","class","Routine","13714","public class Routine : IDirectResponseSchema // TypeDefIndex: 13714"
"930871","class","RoutineReference","13715","public class RoutineReference : IDirectResponseSchema // TypeDefIndex: 13715"
"930931","class","Row","13716","public class Row : IDirectResponseSchema // TypeDefIndex: 13716"
"930979","class","RowAccessPolicy","13717","public class RowAccessPolicy : IDirectResponseSchema // TypeDefIndex: 13717"
"931052","class","RowAccessPolicyReference","13718","public class RowAccessPolicyReference : IDirectResponseSchema // TypeDefIndex: 13718"
"931124","class","RowLevelSecurityStatistics","13719","public class RowLevelSecurityStatistics : IDirectResponseSchema // TypeDefIndex: 13719"
"931160","class","ScriptStackFrame","13720","public class ScriptStackFrame : IDirectResponseSchema // TypeDefIndex: 13720"
"931256","class","ScriptStatistics","13721","public class ScriptStatistics : IDirectResponseSchema // TypeDefIndex: 13721"
"931304","class","SearchStatistics","13722","public class SearchStatistics : IDirectResponseSchema // TypeDefIndex: 13722"
"931352","class","SessionInfo","13723","public class SessionInfo : IDirectResponseSchema // TypeDefIndex: 13723"
"931388","class","SetIamPolicyRequest","13724","public class SetIamPolicyRequest : IDirectResponseSchema // TypeDefIndex: 13724"
"931436","class","SnapshotDefinition","13725","public class SnapshotDefinition : IDirectResponseSchema // TypeDefIndex: 13725"
"931492","class","SparkLoggingInfo","13726","public class SparkLoggingInfo : IDirectResponseSchema // TypeDefIndex: 13726"
"931540","class","SparkOptions","13727","public class SparkOptions : IDirectResponseSchema // TypeDefIndex: 13727"
"931672","class","SparkStatistics","13728","public class SparkStatistics : IDirectResponseSchema // TypeDefIndex: 13728"
"931744","class","StandardSqlDataType","13729","public class StandardSqlDataType : IDirectResponseSchema // TypeDefIndex: 13729"
"931804","class","StandardSqlField","13730","public class StandardSqlField : IDirectResponseSchema // TypeDefIndex: 13730"
"931852","class","StandardSqlStructType","13731","public class StandardSqlStructType : IDirectResponseSchema // TypeDefIndex: 13731"
"931888","class","StandardSqlTableType","13732","public class StandardSqlTableType : IDirectResponseSchema // TypeDefIndex: 13732"
"931924","class","Streamingbuffer","13733","public class Streamingbuffer : IDirectResponseSchema // TypeDefIndex: 13733"
"931984","class","StringHparamSearchSpace","13734","public class StringHparamSearchSpace : IDirectResponseSchema // TypeDefIndex: 13734"
"932020","class","Table","13735","public class Table : IDirectResponseSchema // TypeDefIndex: 13735"
"932513","class","TableCell","13736","public class TableCell : IDirectResponseSchema // TypeDefIndex: 13736"
"932549","class","TableDataInsertAllRequest.RowsData","13737","public class TableDataInsertAllRequest.RowsData // TypeDefIndex: 13737"
"932586","class","TableDataInsertAllRequest","13738","public class TableDataInsertAllRequest : IDirectResponseSchema // TypeDefIndex: 13738"
"932670","class","TableDataInsertAllResponse.InsertErrorsData","13739","public class TableDataInsertAllResponse.InsertErrorsData // TypeDefIndex: 13739"
"932707","class","TableDataInsertAllResponse","13740","public class TableDataInsertAllResponse : IDirectResponseSchema // TypeDefIndex: 13740"
"932755","class","TableDataList","13741","public class TableDataList : IDirectResponseSchema // TypeDefIndex: 13741"
"932828","class","TableFieldSchema.CategoriesData","13742","public class TableFieldSchema.CategoriesData // TypeDefIndex: 13742"
"932853","class","TableFieldSchema.PolicyTagsData","13743","public class TableFieldSchema.PolicyTagsData // TypeDefIndex: 13743"
"932878","class","TableFieldSchema","13744","public class TableFieldSchema : IDirectResponseSchema // TypeDefIndex: 13744"
"933046","class","TableList.TablesData.ViewData","13745","public class TableList.TablesData.ViewData // TypeDefIndex: 13745"
"933071","class","TableList.TablesData","13746","public class TableList.TablesData // TypeDefIndex: 13746"
"933228","class","TableList","13747","public class TableList : IDirectResponseSchema // TypeDefIndex: 13747"
"933301","class","TableReference","13748","public class TableReference : IDirectResponseSchema // TypeDefIndex: 13748"
"933361","class","TableRow","13749","public class TableRow : IDirectResponseSchema // TypeDefIndex: 13749"
"933397","class","TableSchema","13750","public class TableSchema : IDirectResponseSchema // TypeDefIndex: 13750"
"933433","class","TestIamPermissionsRequest","13751","public class TestIamPermissionsRequest : IDirectResponseSchema // TypeDefIndex: 13751"
"933469","class","TestIamPermissionsResponse","13752","public class TestIamPermissionsResponse : IDirectResponseSchema // TypeDefIndex: 13752"
"933505","class","TimePartitioning","13753","public class TimePartitioning : IDirectResponseSchema // TypeDefIndex: 13753"
"933577","class","TrainingOptions","13754","public class TrainingOptions : IDirectResponseSchema // TypeDefIndex: 13754"
"934405","class","TrainingRun","13755","public class TrainingRun : IDirectResponseSchema // TypeDefIndex: 13755"
"934549","class","TransactionInfo","13756","public class TransactionInfo : IDirectResponseSchema // TypeDefIndex: 13756"
"934585","class","UserDefinedFunctionResource","13757","public class UserDefinedFunctionResource : IDirectResponseSchema // TypeDefIndex: 13757"
"934633","class","ViewDefinition","13758","public class ViewDefinition : IDirectResponseSchema // TypeDefIndex: 13758"
"934871","class","EmbeddedAttribute","13762","internal sealed class EmbeddedAttribute : Attribute // TypeDefIndex: 13762"
"934882","class","IsReadOnlyAttribute","13763","internal sealed class IsReadOnlyAttribute : Attribute // TypeDefIndex: 13763"
"934891","class","GoogleJsonWebSignature.ValidationSettings","13764","public sealed class GoogleJsonWebSignature.ValidationSettings // TypeDefIndex: 13764"
"934990","class","GoogleJsonWebSignature.Header","13765","public class GoogleJsonWebSignature.Header : JsonWebSignature.Header // TypeDefIndex: 13765"
"934999","class","GoogleJsonWebSignature.Payload","13766","public class GoogleJsonWebSignature.Payload : JsonWebSignature.Payload // TypeDefIndex: 13766"
"935133","struct","GoogleJsonWebSignature.","13767","private struct GoogleJsonWebSignature.<ValidateInternalAsync>d__6 : IAsyncStateMachine // TypeDefIndex: 13767"
"935154","class","GoogleJsonWebSignature","13768","public class GoogleJsonWebSignature // TypeDefIndex: 13768"
"935181","class","InvalidJwtException","13769","public class InvalidJwtException : Exception // TypeDefIndex: 13769"
"935190","class","JsonWebSignature.Header","13770","public class JsonWebSignature.Header : JsonWebToken.Header // TypeDefIndex: 13770"
"935299","class","JsonWebSignature.Payload","13771","public class JsonWebSignature.Payload : JsonWebToken.Payload // TypeDefIndex: 13771"
"935309","struct","JsonWebSignature.","13772","private struct JsonWebSignature.<VerifySignedTokenAsync>d__1<TPayload> : IAsyncStateMachine // TypeDefIndex: 13772"
"935341","class","JsonWebSignature","13773","public class JsonWebSignature // TypeDefIndex: 13773"
"935362","class","JsonWebToken.Header","13774","public class JsonWebToken.Header // TypeDefIndex: 13774"
"935399","class","JsonWebToken.Payload","13775","public class JsonWebToken.Payload // TypeDefIndex: 13775"
"935547","class","JsonWebToken","13776","public class JsonWebToken // TypeDefIndex: 13776"
"935562","class","SignedToken","13777","internal class SignedToken<TJwsHeader, TJwsPayload> // TypeDefIndex: 13777"
"935666","struct","SignedTokenVerification.CertificateCacheBase.CachedCertificates","13778","internal struct SignedTokenVerification.CertificateCacheBase.CachedCertificates // TypeDefIndex: 13778"
"935692","class","SignedTokenVerification.CertificateCacheBase.","13779","private sealed class SignedTokenVerification.CertificateCacheBase.<>c__DisplayClass5_0 // TypeDefIndex: 13779"
"935708","struct","SignedTokenVerification.CertificateCacheBase.","13780","private struct SignedTokenVerification.CertificateCacheBase.<GetCertificatesAsync>d__5 : IAsyncStateMachine // TypeDefIndex: 13780"
"935733","class","SignedTokenVerification.CertificateCacheBase","13781","internal abstract class SignedTokenVerification.CertificateCacheBase // TypeDefIndex: 13781"
"935759","struct","SignedTokenVerification.CertificateCache.","13782","private struct SignedTokenVerification.CertificateCache.<FetchCertificatesAsync>d__1 : IAsyncStateMachine // TypeDefIndex: 13782"
"935779","class","SignedTokenVerification.CertificateCache","13783","internal sealed class SignedTokenVerification.CertificateCache : SignedTokenVerification.CertificateCacheBase // TypeDefIndex: 13783"
"935794","class","SignedTokenVerification.","13784","private sealed class SignedTokenVerification.<>c__1<TJswHeader, TJswPayload> // TypeDefIndex: 13784"
"935829","struct","SignedTokenVerification.","13785","private struct SignedTokenVerification.<GetCertificatesAsync>d__5 : IAsyncStateMachine // TypeDefIndex: 13785"
"935852","struct","SignedTokenVerification.","13786","private struct SignedTokenVerification.<VerifyES256TokenAsync>d__4<TJswHeader, TJswPayload> : IAsyncStateMachine // TypeDefIndex: 13786"
"935884","struct","SignedTokenVerification.","13787","private struct SignedTokenVerification.<VerifyRS256TokenAsync>d__2<TJswHeader, TJswPayload> : IAsyncStateMachine // TypeDefIndex: 13787"
"935916","struct","SignedTokenVerification.","13788","private struct SignedTokenVerification.<VerifySignedTokenAsync>d__1<TJswHeader, TJswPayload> : IAsyncStateMachine // TypeDefIndex: 13788"
"935947","class","SignedTokenVerification","13789","internal static class SignedTokenVerification // TypeDefIndex: 13789"
"936011","class","SignedTokenVerificationOptions","13790","public sealed class SignedTokenVerificationOptions // TypeDefIndex: 13790"
"936104","struct","TaskExtensions.","13791","private struct TaskExtensions.<>c__DisplayClass0_0.<<WithCancellationToken>g__ImplAsync|0>d<T> : IAsyncStateMachine // TypeDefIndex: 13791"
"936142","class","TaskExtensions.","13792","private sealed class TaskExtensions.<>c__DisplayClass0_0<T> // TypeDefIndex: 13792"
"936176","class","TaskExtensions.","13793","private sealed class TaskExtensions.<>c__DisplayClass0_1<T> // TypeDefIndex: 13793"
"936208","class","TaskExtensions","13794","internal static class TaskExtensions // TypeDefIndex: 13794"
"936226","class","TokenEncodingHelpers","13795","internal static class TokenEncodingHelpers // TypeDefIndex: 13795"
"936247","class","AccessTokenCredential","13796","internal class AccessTokenCredential : IGoogleCredential, ICredential, IConfigurableHttpClientInitializer, ITokenAccess, ITokenAccessWithHeaders, IHttpExecuteInterceptor // TypeDefIndex: 13796"
"936301","class","AccessTokenWithHeaders.Builder","13797","public class AccessTokenWithHeaders.Builder // TypeDefIndex: 13797"
"936328","class","AccessTokenWithHeaders","13798","public sealed class AccessTokenWithHeaders // TypeDefIndex: 13798"
"936369","class","AuthorizationCodeInstalledApp.NoOpPckeAuthorizationFlow","13799","private class AuthorizationCodeInstalledApp.NoOpPckeAuthorizationFlow : IPkceAuthorizationCodeFlow, IAuthorizationCodeFlow, IDisposable // TypeDefIndex: 13799"
"936426","struct","AuthorizationCodeInstalledApp.","13800","private struct AuthorizationCodeInstalledApp.<AuthorizeAsync>d__8 : IAsyncStateMachine // TypeDefIndex: 13800"
"936450","class","AuthorizationCodeInstalledApp","13801","public class AuthorizationCodeInstalledApp : IAuthorizationCodeInstalledApp // TypeDefIndex: 13801"
"936485","struct","AwsExternalAccountCredential.AwsMetadataServerClient.","13802","private struct AwsExternalAccountCredential.AwsMetadataServerClient.<FetchImdsV2SessionTokenAsync>d__10 : IAsyncStateMachine // TypeDefIndex: 13802"
"936506","struct","AwsExternalAccountCredential.AwsMetadataServerClient.","13803","private struct AwsExternalAccountCredential.AwsMetadataServerClient.<FetchMetadataAsync>d__11 : IAsyncStateMachine // TypeDefIndex: 13803"
"936528","class","AwsExternalAccountCredential.AwsMetadataServerClient","13804","internal sealed class AwsExternalAccountCredential.AwsMetadataServerClient // TypeDefIndex: 13804"
"936560","struct","AwsExternalAccountCredential.AwsRegion.","13805","private struct AwsExternalAccountCredential.AwsRegion.<FetchAsync>d__5 : IAsyncStateMachine // TypeDefIndex: 13805"
"936581","struct","AwsExternalAccountCredential.AwsRegion.","13806","private struct AwsExternalAccountCredential.AwsRegion.<MaybeFromMetadataAsync>d__7 : IAsyncStateMachine // TypeDefIndex: 13806"
"936601","class","AwsExternalAccountCredential.AwsRegion","13807","internal sealed class AwsExternalAccountCredential.AwsRegion // TypeDefIndex: 13807"
"936636","struct","AwsExternalAccountCredential.AwsSecurityCredentials.AwsSecurityCredentialsResponse","13808","private struct AwsExternalAccountCredential.AwsSecurityCredentials.AwsSecurityCredentialsResponse // TypeDefIndex: 13808"
"936704","struct","AwsExternalAccountCredential.AwsSecurityCredentials.","13809","private struct AwsExternalAccountCredential.AwsSecurityCredentials.<>c__DisplayClass15_0.<<MaybeFromMetadataAsync>g__BuildSecurityCredentialsEndpointAsync|0>d : IAsyncStateMachine // TypeDefIndex: 13809"
"936725","class","AwsExternalAccountCredential.AwsSecurityCredentials.","13810","private sealed class AwsExternalAccountCredential.AwsSecurityCredentials.<>c__DisplayClass15_0 // TypeDefIndex: 13810"
"936743","struct","AwsExternalAccountCredential.AwsSecurityCredentials.","13811","private struct AwsExternalAccountCredential.AwsSecurityCredentials.<FetchAsync>d__13 : IAsyncStateMachine // TypeDefIndex: 13811"
"936764","struct","AwsExternalAccountCredential.AwsSecurityCredentials.","13812","private struct AwsExternalAccountCredential.AwsSecurityCredentials.<MaybeFromMetadataAsync>d__15 : IAsyncStateMachine // TypeDefIndex: 13812"
"936787","class","AwsExternalAccountCredential.AwsSecurityCredentials","13813","internal sealed class AwsExternalAccountCredential.AwsSecurityCredentials // TypeDefIndex: 13813"
"936835","class","AwsExternalAccountCredential.AwsSignedSubjectToken.AwsSignedSubjectTokenHeader","13814","public sealed class AwsExternalAccountCredential.AwsSignedSubjectToken.AwsSignedSubjectTokenHeader // TypeDefIndex: 13814"
"936877","class","AwsExternalAccountCredential.AwsSignedSubjectToken.","13815","private sealed class AwsExternalAccountCredential.AwsSignedSubjectToken.<>c // TypeDefIndex: 13815"
"936905","struct","AwsExternalAccountCredential.AwsSignedSubjectToken.","13816","private struct AwsExternalAccountCredential.AwsSignedSubjectToken.<>c__DisplayClass24_0 // TypeDefIndex: 13816"
"936924","class","AwsExternalAccountCredential.AwsSignedSubjectToken","13817","internal sealed class AwsExternalAccountCredential.AwsSignedSubjectToken // TypeDefIndex: 13817"
"937025","class","AwsExternalAccountCredential.Initializer","13818","internal class AwsExternalAccountCredential.Initializer : ExternalAccountCredential.Initializer // TypeDefIndex: 13818"
"937085","struct","AwsExternalAccountCredential.","13819","private struct AwsExternalAccountCredential.<GetSubjectTokenAsyncImpl>d__21 : IAsyncStateMachine // TypeDefIndex: 13819"
"937108","class","AwsExternalAccountCredential","13820","public sealed class AwsExternalAccountCredential : ExternalAccountCredential, IGoogleCredential, ICredential, IConfigurableHttpClientInitializer, ITokenAccess, ITokenAccessWithHeaders // TypeDefIndex: 13820"
"937187","class","AwsCanonicalRequestUriExtensions.","13821","private sealed class AwsCanonicalRequestUriExtensions.<>c // TypeDefIndex: 13821"
"937207","class","AwsCanonicalRequestUriExtensions","13822","internal static class AwsCanonicalRequestUriExtensions // TypeDefIndex: 13822"
"937229","class","BearerToken.AuthorizationHeaderAccessMethod","13823","public class BearerToken.AuthorizationHeaderAccessMethod : IAccessMethod // TypeDefIndex: 13823"
"937248","class","BearerToken.QueryParameterAccessMethod","13824","public class BearerToken.QueryParameterAccessMethod : IAccessMethod // TypeDefIndex: 13824"
"937266","class","BearerToken","13825","public class BearerToken // TypeDefIndex: 13825"
"937275","class","ClientSecrets","13826","public sealed class ClientSecrets // TypeDefIndex: 13826"
"937312","class","ComputeCredential.Initializer","13827","public class ComputeCredential.Initializer : ServiceCredential.Initializer // TypeDefIndex: 13827"
"937343","class","ComputeCredential.","13828","private sealed class ComputeCredential.<>c // TypeDefIndex: 13828"
"937362","class","ComputeCredential.","13829","private sealed class ComputeCredential.<>c__DisplayClass27_0 // TypeDefIndex: 13829"
"937380","struct","ComputeCredential.","13830","private struct ComputeCredential.<FetchDefaultServiceAccountEmailAsync>d__30 : IAsyncStateMachine // TypeDefIndex: 13830"
"937401","struct","ComputeCredential.","13831","private struct ComputeCredential.<IsRunningOnComputeEngineNoCache>d__33 : IAsyncStateMachine // TypeDefIndex: 13831"
"937422","struct","ComputeCredential.","13832","private struct ComputeCredential.<RefreshOidcTokenAsync>d__28 : IAsyncStateMachine // TypeDefIndex: 13832"
"937446","struct","ComputeCredential.","13833","private struct ComputeCredential.<RequestAccessTokenAsync>d__26 : IAsyncStateMachine // TypeDefIndex: 13833"
"937468","struct","ComputeCredential.","13834","private struct ComputeCredential.<SignBlobAsync>d__29 : IAsyncStateMachine // TypeDefIndex: 13834"
"937491","class","ComputeCredential","13835","public class ComputeCredential : ServiceCredential, IOidcTokenProvider, IGoogleCredential, ICredential, IConfigurableHttpClientInitializer, ITokenAccess, ITokenAccessWithHeaders, IBlobSigner // TypeDefIndex: 13835"
"937589","struct","DefaultCredentialProvider.","13836","private struct DefaultCredentialProvider.<<CreateDefaultCredentialAsync>g__GetAdcFromComputeAsync|11_2>d : IAsyncStateMachine // TypeDefIndex: 13836"
"937608","struct","DefaultCredentialProvider.","13837","private struct DefaultCredentialProvider.<<CreateDefaultCredentialAsync>g__GetAdcFromEnvironmentVariableAsync|11_0>d : IAsyncStateMachine // TypeDefIndex: 13837"
"937629","struct","DefaultCredentialProvider.","13838","private struct DefaultCredentialProvider.<<CreateDefaultCredentialAsync>g__GetAdcFromWellKnownFileAsync|11_1>d : IAsyncStateMachine // TypeDefIndex: 13838"
"937650","struct","DefaultCredentialProvider.","13839","private struct DefaultCredentialProvider.<CreateDefaultCredentialAsync>d__11 : IAsyncStateMachine // TypeDefIndex: 13839"
"937670","struct","DefaultCredentialProvider.","13840","private struct DefaultCredentialProvider.<CreateDefaultCredentialFromFileAsync>d__12 : IAsyncStateMachine // TypeDefIndex: 13840"
"937693","struct","DefaultCredentialProvider.","13841","private struct DefaultCredentialProvider.<CreateDefaultCredentialFromStreamAsync>d__14 : IAsyncStateMachine // TypeDefIndex: 13841"
"937714","class","DefaultCredentialProvider","13842","internal class DefaultCredentialProvider // TypeDefIndex: 13842"
"937797","class","SubjectTokenException","13843","public class SubjectTokenException : Exception // TypeDefIndex: 13843"
"937806","class","ExternalAccountCredential.Initializer","13844","internal abstract class ExternalAccountCredential.Initializer : ServiceCredential.Initializer // TypeDefIndex: 13844"
"937884","struct","ExternalAccountCredential.","13845","private struct ExternalAccountCredential.<GetSubjectTokenAsync>d__33 : IAsyncStateMachine // TypeDefIndex: 13845"
"937905","struct","ExternalAccountCredential.","13846","private struct ExternalAccountCredential.<RequestAccessTokenAsync>d__35 : IAsyncStateMachine // TypeDefIndex: 13846"
"937928","struct","ExternalAccountCredential.","13847","private struct ExternalAccountCredential.<RequestStsAccessTokenAsync>d__34 : IAsyncStateMachine // TypeDefIndex: 13847"
"937951","class","ExternalAccountCredential","13848","public abstract class ExternalAccountCredential : ServiceCredential // TypeDefIndex: 13848"
"938050","class","FileSourcedExternalAccountCredential.Initializer","13849","internal class FileSourcedExternalAccountCredential.Initializer : ExternalAccountCredential.Initializer // TypeDefIndex: 13849"
"938088","struct","FileSourcedExternalAccountCredential.","13850","private struct FileSourcedExternalAccountCredential.<<GetSubjectTokenAsyncImpl>g__ReadSubjectTokenFileContentAsync|9_0>d : IAsyncStateMachine // TypeDefIndex: 13850"
"938109","struct","FileSourcedExternalAccountCredential.","13851","private struct FileSourcedExternalAccountCredential.<GetSubjectTokenAsyncImpl>d__9 : IAsyncStateMachine // TypeDefIndex: 13851"
"938128","class","FileSourcedExternalAccountCredential","13852","public sealed class FileSourcedExternalAccountCredential : ExternalAccountCredential, IGoogleCredential, ICredential, IConfigurableHttpClientInitializer, ITokenAccess, ITokenAccessWithHeaders // TypeDefIndex: 13852"
"938191","class","GoogleAuthConsts","13853","public static class GoogleAuthConsts // TypeDefIndex: 13853"
"938250","struct","GoogleClientSecrets.","13854","private struct GoogleClientSecrets.<FromFileAsync>d__14 : IAsyncStateMachine // TypeDefIndex: 13854"
"938271","class","GoogleClientSecrets","13855","public sealed class GoogleClientSecrets // TypeDefIndex: 13855"
"938331","class","GoogleCredential.","13856","private sealed class GoogleCredential.<>c // TypeDefIndex: 13856"
"938351","struct","GoogleCredential.","13857","private struct GoogleCredential.<FromFileAsync>d__9 : IAsyncStateMachine // TypeDefIndex: 13857"
"938373","struct","GoogleCredential.","13858","private struct GoogleCredential.<SignBlobAsync>d__30 : IAsyncStateMachine // TypeDefIndex: 13858"
"938394","class","GoogleCredential","13859","public class GoogleCredential : ICredential, IConfigurableHttpClientInitializer, ITokenAccess, ITokenAccessWithHeaders, IOidcTokenProvider, IBlobSigner // TypeDefIndex: 13859"
"938499","struct","GoogleWebAuthorizationBroker.","13860","private struct GoogleWebAuthorizationBroker.<AuthorizeAsync>d__1 : IAsyncStateMachine // TypeDefIndex: 13860"
"938524","struct","GoogleWebAuthorizationBroker.","13861","private struct GoogleWebAuthorizationBroker.<AuthorizeAsync>d__2 : IAsyncStateMachine // TypeDefIndex: 13861"
"938549","struct","GoogleWebAuthorizationBroker.","13862","private struct GoogleWebAuthorizationBroker.<AuthorizeAsync>d__4 : IAsyncStateMachine // TypeDefIndex: 13862"
"938574","struct","GoogleWebAuthorizationBroker.","13863","private struct GoogleWebAuthorizationBroker.<AuthorizeAsync>d__5 : IAsyncStateMachine // TypeDefIndex: 13863"
"938600","struct","GoogleWebAuthorizationBroker.","13864","private struct GoogleWebAuthorizationBroker.<ReauthorizeAsync>d__3 : IAsyncStateMachine // TypeDefIndex: 13864"
"938622","class","GoogleWebAuthorizationBroker","13865","public class GoogleWebAuthorizationBroker // TypeDefIndex: 13865"
"938657","interface","IAccessMethod","13866","public interface IAccessMethod // TypeDefIndex: 13866"
"938669","interface","IAuthorizationCodeInstalledApp","13867","public interface IAuthorizationCodeInstalledApp // TypeDefIndex: 13867"
"938688","interface","IBlobSigner","13868","public interface IBlobSigner // TypeDefIndex: 13868"
"938697","interface","ICodeReceiver","13869","public interface ICodeReceiver // TypeDefIndex: 13869"
"938712","interface","ICredential","13870","public interface ICredential : IConfigurableHttpClientInitializer, ITokenAccess // TypeDefIndex: 13870"
"938716","interface","IGoogleCredential","13871","internal interface IGoogleCredential : ICredential, IConfigurableHttpClientInitializer, ITokenAccess, ITokenAccessWithHeaders // TypeDefIndex: 13871"
"938748","class","ImpersonatedCredential.Initializer","13872","public sealed class ImpersonatedCredential.Initializer : ServiceCredential.Initializer // TypeDefIndex: 13872"
"938814","class","ImpersonatedCredential.","13873","private sealed class ImpersonatedCredential.<>c__DisplayClass26_0 // TypeDefIndex: 13873"
"938832","struct","ImpersonatedCredential.","13874","private struct ImpersonatedCredential.<RefreshOidcTokenAsync>d__27 : IAsyncStateMachine // TypeDefIndex: 13874"
"938856","struct","ImpersonatedCredential.","13875","private struct ImpersonatedCredential.<RequestAccessTokenAsync>d__25 : IAsyncStateMachine // TypeDefIndex: 13875"
"938877","struct","ImpersonatedCredential.","13876","private struct ImpersonatedCredential.<SignBlobAsync>d__28 : IAsyncStateMachine // TypeDefIndex: 13876"
"938898","class","ImpersonatedCredential","13877","public sealed class ImpersonatedCredential : ServiceCredential, IOidcTokenProvider, IGoogleCredential, ICredential, IConfigurableHttpClientInitializer, ITokenAccess, ITokenAccessWithHeaders, IBlobSigner // TypeDefIndex: 13877"
"938987","interface","IOidcTokenProvider","13878","public interface IOidcTokenProvider // TypeDefIndex: 13878"
"938996","interface","ITokenAccess","13879","public interface ITokenAccess // TypeDefIndex: 13879"
"939005","interface","ITokenAccessWithHeaders","13880","public interface ITokenAccessWithHeaders : ITokenAccess // TypeDefIndex: 13880"
"939014","class","JsonCredentialParameters.CredentialSource.SubjectTokenFormat","13881","public class JsonCredentialParameters.CredentialSource.SubjectTokenFormat // TypeDefIndex: 13881"
"939051","class","JsonCredentialParameters.CredentialSource","13882","public class JsonCredentialParameters.CredentialSource // TypeDefIndex: 13882"
"939160","class","JsonCredentialParameters","13883","public class JsonCredentialParameters // TypeDefIndex: 13883"
"939382","class","JsonCredentialParametersExtensions","13884","internal static class JsonCredentialParametersExtensions // TypeDefIndex: 13884"
"939392","enum","LocalServerCodeReceiver.CallbackUriChooserStrategy","13885","public enum LocalServerCodeReceiver.CallbackUriChooserStrategy // TypeDefIndex: 13885"
"939402","class","LocalServerCodeReceiver.LimitedLocalhostHttpServer.ServerException","13886","public class LocalServerCodeReceiver.LimitedLocalhostHttpServer.ServerException : Exception // TypeDefIndex: 13886"
"939413","class","LocalServerCodeReceiver.LimitedLocalhostHttpServer.","13887","private sealed class LocalServerCodeReceiver.LimitedLocalhostHttpServer.<>c // TypeDefIndex: 13887"
"939441","class","LocalServerCodeReceiver.LimitedLocalhostHttpServer.","13888","private sealed class LocalServerCodeReceiver.LimitedLocalhostHttpServer.<>c__DisplayClass14_0 // TypeDefIndex: 13888"
"939457","struct","LocalServerCodeReceiver.LimitedLocalhostHttpServer.","13889","private struct LocalServerCodeReceiver.LimitedLocalhostHttpServer.<>c__DisplayClass14_1.<<GetQueryParamsFromClientAsync>b__1>d : IAsyncStateMachine // TypeDefIndex: 13889"
"939477","class","LocalServerCodeReceiver.LimitedLocalhostHttpServer.","13890","private sealed class LocalServerCodeReceiver.LimitedLocalhostHttpServer.<>c__DisplayClass14_1 // TypeDefIndex: 13890"
"939497","struct","LocalServerCodeReceiver.LimitedLocalhostHttpServer.","13891","private struct LocalServerCodeReceiver.LimitedLocalhostHttpServer.<GetQueryParamsAsync>d__13 : IAsyncStateMachine // TypeDefIndex: 13891"
"939522","struct","LocalServerCodeReceiver.LimitedLocalhostHttpServer.","13892","private struct LocalServerCodeReceiver.LimitedLocalhostHttpServer.<GetQueryParamsFromClientAsync>d__14 : IAsyncStateMachine // TypeDefIndex: 13892"
"939549","struct","LocalServerCodeReceiver.LimitedLocalhostHttpServer.","13893","private struct LocalServerCodeReceiver.LimitedLocalhostHttpServer.<ReadRequestLine>d__15 : IAsyncStateMachine // TypeDefIndex: 13893"
"939570","struct","LocalServerCodeReceiver.LimitedLocalhostHttpServer.","13894","private struct LocalServerCodeReceiver.LimitedLocalhostHttpServer.<WaitForAllHeaders>d__17 : IAsyncStateMachine // TypeDefIndex: 13894"
"939593","struct","LocalServerCodeReceiver.LimitedLocalhostHttpServer.","13895","private struct LocalServerCodeReceiver.LimitedLocalhostHttpServer.<WriteResponse>d__18 : IAsyncStateMachine // TypeDefIndex: 13895"
"939614","class","LocalServerCodeReceiver.LimitedLocalhostHttpServer","13896","internal class LocalServerCodeReceiver.LimitedLocalhostHttpServer : IDisposable // TypeDefIndex: 13896"
"939673","class","LocalServerCodeReceiver.CallbackUriChooser.UriStatistics","13897","private class LocalServerCodeReceiver.CallbackUriChooser.UriStatistics // TypeDefIndex: 13897"
"939756","class","LocalServerCodeReceiver.CallbackUriChooser","13898","internal class LocalServerCodeReceiver.CallbackUriChooser // TypeDefIndex: 13898"
"939811","class","LocalServerCodeReceiver.","13899","private sealed class LocalServerCodeReceiver.<>c // TypeDefIndex: 13899"
"939831","class","LocalServerCodeReceiver.","13900","private sealed class LocalServerCodeReceiver.<>c__DisplayClass16_0 // TypeDefIndex: 13900"
"939847","struct","LocalServerCodeReceiver.","13901","private struct LocalServerCodeReceiver.<GetResponseFromListener>d__16 : IAsyncStateMachine // TypeDefIndex: 13901"
"939874","struct","LocalServerCodeReceiver.","13902","private struct LocalServerCodeReceiver.<ReceiveCodeAsync>d__13 : IAsyncStateMachine // TypeDefIndex: 13902"
"939896","class","LocalServerCodeReceiver","13903","public class LocalServerCodeReceiver : ICodeReceiver // TypeDefIndex: 13903"
"939945","class","OidcToken","13904","public sealed class OidcToken // TypeDefIndex: 13904"
"939966","enum","OidcTokenFormat","13905","public enum OidcTokenFormat // TypeDefIndex: 13905"
"939976","class","OidcTokenOptions","13906","public class OidcTokenOptions // TypeDefIndex: 13906"
"940012","enum","Pkcs8.Asn1.Tag","13907","internal enum Pkcs8.Asn1.Tag // TypeDefIndex: 13907"
"940024","class","Pkcs8.Asn1.Decoder","13908","internal class Pkcs8.Asn1.Decoder // TypeDefIndex: 13908"
"940070","class","Pkcs8.Asn1","13909","internal class Pkcs8.Asn1 // TypeDefIndex: 13909"
"940082","class","Pkcs8","13910","internal class Pkcs8 // TypeDefIndex: 13910"
"940098","class","RequestExtensions","13911","public static class RequestExtensions // TypeDefIndex: 13911"
"940113","class","ServiceAccountCredential.Initializer","13912","public class ServiceAccountCredential.Initializer : ServiceCredential.Initializer // TypeDefIndex: 13912"
"940204","class","ServiceAccountCredential.JwtCacheEntry","13913","private class ServiceAccountCredential.JwtCacheEntry // TypeDefIndex: 13913"
"940239","class","ServiceAccountCredential.","13914","private sealed class ServiceAccountCredential.<>c__DisplayClass35_0 // TypeDefIndex: 13914"
"940257","class","ServiceAccountCredential.","13915","private sealed class ServiceAccountCredential.<>c__DisplayClass44_0 // TypeDefIndex: 13915"
"940276","struct","ServiceAccountCredential.","13916","private struct ServiceAccountCredential.<GetAccessTokenForRequestAsync>d__34 : IAsyncStateMachine // TypeDefIndex: 13916"
"940298","struct","ServiceAccountCredential.","13917","private struct ServiceAccountCredential.<RefreshOidcTokenAsync>d__36 : IAsyncStateMachine // TypeDefIndex: 13917"
"940322","struct","ServiceAccountCredential.","13918","private struct ServiceAccountCredential.<RequestAccessTokenAsync>d__33 : IAsyncStateMachine // TypeDefIndex: 13918"
"940342","class","ServiceAccountCredential","13919","public class ServiceAccountCredential : ServiceCredential, IOidcTokenProvider, IGoogleCredential, ICredential, IConfigurableHttpClientInitializer, ITokenAccess, ITokenAccessWithHeaders, IBlobSigner // TypeDefIndex: 13919"
"940479","class","ServiceCredential.Initializer","13920","public class ServiceCredential.Initializer // TypeDefIndex: 13920"
"940584","class","ServiceCredential.","13921","private sealed class ServiceCredential.<>c // TypeDefIndex: 13921"
"940608","struct","ServiceCredential.","13922","private struct ServiceCredential.<GetAccessTokenWithHeadersForRequestAsync>d__42 : IAsyncStateMachine // TypeDefIndex: 13922"
"940630","struct","ServiceCredential.","13923","private struct ServiceCredential.<HandleResponseAsync>d__40 : IAsyncStateMachine // TypeDefIndex: 13923"
"940651","struct","ServiceCredential.","13924","private struct ServiceCredential.<InterceptAsync>d__39 : IAsyncStateMachine // TypeDefIndex: 13924"
"940672","class","ServiceCredential","13925","public abstract class ServiceCredential : ICredential, IConfigurableHttpClientInitializer, ITokenAccess, ITokenAccessWithHeaders, IHttpExecuteInterceptor, IHttpUnsuccessfulResponseHandler // TypeDefIndex: 13925"
"940793","struct","TokenRefreshManager.","13926","private struct TokenRefreshManager.<<GetAccessTokenForRequestAsync>g__LogException|10_0>d : IAsyncStateMachine // TypeDefIndex: 13926"
"940814","struct","TokenRefreshManager.","13927","private struct TokenRefreshManager.<GetAccessTokenForRequestAsync>d__10 : IAsyncStateMachine // TypeDefIndex: 13927"
"940835","struct","TokenRefreshManager.","13928","private struct TokenRefreshManager.<RefreshTokenAsync>d__12 : IAsyncStateMachine // TypeDefIndex: 13928"
"940858","class","TokenRefreshManager","13929","internal sealed class TokenRefreshManager // TypeDefIndex: 13929"
"940911","class","UrlSourcedExternalAccountCredential.Initializer.","13930","private sealed class UrlSourcedExternalAccountCredential.Initializer.<>c // TypeDefIndex: 13930"
"940934","class","UrlSourcedExternalAccountCredential.Initializer","13931","internal class UrlSourcedExternalAccountCredential.Initializer : ExternalAccountCredential.Initializer // TypeDefIndex: 13931"
"940979","struct","UrlSourcedExternalAccountCredential.","13932","private struct UrlSourcedExternalAccountCredential.<GetSubjectTokenAsyncImpl>d__12 : IAsyncStateMachine // TypeDefIndex: 13932"
"941000","class","UrlSourcedExternalAccountCredential","13933","public sealed class UrlSourcedExternalAccountCredential : ExternalAccountCredential, IGoogleCredential, ICredential, IConfigurableHttpClientInitializer, ITokenAccess, ITokenAccessWithHeaders // TypeDefIndex: 13933"
"941066","struct","UserCredential.","13934","private struct UserCredential.<GetAccessTokenWithHeadersForRequestAsync>d__28 : IAsyncStateMachine // TypeDefIndex: 13934"
"941088","struct","UserCredential.","13935","private struct UserCredential.<HandleResponseAsync>d__25 : IAsyncStateMachine // TypeDefIndex: 13935"
"941109","struct","UserCredential.","13936","private struct UserCredential.<InterceptAsync>d__24 : IAsyncStateMachine // TypeDefIndex: 13936"
"941131","struct","UserCredential.","13937","private struct UserCredential.<RefreshTokenAsync>d__29 : IAsyncStateMachine // TypeDefIndex: 13937"
"941152","struct","UserCredential.","13938","private struct UserCredential.<RevokeTokenAsync>d__30 : IAsyncStateMachine // TypeDefIndex: 13938"
"941172","class","UserCredential","13939","public class UserCredential : IGoogleCredential, ICredential, IConfigurableHttpClientInitializer, ITokenAccess, ITokenAccessWithHeaders, IHttpExecuteInterceptor, IHttpUnsuccessfulResponseHandler // TypeDefIndex: 13939"
"941267","class","AuthorizationCodeWebApp.AuthResult","13940","public class AuthorizationCodeWebApp.AuthResult // TypeDefIndex: 13940"
"941303","struct","AuthorizationCodeWebApp.","13941","private struct AuthorizationCodeWebApp.<AuthorizeAsync>d__13 : IAsyncStateMachine // TypeDefIndex: 13941"
"941327","class","AuthorizationCodeWebApp","13942","public class AuthorizationCodeWebApp // TypeDefIndex: 13942"
"941365","struct","AuthWebUtility.","13943","private struct AuthWebUtility.<ExtracRedirectFromState>d__0 : IAsyncStateMachine // TypeDefIndex: 13943"
"941389","class","AuthWebUtility","13944","public class AuthWebUtility // TypeDefIndex: 13944"
"941402","class","AuthorizationCodeResponseUrl","13945","public class AuthorizationCodeResponseUrl // TypeDefIndex: 13945"
"941506","class","IamSignBlobResponse","13946","internal class IamSignBlobResponse // TypeDefIndex: 13946"
"941531","class","TokenErrorResponse","13947","public class TokenErrorResponse // TypeDefIndex: 13947"
"941587","struct","TokenResponse.","13948","private struct TokenResponse.<FromHttpResponseAsync>d__44 : IAsyncStateMachine // TypeDefIndex: 13948"
"941608","class","TokenResponse","13949","public class TokenResponse // TypeDefIndex: 13949"
"941752","class","TokenResponseException","13950","public class TokenResponseException : Exception // TypeDefIndex: 13950"
"941782","class","AuthorizationCodeRequestUrl","13951","public class AuthorizationCodeRequestUrl : AuthorizationRequestUrl // TypeDefIndex: 13951"
"941794","class","AuthorizationCodeTokenRequest","13952","public class AuthorizationCodeTokenRequest : TokenRequest // TypeDefIndex: 13952"
"941843","class","AuthorizationRequestUrl","13953","public class AuthorizationRequestUrl // TypeDefIndex: 13953"
"941921","class","GoogleAssertionTokenRequest","13954","public class GoogleAssertionTokenRequest : TokenRequest // TypeDefIndex: 13954"
"941946","class","GoogleAuthorizationCodeRequestUrl","13955","public class GoogleAuthorizationCodeRequestUrl : AuthorizationCodeRequestUrl // TypeDefIndex: 13955"
"942068","class","GoogleRevokeTokenRequest","13956","internal class GoogleRevokeTokenRequest // TypeDefIndex: 13956"
"942101","class","IamSignBlobRequest","13957","internal class IamSignBlobRequest // TypeDefIndex: 13957"
"942138","class","ImpersonationAccessTokenRequest","13958","internal class ImpersonationAccessTokenRequest : ImpersonationRequest // TypeDefIndex: 13958"
"942175","class","ImpersonationOIdCTokenRequest","13959","internal class ImpersonationOIdCTokenRequest : ImpersonationRequest // TypeDefIndex: 13959"
"942212","class","ImpersonationRequest","13960","internal abstract class ImpersonationRequest // TypeDefIndex: 13960"
"942237","class","RefreshTokenRequest","13961","public class RefreshTokenRequest : TokenRequest // TypeDefIndex: 13961"
"942263","struct","RequestExtensions.","13962","private struct RequestExtensions.<PostFormAsync>d__3 : IAsyncStateMachine // TypeDefIndex: 13962"
"942290","struct","RequestExtensions.","13963","private struct RequestExtensions.<PostJsonAsync>d__0 : IAsyncStateMachine // TypeDefIndex: 13963"
"942313","struct","RequestExtensions.","13964","private struct RequestExtensions.<PostJsonAsync>d__1<TResponse> : IAsyncStateMachine // TypeDefIndex: 13964"
"942355","struct","RequestExtensions.","13965","private struct RequestExtensions.<PostJsonAsync>d__2 : IAsyncStateMachine // TypeDefIndex: 13965"
"942381","class","RequestExtensions","13966","internal static class RequestExtensions // TypeDefIndex: 13966"
"942415","class","StsTokenRequestBuilder","13967","internal class StsTokenRequestBuilder // TypeDefIndex: 13967"
"942530","class","StsTokenRequest","13968","internal class StsTokenRequest // TypeDefIndex: 13968"
"942606","class","TokenRequest","13969","public class TokenRequest // TypeDefIndex: 13969"
"942668","class","TokenRequestExtenstions","13970","public static class TokenRequestExtenstions // TypeDefIndex: 13970"
"942678","class","AuthorizationCodeFlow.Initializer","13971","public class AuthorizationCodeFlow.Initializer // TypeDefIndex: 13971"
"942806","class","AuthorizationCodeFlow.","13972","private sealed class AuthorizationCodeFlow.<>c // TypeDefIndex: 13972"
"942826","struct","AuthorizationCodeFlow.","13973","private struct AuthorizationCodeFlow.<DeleteTokenAsync>d__35 : IAsyncStateMachine // TypeDefIndex: 13973"
"942848","struct","AuthorizationCodeFlow.","13974","private struct AuthorizationCodeFlow.<ExchangeCodeForTokenAsync>d__37 : IAsyncStateMachine // TypeDefIndex: 13974"
"942872","struct","AuthorizationCodeFlow.","13975","private struct AuthorizationCodeFlow.<ExchangeCodeForTokenAsync>d__39 : IAsyncStateMachine // TypeDefIndex: 13975"
"942897","struct","AuthorizationCodeFlow.","13976","private struct AuthorizationCodeFlow.<FetchTokenAsync>d__44 : IAsyncStateMachine // TypeDefIndex: 13976"
"942922","struct","AuthorizationCodeFlow.","13977","private struct AuthorizationCodeFlow.<LoadTokenAsync>d__34 : IAsyncStateMachine // TypeDefIndex: 13977"
"942944","struct","AuthorizationCodeFlow.","13978","private struct AuthorizationCodeFlow.<RefreshTokenAsync>d__40 : IAsyncStateMachine // TypeDefIndex: 13978"
"942969","struct","AuthorizationCodeFlow.","13979","private struct AuthorizationCodeFlow.<StoreTokenAsync>d__43 : IAsyncStateMachine // TypeDefIndex: 13979"
"942991","class","AuthorizationCodeFlow","13980","public class AuthorizationCodeFlow : IHttpAuthorizationFlow, IAuthorizationCodeFlow, IDisposable // TypeDefIndex: 13980"
"943109","class","GoogleAuthorizationCodeFlow.Initializer","13981","public class GoogleAuthorizationCodeFlow.Initializer : AuthorizationCodeFlow.Initializer // TypeDefIndex: 13981"
"943206","struct","GoogleAuthorizationCodeFlow.","13982","private struct GoogleAuthorizationCodeFlow.<RevokeTokenAsync>d__28 : IAsyncStateMachine // TypeDefIndex: 13982"
"943231","class","GoogleAuthorizationCodeFlow","13983","public class GoogleAuthorizationCodeFlow : AuthorizationCodeFlow, IHttpAuthorizationFlow, IAuthorizationCodeFlow, IDisposable // TypeDefIndex: 13983"
"943316","interface","IAuthorizationCodeFlow","13984","public interface IAuthorizationCodeFlow : IDisposable // TypeDefIndex: 13984"
"943357","interface","IHttpAuthorizationFlow","13985","internal interface IHttpAuthorizationFlow : IAuthorizationCodeFlow, IDisposable // TypeDefIndex: 13985"
"943366","interface","IPkceAuthorizationCodeFlow","13986","public interface IPkceAuthorizationCodeFlow : IAuthorizationCodeFlow, IDisposable // TypeDefIndex: 13986"
"943379","struct","PkceGoogleAuthorizationCodeFlow.","13987","private struct PkceGoogleAuthorizationCodeFlow.<ExchangeCodeForTokenAsync>d__6 : IAsyncStateMachine // TypeDefIndex: 13987"
"943403","class","PkceGoogleAuthorizationCodeFlow","13988","public class PkceGoogleAuthorizationCodeFlow : GoogleAuthorizationCodeFlow, IPkceAuthorizationCodeFlow, IAuthorizationCodeFlow, IDisposable // TypeDefIndex: 13988"
"943435","struct","UnitySourceGeneratedAssemblyMonoScriptTypes_v1.MonoScriptData","13990","private struct UnitySourceGeneratedAssemblyMonoScriptTypes_v1.MonoScriptData // TypeDefIndex: 13990"
"943449","class","UnitySourceGeneratedAssemblyMonoScriptTypes_v1","13991","internal class UnitySourceGeneratedAssemblyMonoScriptTypes_v1 // TypeDefIndex: 13991"
"943461","enum","Lexer.Token","13992","public enum Lexer.Token // TypeDefIndex: 13992"
"943480","class","Lexer","13993","internal class Lexer // TypeDefIndex: 13993"
"943553","class","JsonDecoder","13994","public class JsonDecoder // TypeDefIndex: 13994"
"943624","class","Animation","13995","public class Animation // TypeDefIndex: 13995"
"943671","enum","MixBlend","13996","public enum MixBlend // TypeDefIndex: 13996"
"943682","enum","MixDirection","13997","public enum MixDirection // TypeDefIndex: 13997"
"943691","enum","Property","13998","public enum Property // TypeDefIndex: 13998"
"943727","class","Timeline","13999","public abstract class Timeline // TypeDefIndex: 13999"
"943771","interface","IBoneTimeline","14000","public interface IBoneTimeline // TypeDefIndex: 14000"
"943783","interface","ISlotTimeline","14001","public interface ISlotTimeline // TypeDefIndex: 14001"
"943795","class","CurveTimeline","14002","public abstract class CurveTimeline : Timeline // TypeDefIndex: 14002"
"943829","class","CurveTimeline1","14003","public abstract class CurveTimeline1 : CurveTimeline // TypeDefIndex: 14003"
"943866","class","CurveTimeline2","14004","public abstract class CurveTimeline2 : CurveTimeline // TypeDefIndex: 14004"
"943889","class","RotateTimeline","14005","public class RotateTimeline : CurveTimeline1, IBoneTimeline // TypeDefIndex: 14005"
"943910","class","TranslateTimeline","14006","public class TranslateTimeline : CurveTimeline2, IBoneTimeline // TypeDefIndex: 14006"
"943934","class","TranslateXTimeline","14007","public class TranslateXTimeline : CurveTimeline1, IBoneTimeline // TypeDefIndex: 14007"
"943955","class","TranslateYTimeline","14008","public class TranslateYTimeline : CurveTimeline1, IBoneTimeline // TypeDefIndex: 14008"
"943976","class","ScaleTimeline","14009","public class ScaleTimeline : CurveTimeline2, IBoneTimeline // TypeDefIndex: 14009"
"943997","class","ScaleXTimeline","14010","public class ScaleXTimeline : CurveTimeline1, IBoneTimeline // TypeDefIndex: 14010"
"944018","class","ScaleYTimeline","14011","public class ScaleYTimeline : CurveTimeline1, IBoneTimeline // TypeDefIndex: 14011"
"944039","class","ShearTimeline","14012","public class ShearTimeline : CurveTimeline2, IBoneTimeline // TypeDefIndex: 14012"
"944060","class","ShearXTimeline","14013","public class ShearXTimeline : CurveTimeline1, IBoneTimeline // TypeDefIndex: 14013"
"944081","class","ShearYTimeline","14014","public class ShearYTimeline : CurveTimeline1, IBoneTimeline // TypeDefIndex: 14014"
"944102","class","InheritTimeline","14015","public class InheritTimeline : Timeline, IBoneTimeline // TypeDefIndex: 14015"
"944132","class","RGBATimeline","14016","public class RGBATimeline : CurveTimeline, ISlotTimeline // TypeDefIndex: 14016"
"944165","class","RGBTimeline","14017","public class RGBTimeline : CurveTimeline, ISlotTimeline // TypeDefIndex: 14017"
"944197","class","AlphaTimeline","14018","public class AlphaTimeline : CurveTimeline1, ISlotTimeline // TypeDefIndex: 14018"
"944218","class","RGBA2Timeline","14019","public class RGBA2Timeline : CurveTimeline, ISlotTimeline // TypeDefIndex: 14019"
"944254","class","RGB2Timeline","14020","public class RGB2Timeline : CurveTimeline, ISlotTimeline // TypeDefIndex: 14020"
"944289","class","AttachmentTimeline","14021","public class AttachmentTimeline : Timeline, ISlotTimeline // TypeDefIndex: 14021"
"944321","class","DeformTimeline","14022","public class DeformTimeline : CurveTimeline, ISlotTimeline // TypeDefIndex: 14022"
"944361","class","EventTimeline","14023","public class EventTimeline : Timeline // TypeDefIndex: 14023"
"944389","class","DrawOrderTimeline","14024","public class DrawOrderTimeline : Timeline // TypeDefIndex: 14024"
"944417","class","IkConstraintTimeline","14025","public class IkConstraintTimeline : CurveTimeline // TypeDefIndex: 14025"
"944451","class","TransformConstraintTimeline","14026","public class TransformConstraintTimeline : CurveTimeline // TypeDefIndex: 14026"
"944489","class","PathConstraintPositionTimeline","14027","public class PathConstraintPositionTimeline : CurveTimeline1 // TypeDefIndex: 14027"
"944510","class","PathConstraintSpacingTimeline","14028","public class PathConstraintSpacingTimeline : CurveTimeline1 // TypeDefIndex: 14028"
"944531","class","PathConstraintMixTimeline","14029","public class PathConstraintMixTimeline : CurveTimeline // TypeDefIndex: 14029"
"944563","class","PhysicsConstraintTimeline","14030","public abstract class PhysicsConstraintTimeline : CurveTimeline1 // TypeDefIndex: 14030"
"944596","class","PhysicsConstraintInertiaTimeline","14031","public class PhysicsConstraintInertiaTimeline : PhysicsConstraintTimeline // TypeDefIndex: 14031"
"944617","class","PhysicsConstraintStrengthTimeline","14032","public class PhysicsConstraintStrengthTimeline : PhysicsConstraintTimeline // TypeDefIndex: 14032"
"944638","class","PhysicsConstraintDampingTimeline","14033","public class PhysicsConstraintDampingTimeline : PhysicsConstraintTimeline // TypeDefIndex: 14033"
"944659","class","PhysicsConstraintMassTimeline","14034","public class PhysicsConstraintMassTimeline : PhysicsConstraintTimeline // TypeDefIndex: 14034"
"944680","class","PhysicsConstraintWindTimeline","14035","public class PhysicsConstraintWindTimeline : PhysicsConstraintTimeline // TypeDefIndex: 14035"
"944701","class","PhysicsConstraintGravityTimeline","14036","public class PhysicsConstraintGravityTimeline : PhysicsConstraintTimeline // TypeDefIndex: 14036"
"944722","class","PhysicsConstraintMixTimeline","14037","public class PhysicsConstraintMixTimeline : PhysicsConstraintTimeline // TypeDefIndex: 14037"
"944743","class","PhysicsConstraintResetTimeline","14038","public class PhysicsConstraintResetTimeline : Timeline // TypeDefIndex: 14038"
"944775","class","SequenceTimeline","14039","public class SequenceTimeline : Timeline, ISlotTimeline // TypeDefIndex: 14039"
"944811","class","AnimationState.TrackEntryDelegate","14040","public sealed class AnimationState.TrackEntryDelegate : MulticastDelegate // TypeDefIndex: 14040"
"944829","class","AnimationState.TrackEntryEventDelegate","14041","public sealed class AnimationState.TrackEntryEventDelegate : MulticastDelegate // TypeDefIndex: 14041"
"944847","class","AnimationState","14042","public class AnimationState // TypeDefIndex: 14042"
"945070","class","TrackEntry","14043","public class TrackEntry : Pool.IPoolable<TrackEntry> // TypeDefIndex: 14043"
"945394","struct","EventQueue.EventQueueEntry","14044","private struct EventQueue.EventQueueEntry // TypeDefIndex: 14044"
"945408","enum","EventQueue.EventType","14045","private enum EventQueue.EventType // TypeDefIndex: 14045"
"945421","class","EventQueue","14046","internal class EventQueue // TypeDefIndex: 14046"
"945470","interface","Pool.IPoolable","14047","public interface Pool.IPoolable<T> // TypeDefIndex: 14047"
"945484","class","Pool","14048","internal class Pool<T> // TypeDefIndex: 14048"
"945567","class","HashSetExtensions","14049","public static class HashSetExtensions // TypeDefIndex: 14049"
"945585","struct","AnimationStateData.AnimationPair","14050","public struct AnimationStateData.AnimationPair // TypeDefIndex: 14050"
"945601","class","AnimationStateData.AnimationPairComparer","14051","public class AnimationStateData.AnimationPairComparer : IEqualityComparer<AnimationStateData.AnimationPair> // TypeDefIndex: 14051"
"945622","class","AnimationStateData","14052","public class AnimationStateData // TypeDefIndex: 14052"
"945659","class","Atlas.","14053","private sealed class Atlas.<>c__DisplayClass10_0 // TypeDefIndex: 14053"
"945712","class","Atlas","14054","public class Atlas : IEnumerable<AtlasRegion>, IEnumerable // TypeDefIndex: 14054"
"945757","enum","Format","14055","public enum Format // TypeDefIndex: 14055"
"945771","enum","TextureFilter","14056","public enum TextureFilter // TypeDefIndex: 14056"
"945785","enum","TextureWrap","14057","public enum TextureWrap // TypeDefIndex: 14057"
"945795","class","AtlasPage","14058","public class AtlasPage // TypeDefIndex: 14058"
"945819","class","AtlasRegion","14059","public class AtlasRegion : TextureRegion // TypeDefIndex: 14059"
"945870","interface","TextureLoader","14060","public interface TextureLoader // TypeDefIndex: 14060"
"945882","class","AtlasAttachmentLoader","14061","public class AtlasAttachmentLoader : AttachmentLoader // TypeDefIndex: 14061"
"945918","class","Attachment","14062","public abstract class Attachment // TypeDefIndex: 14062"
"945947","interface","AttachmentLoader","14063","public interface AttachmentLoader // TypeDefIndex: 14063"
"945971","enum","AttachmentType","14064","public enum AttachmentType // TypeDefIndex: 14064"
"945986","class","BoundingBoxAttachment","14065","public class BoundingBoxAttachment : VertexAttachment // TypeDefIndex: 14065"
"946001","class","ClippingAttachment","14066","public class ClippingAttachment : VertexAttachment // TypeDefIndex: 14066"
"946028","interface","IHasTextureRegion","14067","public interface IHasTextureRegion // TypeDefIndex: 14067"
"946088","class","MeshAttachment","14068","public class MeshAttachment : VertexAttachment, IHasTextureRegion // TypeDefIndex: 14068"
"946245","class","PathAttachment","14069","public class PathAttachment : VertexAttachment // TypeDefIndex: 14069"
"946288","class","PointAttachment","14070","public class PointAttachment : Attachment // TypeDefIndex: 14070"
"946337","class","RegionAttachment","14071","public class RegionAttachment : Attachment, IHasTextureRegion // TypeDefIndex: 14071"
"946495","class","Sequence","14072","public class Sequence // TypeDefIndex: 14072"
"946556","enum","SequenceMode","14073","public enum SequenceMode // TypeDefIndex: 14073"
"946570","class","VertexAttachment","14074","public abstract class VertexAttachment : Attachment // TypeDefIndex: 14074"
"946634","enum","BlendMode","14075","public enum BlendMode // TypeDefIndex: 14075"
"946645","class","Bone","14076","public class Bone : IUpdatable // TypeDefIndex: 14076"
"946911","class","BoneData","14077","public class BoneData // TypeDefIndex: 14077"
"947022","enum","Inherit","14078","public enum Inherit // TypeDefIndex: 14078"
"947034","class","InheritEnum","14079","public class InheritEnum // TypeDefIndex: 14079"
"947049","class","ConstraintData","14080","public abstract class ConstraintData // TypeDefIndex: 14080"
"947086","class","Event","14081","public class Event // TypeDefIndex: 14081"
"947152","class","EventData","14082","public class EventData // TypeDefIndex: 14082"
"947239","struct","ExposedList.Enumerator","14083","public struct ExposedList.Enumerator<T> : IEnumerator<T>, IEnumerator, IDisposable // TypeDefIndex: 14083"
"947480","class","ExposedList","14084","public class ExposedList<T> : IEnumerable<T>, IEnumerable // TypeDefIndex: 14084"
"949744","interface","IUpdatable","14085","public interface IUpdatable // TypeDefIndex: 14085"
"949759","class","IkConstraint","14086","public class IkConstraint : IUpdatable // TypeDefIndex: 14086"
"949853","class","IkConstraintData","14087","public class IkConstraintData : ConstraintData // TypeDefIndex: 14087"
"949927","class","Json","14088","public static class Json // TypeDefIndex: 14088"
"949936","class","MathUtils","14089","public static class MathUtils // TypeDefIndex: 14089"
"949980","class","IInterpolation","14090","public abstract class IInterpolation // TypeDefIndex: 14090"
"950002","class","Pow","14091","public class Pow : IInterpolation // TypeDefIndex: 14091"
"950029","class","PowOut","14092","public class PowOut : Pow // TypeDefIndex: 14092"
"950041","class","PathConstraint","14093","public class PathConstraint : IUpdatable // TypeDefIndex: 14093"
"950154","class","PathConstraintData","14094","public class PathConstraintData : ConstraintData // TypeDefIndex: 14094"
"950252","enum","PositionMode","14095","public enum PositionMode // TypeDefIndex: 14095"
"950261","enum","SpacingMode","14096","public enum SpacingMode // TypeDefIndex: 14096"
"950272","enum","RotateMode","14097","public enum RotateMode // TypeDefIndex: 14097"
"950282","class","PhysicsConstraint","14098","public class PhysicsConstraint : IUpdatable // TypeDefIndex: 14098"
"950411","class","PhysicsConstraintData","14099","public class PhysicsConstraintData : ConstraintData // TypeDefIndex: 14099"
"950597","enum","Skeleton.Physics","14100","public enum Skeleton.Physics // TypeDefIndex: 14100"
"950608","class","Skeleton","14101","public class Skeleton // TypeDefIndex: 14101"
"950863","class","SkeletonBinary.Vertices","14102","internal class SkeletonBinary.Vertices // TypeDefIndex: 14102"
"950877","class","SkeletonBinary.SkeletonInput","14103","internal class SkeletonBinary.SkeletonInput // TypeDefIndex: 14103"
"950931","class","SkeletonBinary.LinkedMesh","14104","private class SkeletonBinary.LinkedMesh // TypeDefIndex: 14104"
"950947","class","SkeletonBinary","14105","public class SkeletonBinary : SkeletonLoader // TypeDefIndex: 14105"
"951034","class","SkeletonBounds","14106","public class SkeletonBounds // TypeDefIndex: 14106"
"951140","class","Polygon","14107","public class Polygon // TypeDefIndex: 14107"
"951175","class","SkeletonClipping","14108","public class SkeletonClipping // TypeDefIndex: 14108"
"951234","class","SkeletonData","14109","public class SkeletonData // TypeDefIndex: 14109"
"951439","class","SkeletonJson.LinkedMesh","14110","private class SkeletonJson.LinkedMesh // TypeDefIndex: 14110"
"951455","class","SkeletonJson","14111","public class SkeletonJson : SkeletonLoader // TypeDefIndex: 14111"
"951527","class","SkeletonLoader","14112","public abstract class SkeletonLoader // TypeDefIndex: 14112"
"951555","struct","Skin.SkinEntry","14113","public struct Skin.SkinEntry // TypeDefIndex: 14113"
"951583","struct","Skin.SkinKey","14114","private struct Skin.SkinKey // TypeDefIndex: 14114"
"951597","class","Skin.SkinKeyComparer","14115","private class Skin.SkinKeyComparer : IEqualityComparer<Skin.SkinKey> // TypeDefIndex: 14115"
"951618","class","Skin","14116","public class Skin // TypeDefIndex: 14116"
"951678","class","Slot","14117","public class Slot // TypeDefIndex: 14117"
"951809","class","SlotData","14118","public class SlotData // TypeDefIndex: 14118"
"951920","class","TextureRegion","14119","public class TextureRegion // TypeDefIndex: 14119"
"951947","class","TransformConstraint","14120","public class TransformConstraint : IUpdatable // TypeDefIndex: 14120"
"952055","class","TransformConstraintData","14121","public class TransformConstraintData : ConstraintData // TypeDefIndex: 14121"
"952193","class","Triangulator","14122","public class Triangulator // TypeDefIndex: 14122"
"952259","class","EmbeddedAttribute","14129","internal sealed class EmbeddedAttribute : Attribute // TypeDefIndex: 14129"
"952270","class","IsUnmanagedAttribute","14130","internal sealed class IsUnmanagedAttribute : Attribute // TypeDefIndex: 14130"
"952280","struct","AABB","14131","internal struct AABB // TypeDefIndex: 14131"
"952310","class","AABBExtensions","14132","internal static class AABBExtensions // TypeDefIndex: 14132"
"952324","class","DebugDisplayGPUResidentDrawer.Strings","14133","private static class DebugDisplayGPUResidentDrawer.Strings // TypeDefIndex: 14133"
"952346","class","DebugDisplayGPUResidentDrawer.SettingsPanel.","14134","private sealed class DebugDisplayGPUResidentDrawer.SettingsPanel.<>c // TypeDefIndex: 14134"
"952418","class","DebugDisplayGPUResidentDrawer.SettingsPanel.","14135","private sealed class DebugDisplayGPUResidentDrawer.SettingsPanel.<>c__DisplayClass4_0 // TypeDefIndex: 14135"
"952494","class","DebugDisplayGPUResidentDrawer.SettingsPanel.","14136","private sealed class DebugDisplayGPUResidentDrawer.SettingsPanel.<>c__DisplayClass5_0 // TypeDefIndex: 14136"
"952516","class","DebugDisplayGPUResidentDrawer.SettingsPanel.","14137","private sealed class DebugDisplayGPUResidentDrawer.SettingsPanel.<>c__DisplayClass6_0 // TypeDefIndex: 14137"
"952532","class","DebugDisplayGPUResidentDrawer.SettingsPanel","14138","private class DebugDisplayGPUResidentDrawer.SettingsPanel : DebugDisplaySettingsPanel // TypeDefIndex: 14138"
"952558","class","DebugDisplayGPUResidentDrawer.","14139","private sealed class DebugDisplayGPUResidentDrawer.<>c__DisplayClass29_0 // TypeDefIndex: 14139"
"952592","class","DebugDisplayGPUResidentDrawer.","14140","private sealed class DebugDisplayGPUResidentDrawer.<>c__DisplayClass36_0 // TypeDefIndex: 14140"
"952635","class","DebugDisplayGPUResidentDrawer.","14141","private sealed class DebugDisplayGPUResidentDrawer.<>c__DisplayClass37_0 // TypeDefIndex: 14141"
"952659","class","DebugDisplayGPUResidentDrawer","14142","public class DebugDisplayGPUResidentDrawer : IDebugDisplaySettingsData, IDebugDisplaySettingsQuery // TypeDefIndex: 14142"
"952775","struct","Line","14143","internal struct Line // TypeDefIndex: 14143"
"952794","struct","ReceiverPlanes","14144","internal struct ReceiverPlanes // TypeDefIndex: 14144"
"952819","struct","FrustumPlaneCuller.PlanePacket4","14145","internal struct FrustumPlaneCuller.PlanePacket4 // TypeDefIndex: 14145"
"952837","struct","FrustumPlaneCuller.SplitInfo","14146","internal struct FrustumPlaneCuller.SplitInfo // TypeDefIndex: 14146"
"952844","struct","FrustumPlaneCuller","14147","internal struct FrustumPlaneCuller // TypeDefIndex: 14147"
"952863","struct","ReceiverSphereCuller.SplitInfo","14148","internal struct ReceiverSphereCuller.SplitInfo // TypeDefIndex: 14148"
"952871","struct","ReceiverSphereCuller","14149","internal struct ReceiverSphereCuller // TypeDefIndex: 14149"
"952896","class","GPUResidentBatcher","14150","internal class GPUResidentBatcher : IDisposable // TypeDefIndex: 14150"
"952987","class","GPUResidentDrawer.Strings","14151","private static class GPUResidentDrawer.Strings // TypeDefIndex: 14151"
"953006","struct","GPUResidentDrawer.FindRenderersFromMaterialOrMeshJob","14152","private struct GPUResidentDrawer.FindRenderersFromMaterialOrMeshJob : IJobParallelForBatch // TypeDefIndex: 14152"
"953033","class","GPUResidentDrawer","14153","public class GPUResidentDrawer // TypeDefIndex: 14153"
"953196","class","GPUResidentDrawerBurst.ClassifyMaterials_000000EA$PostfixBurstDelegate","14154","internal sealed class GPUResidentDrawerBurst.ClassifyMaterials_000000EA$PostfixBurstDelegate : MulticastDelegate // TypeDefIndex: 14154"
"953208","class","GPUResidentDrawerBurst.ClassifyMaterials_000000EA$BurstDirectCall","14155","internal static class GPUResidentDrawerBurst.ClassifyMaterials_000000EA$BurstDirectCall // TypeDefIndex: 14155"
"953228","class","GPUResidentDrawerBurst.FindUnsupportedRenderers_000000EB$PostfixBurstDelegate","14156","internal sealed class GPUResidentDrawerBurst.FindUnsupportedRenderers_000000EB$PostfixBurstDelegate : MulticastDelegate // TypeDefIndex: 14156"
"953240","class","GPUResidentDrawerBurst.FindUnsupportedRenderers_000000EB$BurstDirectCall","14157","internal static class GPUResidentDrawerBurst.FindUnsupportedRenderers_000000EB$BurstDirectCall // TypeDefIndex: 14157"
"953260","class","GPUResidentDrawerBurst.GetMaterialsWithChangedPackedMaterial_000000EC$PostfixBurstDelegate","14158","internal sealed class GPUResidentDrawerBurst.GetMaterialsWithChangedPackedMaterial_000000EC$PostfixBurstDelegate : MulticastDelegate // TypeDefIndex: 14158"
"953272","class","GPUResidentDrawerBurst.GetMaterialsWithChangedPackedMaterial_000000EC$BurstDirectCall","14159","internal static class GPUResidentDrawerBurst.GetMaterialsWithChangedPackedMaterial_000000EC$BurstDirectCall // TypeDefIndex: 14159"
"953292","class","GPUResidentDrawerBurst","14160","internal static class GPUResidentDrawerBurst // TypeDefIndex: 14160"
"953325","struct","InstanceCullerViewStats","14161","internal struct InstanceCullerViewStats // TypeDefIndex: 14161"
"953339","enum","InstanceOcclusionEventType","14162","internal enum InstanceOcclusionEventType // TypeDefIndex: 14162"
"953348","struct","InstanceOcclusionEventStats","14163","internal struct InstanceOcclusionEventStats // TypeDefIndex: 14163"
"953363","struct","DebugOccluderStats","14164","internal struct DebugOccluderStats // TypeDefIndex: 14164"
"953372","class","DebugRendererBatcherStats","14165","internal class DebugRendererBatcherStats : IDisposable // TypeDefIndex: 14165"
"953399","struct","OcclusionCullingDebugOutput","14166","internal struct OcclusionCullingDebugOutput // TypeDefIndex: 14166"
"953408","enum","GPUResidentDrawerResources.Version","14167","public enum GPUResidentDrawerResources.Version // TypeDefIndex: 14167"
"953422","class","GPUResidentDrawerResources","14168","internal class GPUResidentDrawerResources : IRenderPipelineResources, IRenderPipelineGraphicsSettings // TypeDefIndex: 14168"
"953505","struct","RenderRequestBatcherContext","14169","public struct RenderRequestBatcherContext // TypeDefIndex: 14169"
"953512","enum","OcclusionTest","14170","public enum OcclusionTest // TypeDefIndex: 14170"
"953523","class","OcclusionTestMethods","14171","public static class OcclusionTestMethods // TypeDefIndex: 14171"
"953533","struct","SubviewOcclusionTest","14172","public struct SubviewOcclusionTest // TypeDefIndex: 14172"
"953541","struct","OcclusionCullingSettings","14173","public struct OcclusionCullingSettings // TypeDefIndex: 14173"
"953555","struct","OccluderSubviewUpdate","14174","public struct OccluderSubviewUpdate // TypeDefIndex: 14174"
"953573","struct","OccluderParameters","14175","public struct OccluderParameters // TypeDefIndex: 14175"
"953589","enum","GPUResidentDrawerMode","14176","public enum GPUResidentDrawerMode // TypeDefIndex: 14176"
"953598","struct","GPUResidentDrawerSettings","14177","public struct GPUResidentDrawerSettings // TypeDefIndex: 14177"
"953611","interface","IGPUResidentRenderPipeline","14178","public interface IGPUResidentRenderPipeline // TypeDefIndex: 14178"
"953629","struct","RangeKey","14179","internal struct RangeKey : IEquatable<RangeKey> // TypeDefIndex: 14179"
"953650","struct","DrawRange","14180","internal struct DrawRange // TypeDefIndex: 14180"
"953659","struct","DrawKey","14181","internal struct DrawKey : IEquatable<DrawKey> // TypeDefIndex: 14181"
"953681","struct","DrawBatch","14182","internal struct DrawBatch // TypeDefIndex: 14182"
"953691","struct","DrawInstance","14183","internal struct DrawInstance // TypeDefIndex: 14183"
"953699","struct","BinningConfig","14184","internal struct BinningConfig // TypeDefIndex: 14184"
"953716","enum","CullingJob.CrossFadeType","14185","private enum CullingJob.CrossFadeType // TypeDefIndex: 14185"
"953728","struct","CullingJob","14186","internal struct CullingJob : IJobParallelFor // TypeDefIndex: 14186"
"953795","struct","AllocateBinsPerBatch","14187","internal struct AllocateBinsPerBatch : IJobParallelFor // TypeDefIndex: 14187"
"953848","struct","PrefixSumDrawsAndInstances","14188","internal struct PrefixSumDrawsAndInstances : IJob // TypeDefIndex: 14188"
"953888","struct","DrawCommandOutputPerBatch","14189","internal struct DrawCommandOutputPerBatch : IJobParallelFor // TypeDefIndex: 14189"
"953957","struct","CompactVisibilityMasksJob","14190","internal struct CompactVisibilityMasksJob : IJobParallelForBatch // TypeDefIndex: 14190"
"953973","struct","InstanceCullerSplitDebugArray.Info","14191","internal struct InstanceCullerSplitDebugArray.Info // TypeDefIndex: 14191"
"953982","struct","InstanceCullerSplitDebugArray","14192","internal struct InstanceCullerSplitDebugArray : IDisposable // TypeDefIndex: 14192"
"954014","struct","InstanceOcclusionEventDebugArray.Info","14193","internal struct InstanceOcclusionEventDebugArray.Info // TypeDefIndex: 14193"
"954030","struct","InstanceOcclusionEventDebugArray.Request","14194","internal struct InstanceOcclusionEventDebugArray.Request // TypeDefIndex: 14194"
"954038","struct","InstanceOcclusionEventDebugArray","14195","internal struct InstanceOcclusionEventDebugArray : IDisposable // TypeDefIndex: 14195"
"954070","class","InstanceCuller.ShaderIDs","14196","private static class InstanceCuller.ShaderIDs // TypeDefIndex: 14196"
"954090","class","InstanceCuller.InstanceOcclusionTestPassData","14197","private class InstanceCuller.InstanceOcclusionTestPassData // TypeDefIndex: 14197"
"954107","class","InstanceCuller.","14198","private sealed class InstanceCuller.<>c // TypeDefIndex: 14198"
"954126","struct","InstanceCuller","14199","internal struct InstanceCuller : IDisposable // TypeDefIndex: 14199"
"954206","class","InstanceCullerBurst.SetupCullingJobInput_00000146$PostfixBurstDelegate","14200","internal sealed class InstanceCullerBurst.SetupCullingJobInput_00000146$PostfixBurstDelegate : MulticastDelegate // TypeDefIndex: 14200"
"954218","class","InstanceCullerBurst.SetupCullingJobInput_00000146$BurstDirectCall","14201","internal static class InstanceCullerBurst.SetupCullingJobInput_00000146$BurstDirectCall // TypeDefIndex: 14201"
"954238","class","InstanceCullerBurst","14202","internal static class InstanceCullerBurst // TypeDefIndex: 14202"
"954253","class","OnCullingCompleteCallback","14203","internal sealed class OnCullingCompleteCallback : MulticastDelegate // TypeDefIndex: 14203"
"954265","struct","InstanceCullingBatcherDesc","14204","internal struct InstanceCullingBatcherDesc // TypeDefIndex: 14204"
"954277","struct","MeshProceduralInfo","14205","internal struct MeshProceduralInfo // TypeDefIndex: 14205"
"954288","struct","PrefixSumDrawInstancesJob","14206","internal struct PrefixSumDrawInstancesJob : IJob // TypeDefIndex: 14206"
"954305","struct","BuildDrawListsJob","14207","internal struct BuildDrawListsJob : IJobParallelFor // TypeDefIndex: 14207"
"954338","struct","FindDrawInstancesJob","14208","internal struct FindDrawInstancesJob : IJobParallelForBatch // TypeDefIndex: 14208"
"954358","struct","FindMaterialDrawInstancesJob","14209","internal struct FindMaterialDrawInstancesJob : IJobParallelForBatch // TypeDefIndex: 14209"
"954378","struct","FindNonRegisteredMeshesJob","14210","internal struct FindNonRegisteredMeshesJob : IJobParallelForBatch // TypeDefIndex: 14210"
"954396","struct","FindNonRegisteredMaterialsJob","14211","internal struct FindNonRegisteredMaterialsJob : IJobParallelForBatch // TypeDefIndex: 14211"
"954418","struct","RegisterNewMeshesJob","14212","internal struct RegisterNewMeshesJob : IJobParallelFor // TypeDefIndex: 14212"
"954436","struct","RegisterNewMaterialsJob","14213","internal struct RegisterNewMaterialsJob : IJobParallelFor // TypeDefIndex: 14213"
"954458","struct","RemoveDrawInstanceIndicesJob","14214","internal struct RemoveDrawInstanceIndicesJob : IJob // TypeDefIndex: 14214"
"954485","struct","UpdatePackedMaterialDataCacheJob","14215","internal struct UpdatePackedMaterialDataCacheJob : IJob // TypeDefIndex: 14215"
"954504","class","CPUDrawInstanceData","14216","internal class CPUDrawInstanceData // TypeDefIndex: 14216"
"954574","class","InstanceCullingBatcher","14217","internal class InstanceCullingBatcher : IDisposable // TypeDefIndex: 14217"
"954667","class","InstanceCullingBatcherBurst.RemoveDrawInstanceIndices_00000184$PostfixBurstDelegate","14218","internal sealed class InstanceCullingBatcherBurst.RemoveDrawInstanceIndices_00000184$PostfixBurstDelegate : MulticastDelegate // TypeDefIndex: 14218"
"954679","class","InstanceCullingBatcherBurst.RemoveDrawInstanceIndices_00000184$BurstDirectCall","14219","internal static class InstanceCullingBatcherBurst.RemoveDrawInstanceIndices_00000184$BurstDirectCall // TypeDefIndex: 14219"
"954699","class","InstanceCullingBatcherBurst.CreateDrawBatches_00000188$PostfixBurstDelegate","14220","internal sealed class InstanceCullingBatcherBurst.CreateDrawBatches_00000188$PostfixBurstDelegate : MulticastDelegate // TypeDefIndex: 14220"
"954711","class","InstanceCullingBatcherBurst.CreateDrawBatches_00000188$BurstDirectCall","14221","internal static class InstanceCullingBatcherBurst.CreateDrawBatches_00000188$BurstDirectCall // TypeDefIndex: 14221"
"954731","class","InstanceCullingBatcherBurst","14222","internal static class InstanceCullingBatcherBurst // TypeDefIndex: 14222"
"954770","struct","GPUInstanceComponentDesc","14223","internal struct GPUInstanceComponentDesc // TypeDefIndex: 14223"
"954788","struct","GPUInstanceDataBuffer.ReadOnly","14224","internal struct GPUInstanceDataBuffer.ReadOnly // TypeDefIndex: 14224"
"954807","struct","GPUInstanceDataBuffer.ConvertCPUInstancesToGPUInstancesJob","14225","private struct GPUInstanceDataBuffer.ConvertCPUInstancesToGPUInstancesJob : IJobParallelFor // TypeDefIndex: 14225"
"954824","class","GPUInstanceDataBuffer","14226","internal class GPUInstanceDataBuffer : IDisposable // TypeDefIndex: 14226"
"954873","struct","GPUInstanceDataBufferBuilder","14227","internal struct GPUInstanceDataBufferBuilder : IDisposable // TypeDefIndex: 14227"
"954911","class","GPUInstanceDataBufferUploader.UploadKernelIDs","14228","private static class GPUInstanceDataBufferUploader.UploadKernelIDs // TypeDefIndex: 14228"
"954933","struct","GPUInstanceDataBufferUploader.GPUResources","14229","public struct GPUInstanceDataBufferUploader.GPUResources : IDisposable // TypeDefIndex: 14229"
"954961","struct","GPUInstanceDataBufferUploader.WriteInstanceDataParameterJob","14230","internal struct GPUInstanceDataBufferUploader.WriteInstanceDataParameterJob : IJobParallelFor // TypeDefIndex: 14230"
"954992","struct","GPUInstanceDataBufferUploader","14231","internal struct GPUInstanceDataBufferUploader : IDisposable // TypeDefIndex: 14231"
"955055","class","GPUInstanceDataBufferGrower.CopyInstancesKernelIDs","14232","private static class GPUInstanceDataBufferGrower.CopyInstancesKernelIDs // TypeDefIndex: 14232"
"955077","struct","GPUInstanceDataBufferGrower.GPUResources","14233","public struct GPUInstanceDataBufferGrower.GPUResources : IDisposable // TypeDefIndex: 14233"
"955096","struct","GPUInstanceDataBufferGrower","14234","internal struct GPUInstanceDataBufferGrower : IDisposable // TypeDefIndex: 14234"
"955115","struct","InstanceHandle","14235","internal struct InstanceHandle : IEquatable<InstanceHandle>, IComparable<InstanceHandle> // TypeDefIndex: 14235"
"955165","struct","SharedInstanceHandle","14236","internal struct SharedInstanceHandle : IEquatable<SharedInstanceHandle>, IComparable<SharedInstanceHandle> // TypeDefIndex: 14236"
"955200","struct","GPUInstanceIndex","14237","internal struct GPUInstanceIndex : IEquatable<GPUInstanceIndex>, IComparable<GPUInstanceIndex> // TypeDefIndex: 14237"
"955235","struct","InstanceAllocator","14238","internal struct InstanceAllocator // TypeDefIndex: 14238"
"955271","struct","InstanceAllocators","14239","internal struct InstanceAllocators // TypeDefIndex: 14239"
"955310","struct","CPUInstanceData.ReadOnly","14240","internal struct CPUInstanceData.ReadOnly // TypeDefIndex: 14240"
"955344","struct","CPUInstanceData","14241","internal struct CPUInstanceData : IDisposable // TypeDefIndex: 14241"
"955425","struct","CPUSharedInstanceData.ReadOnly","14242","internal struct CPUSharedInstanceData.ReadOnly // TypeDefIndex: 14242"
"955452","struct","CPUSharedInstanceData","14243","internal struct CPUSharedInstanceData : IDisposable // TypeDefIndex: 14243"
"955539","struct","SmallIntegerArray","14244","internal struct SmallIntegerArray : IDisposable // TypeDefIndex: 14244"
"955579","struct","EditorInstanceDataArrays.ReadOnly","14245","internal struct EditorInstanceDataArrays.ReadOnly // TypeDefIndex: 14245"
"955588","struct","EditorInstanceDataArrays","14246","internal struct EditorInstanceDataArrays // TypeDefIndex: 14246"
"955610","enum","TransformUpdateFlags","14247","internal enum TransformUpdateFlags // TypeDefIndex: 14247"
"955621","enum","InstanceFlags","14248","internal enum InstanceFlags // TypeDefIndex: 14248"
"955634","struct","CPUSharedInstanceFlags","14249","internal struct CPUSharedInstanceFlags // TypeDefIndex: 14249"
"955642","struct","PackedMatrix","14250","internal struct PackedMatrix // TypeDefIndex: 14250"
"955660","struct","InstanceDataSystem.QueryRendererGroupInstancesCountJob","14251","private struct InstanceDataSystem.QueryRendererGroupInstancesCountJob : IJobParallelForBatch // TypeDefIndex: 14251"
"955686","struct","InstanceDataSystem.ComputeInstancesOffsetAndResizeInstancesArrayJob","14252","private struct InstanceDataSystem.ComputeInstancesOffsetAndResizeInstancesArrayJob : IJob // TypeDefIndex: 14252"
"955703","struct","InstanceDataSystem.QueryRendererGroupInstancesJob","14253","private struct InstanceDataSystem.QueryRendererGroupInstancesJob : IJobParallelForBatch // TypeDefIndex: 14253"
"955727","struct","InstanceDataSystem.QueryRendererGroupInstancesMultiJob","14254","private struct InstanceDataSystem.QueryRendererGroupInstancesMultiJob : IJobParallelForBatch // TypeDefIndex: 14254"
"955761","struct","InstanceDataSystem.QuerySortedMeshInstancesJob","14255","private struct InstanceDataSystem.QuerySortedMeshInstancesJob : IJobParallelForBatch // TypeDefIndex: 14255"
"955782","struct","InstanceDataSystem.CalculateInterpolatedLightAndOcclusionProbesBatchJob","14256","private struct InstanceDataSystem.CalculateInterpolatedLightAndOcclusionProbesBatchJob : IJobParallelFor // TypeDefIndex: 14256"
"955809","struct","InstanceDataSystem.ScatterTetrahedronCacheIndicesJob","14257","private struct InstanceDataSystem.ScatterTetrahedronCacheIndicesJob : IJobParallelFor // TypeDefIndex: 14257"
"955829","struct","InstanceDataSystem.TransformUpdateJob","14258","private struct InstanceDataSystem.TransformUpdateJob : IJobParallelForBatch // TypeDefIndex: 14258"
"955863","struct","InstanceDataSystem.ProbesUpdateJob","14259","private struct InstanceDataSystem.ProbesUpdateJob : IJobParallelForBatch // TypeDefIndex: 14259"
"955893","struct","InstanceDataSystem.MotionUpdateJob","14260","private struct InstanceDataSystem.MotionUpdateJob : IJobParallelFor // TypeDefIndex: 14260"
"955914","struct","InstanceDataSystem.UpdateRendererInstancesJob","14261","private struct InstanceDataSystem.UpdateRendererInstancesJob : IJobParallelFor // TypeDefIndex: 14261"
"955942","struct","InstanceDataSystem.CollectInstancesLODGroupsAndMasksJob","14262","private struct InstanceDataSystem.CollectInstancesLODGroupsAndMasksJob : IJobParallelFor // TypeDefIndex: 14262"
"955962","struct","InstanceDataSystem.GetVisibleNonProcessedTreeInstancesJob","14263","private struct InstanceDataSystem.GetVisibleNonProcessedTreeInstancesJob : IJobParallelForBatch // TypeDefIndex: 14263"
"955994","struct","InstanceDataSystem.UpdateCompactedInstanceVisibilityJob","14264","private struct InstanceDataSystem.UpdateCompactedInstanceVisibilityJob : IJobParallelForBatch // TypeDefIndex: 14264"
"956011","class","InstanceDataSystem.InstanceTransformUpdateIDs","14265","private static class InstanceDataSystem.InstanceTransformUpdateIDs // TypeDefIndex: 14265"
"956038","class","InstanceDataSystem.InstanceWindDataUpdateIDs","14266","private static class InstanceDataSystem.InstanceWindDataUpdateIDs // TypeDefIndex: 14266"
"956054","class","InstanceDataSystem","14267","internal class InstanceDataSystem : IDisposable // TypeDefIndex: 14267"
"956197","class","InstanceDataSystemBurst.ReallocateInstances_00000283$PostfixBurstDelegate","14268","internal sealed class InstanceDataSystemBurst.ReallocateInstances_00000283$PostfixBurstDelegate : MulticastDelegate // TypeDefIndex: 14268"
"956209","class","InstanceDataSystemBurst.ReallocateInstances_00000283$BurstDirectCall","14269","internal static class InstanceDataSystemBurst.ReallocateInstances_00000283$BurstDirectCall // TypeDefIndex: 14269"
"956229","class","InstanceDataSystemBurst.FreeRendererGroupInstances_00000284$PostfixBurstDelegate","14270","internal sealed class InstanceDataSystemBurst.FreeRendererGroupInstances_00000284$PostfixBurstDelegate : MulticastDelegate // TypeDefIndex: 14270"
"956241","class","InstanceDataSystemBurst.FreeRendererGroupInstances_00000284$BurstDirectCall","14271","internal static class InstanceDataSystemBurst.FreeRendererGroupInstances_00000284$BurstDirectCall // TypeDefIndex: 14271"
"956260","class","InstanceDataSystemBurst.FreeInstances_00000285$BurstDirectCall","14272","internal static class InstanceDataSystemBurst.FreeInstances_00000285$BurstDirectCall // TypeDefIndex: 14272"
"956268","class","InstanceDataSystemBurst","14273","internal static class InstanceDataSystemBurst // TypeDefIndex: 14273"
"956293","struct","TransformUpdatePacket","14274","internal struct TransformUpdatePacket // TypeDefIndex: 14274"
"956303","struct","SHUpdatePacket","14275","internal struct SHUpdatePacket // TypeDefIndex: 14275"
"956336","enum","InstanceType","14276","internal enum InstanceType // TypeDefIndex: 14276"
"956347","class","InstanceTypeInfo","14277","internal static class InstanceTypeInfo // TypeDefIndex: 14277"
"956377","struct","InstanceNumInfo.","14278","public struct InstanceNumInfo.<InstanceNums>e__FixedBuffer // TypeDefIndex: 14278"
"956384","struct","InstanceNumInfo","14279","internal struct InstanceNumInfo // TypeDefIndex: 14279"
"956409","struct","OccluderDerivedData","14280","internal struct OccluderDerivedData // TypeDefIndex: 14280"
"956424","struct","OccluderHandles","14281","internal struct OccluderHandles // TypeDefIndex: 14281"
"956444","struct","IndirectInstanceInfo","14282","internal struct IndirectInstanceInfo // TypeDefIndex: 14282"
"956453","struct","IndirectDrawInfo","14283","internal struct IndirectDrawInfo // TypeDefIndex: 14283"
"956464","struct","IndirectBufferAllocInfo","14284","internal struct IndirectBufferAllocInfo // TypeDefIndex: 14284"
"956482","enum","IndirectBufferContext.BufferState","14285","public enum IndirectBufferContext.BufferState // TypeDefIndex: 14285"
"956494","struct","IndirectBufferContext","14286","internal struct IndirectBufferContext // TypeDefIndex: 14286"
"956512","struct","OccluderMipBounds","14287","internal struct OccluderMipBounds // TypeDefIndex: 14287"
"956520","class","OccluderContext.ShaderIDs","14288","private static class OccluderContext.ShaderIDs // TypeDefIndex: 14288"
"956534","struct","OccluderContext","14289","internal struct OccluderContext : IDisposable // TypeDefIndex: 14289"
"956595","struct","IndirectBufferLimits","14290","internal struct IndirectBufferLimits // TypeDefIndex: 14290"
"956603","struct","InstanceOcclusionTestSubviewSettings","14291","internal struct InstanceOcclusionTestSubviewSettings // TypeDefIndex: 14291"
"956619","struct","IndirectBufferContextHandles","14292","internal struct IndirectBufferContextHandles // TypeDefIndex: 14292"
"956635","struct","IndirectBufferContextStorage","14293","internal struct IndirectBufferContextStorage : IDisposable // TypeDefIndex: 14293"
"956752","struct","InstanceOcclusionCullerShaderVariables","14294","internal struct InstanceOcclusionCullerShaderVariables // TypeDefIndex: 14294"
"956768","struct","LODGroupData.","14295","public struct LODGroupData.<fadeTransitionWidth>e__FixedBuffer // TypeDefIndex: 14295"
"956777","struct","LODGroupData.","14296","public struct LODGroupData.<screenRelativeTransitionHeights>e__FixedBuffer // TypeDefIndex: 14296"
"956784","struct","LODGroupData","14297","internal struct LODGroupData // TypeDefIndex: 14297"
"956799","struct","LODGroupCullingData.","14298","public struct LODGroupCullingData.<percentageFlags>e__FixedBuffer // TypeDefIndex: 14298"
"956808","struct","LODGroupCullingData.","14299","public struct LODGroupCullingData.<sqrDistances>e__FixedBuffer // TypeDefIndex: 14299"
"956817","struct","LODGroupCullingData.","14300","public struct LODGroupCullingData.<transitionDistances>e__FixedBuffer // TypeDefIndex: 14300"
"956824","struct","LODGroupCullingData","14301","internal struct LODGroupCullingData // TypeDefIndex: 14301"
"956841","struct","UpdateLODGroupTransformJob","14302","internal struct UpdateLODGroupTransformJob : IJobParallelFor // TypeDefIndex: 14302"
"956875","struct","UpdateLODGroupDataJob","14303","internal struct UpdateLODGroupDataJob : IJobParallelFor // TypeDefIndex: 14303"
"956896","class","LODGroupDataPool","14304","internal class LODGroupDataPool : IDisposable // TypeDefIndex: 14304"
"956940","class","LODGroupDataPoolBurst.FreeLODGroupData_000002D5$PostfixBurstDelegate","14305","internal sealed class LODGroupDataPoolBurst.FreeLODGroupData_000002D5$PostfixBurstDelegate : MulticastDelegate // TypeDefIndex: 14305"
"956952","class","LODGroupDataPoolBurst.FreeLODGroupData_000002D5$BurstDirectCall","14306","internal static class LODGroupDataPoolBurst.FreeLODGroupData_000002D5$BurstDirectCall // TypeDefIndex: 14306"
"956972","class","LODGroupDataPoolBurst.AllocateOrGetLODGroupDataInstances_000002D6$PostfixBurstDelegate","14307","internal sealed class LODGroupDataPoolBurst.AllocateOrGetLODGroupDataInstances_000002D6$PostfixBurstDelegate : MulticastDelegate // TypeDefIndex: 14307"
"956984","class","LODGroupDataPoolBurst.AllocateOrGetLODGroupDataInstances_000002D6$BurstDirectCall","14308","internal static class LODGroupDataPoolBurst.AllocateOrGetLODGroupDataInstances_000002D6$BurstDirectCall // TypeDefIndex: 14308"
"957004","class","LODGroupDataPoolBurst","14309","internal static class LODGroupDataPoolBurst // TypeDefIndex: 14309"
"957029","class","LODGroupRenderingUtils","14310","internal static class LODGroupRenderingUtils // TypeDefIndex: 14310"
"957049","struct","OccluderDepthPyramidConstants.","14311","public struct OccluderDepthPyramidConstants.<_InvViewProjMatrix>e__FixedBuffer // TypeDefIndex: 14311"
"957058","struct","OccluderDepthPyramidConstants.","14312","public struct OccluderDepthPyramidConstants.<_MipOffsetAndSize>e__FixedBuffer // TypeDefIndex: 14312"
"957067","struct","OccluderDepthPyramidConstants.","14313","public struct OccluderDepthPyramidConstants.<_SilhouettePlanes>e__FixedBuffer // TypeDefIndex: 14313"
"957076","struct","OccluderDepthPyramidConstants.","14314","public struct OccluderDepthPyramidConstants.<_SrcOffset>e__FixedBuffer // TypeDefIndex: 14314"
"957084","struct","OccluderDepthPyramidConstants","14315","internal struct OccluderDepthPyramidConstants // TypeDefIndex: 14315"
"957110","struct","OcclusionTestComputeShader","14316","internal struct OcclusionTestComputeShader // TypeDefIndex: 14316"
"957123","struct","SilhouettePlaneCache.Slot","14317","private struct SilhouettePlaneCache.Slot // TypeDefIndex: 14317"
"957138","struct","SilhouettePlaneCache","14318","internal struct SilhouettePlaneCache : IDisposable // TypeDefIndex: 14318"
"957165","struct","OcclusionCullingCommon.OccluderContextSlot","14319","private struct OcclusionCullingCommon.OccluderContextSlot // TypeDefIndex: 14319"
"957174","class","OcclusionCullingCommon.ShaderIDs","14320","private static class OcclusionCullingCommon.ShaderIDs // TypeDefIndex: 14320"
"957189","class","OcclusionCullingCommon.OcclusionTestOverlaySetupPassData","14321","private class OcclusionCullingCommon.OcclusionTestOverlaySetupPassData // TypeDefIndex: 14321"
"957201","class","OcclusionCullingCommon.OcclusionTestOverlayPassData","14322","private class OcclusionCullingCommon.OcclusionTestOverlayPassData // TypeDefIndex: 14322"
"957213","class","OcclusionCullingCommon.OccluderOverlayPassData","14323","private class OcclusionCullingCommon.OccluderOverlayPassData // TypeDefIndex: 14323"
"957229","class","OcclusionCullingCommon.UpdateOccludersPassData","14324","private class OcclusionCullingCommon.UpdateOccludersPassData // TypeDefIndex: 14324"
"957245","class","OcclusionCullingCommon.","14325","private sealed class OcclusionCullingCommon.<>c // TypeDefIndex: 14325"
"957272","class","OcclusionCullingCommon","14326","internal class OcclusionCullingCommon : IDisposable // TypeDefIndex: 14326"
"957372","struct","OcclusionCullingCommonShaderVariables.","14327","public struct OcclusionCullingCommonShaderVariables.<_FacingDirWorldSpace>e__FixedBuffer // TypeDefIndex: 14327"
"957381","struct","OcclusionCullingCommonShaderVariables.","14328","public struct OcclusionCullingCommonShaderVariables.<_OccluderMipBounds>e__FixedBuffer // TypeDefIndex: 14328"
"957390","struct","OcclusionCullingCommonShaderVariables.","14329","public struct OcclusionCullingCommonShaderVariables.<_RadialDirWorldSpace>e__FixedBuffer // TypeDefIndex: 14329"
"957399","struct","OcclusionCullingCommonShaderVariables.","14330","public struct OcclusionCullingCommonShaderVariables.<_ViewOriginWorldSpace>e__FixedBuffer // TypeDefIndex: 14330"
"957408","struct","OcclusionCullingCommonShaderVariables.","14331","public struct OcclusionCullingCommonShaderVariables.<_ViewProjMatrix>e__FixedBuffer // TypeDefIndex: 14331"
"957416","struct","OcclusionCullingCommonShaderVariables","14332","internal struct OcclusionCullingCommonShaderVariables // TypeDefIndex: 14332"
"957454","struct","OcclusionCullingDebugShaderVariables.","14333","public struct OcclusionCullingDebugShaderVariables.<_OccluderMipBounds>e__FixedBuffer // TypeDefIndex: 14333"
"957462","struct","OcclusionCullingDebugShaderVariables","14334","internal struct OcclusionCullingDebugShaderVariables // TypeDefIndex: 14334"
"957476","struct","RenderersBatchersContextDesc","14335","internal struct RenderersBatchersContextDesc // TypeDefIndex: 14335"
"957492","class","RenderersBatchersContext","14336","internal class RenderersBatchersContext : IDisposable // TypeDefIndex: 14336"
"957666","enum","InstanceComponentGroup","14337","internal enum InstanceComponentGroup // TypeDefIndex: 14337"
"957683","enum","RenderersParameters.Flags","14338","public enum RenderersParameters.Flags // TypeDefIndex: 14338"
"957692","class","RenderersParameters.ParamNames","14339","public static class RenderersParameters.ParamNames // TypeDefIndex: 14339"
"957714","struct","RenderersParameters.ParamInfo","14340","public struct RenderersParameters.ParamInfo // TypeDefIndex: 14340"
"957723","struct","RenderersParameters","14341","internal struct RenderersParameters // TypeDefIndex: 14341"
"957754","class","MemoryUtilities","14342","internal static class MemoryUtilities // TypeDefIndex: 14342"
"957783","struct","ParallelBitArray","14343","internal struct ParallelBitArray // TypeDefIndex: 14343"
"957832","struct","ParallelSortExtensions.RadixSortBucketCountJob","14344","internal struct ParallelSortExtensions.RadixSortBucketCountJob : IJobFor // TypeDefIndex: 14344"
"957857","struct","ParallelSortExtensions.RadixSortBatchPrefixSumJob","14345","internal struct ParallelSortExtensions.RadixSortBatchPrefixSumJob : IJobFor // TypeDefIndex: 14345"
"957895","struct","ParallelSortExtensions.RadixSortPrefixSumJob","14346","internal struct ParallelSortExtensions.RadixSortPrefixSumJob : IJobFor // TypeDefIndex: 14346"
"957915","struct","ParallelSortExtensions.RadixSortBucketSortJob","14347","internal struct ParallelSortExtensions.RadixSortBucketSortJob : IJobFor // TypeDefIndex: 14347"
"957941","class","ParallelSortExtensions","14348","internal static class ParallelSortExtensions // TypeDefIndex: 14348"
"957956","class","__JobReflectionRegistrationOutput__15867191014387474753","14349","internal class __JobReflectionRegistrationOutput__15867191014387474753 // TypeDefIndex: 14349"
"957969","class","$BurstDirectCallInitializer","14350","internal static class $BurstDirectCallInitializer // TypeDefIndex: 14350"
"957983","struct","UnitySourceGeneratedAssemblyMonoScriptTypes_v1.MonoScriptData","14352","private struct UnitySourceGeneratedAssemblyMonoScriptTypes_v1.MonoScriptData // TypeDefIndex: 14352"
"957997","class","UnitySourceGeneratedAssemblyMonoScriptTypes_v1","14353","internal class UnitySourceGeneratedAssemblyMonoScriptTypes_v1 // TypeDefIndex: 14353"
"958009","struct","BoneMatrix","14354","public struct BoneMatrix // TypeDefIndex: 14354"
"958039","class","SpineSkeletonExtensions","14355","public static class SpineSkeletonExtensions // TypeDefIndex: 14355"
"958058","class","AnimationReferenceAsset","14356","public class AnimationReferenceAsset : ScriptableObject, IHasSkeletonDataAsset, ISpineComponent // TypeDefIndex: 14356"
"958095","enum","AtlasAssetBase.LoadingMode","14357","public enum AtlasAssetBase.LoadingMode // TypeDefIndex: 14357"
"958104","class","AtlasAssetBase","14358","public abstract class AtlasAssetBase : ScriptableObject // TypeDefIndex: 14358"
"958170","class","BlendModeMaterials.ReplacementMaterial","14359","public class BlendModeMaterials.ReplacementMaterial // TypeDefIndex: 14359"
"958184","class","BlendModeMaterials.TemplateMaterials","14360","public class BlendModeMaterials.TemplateMaterials // TypeDefIndex: 14360"
"958198","class","BlendModeMaterials.CreateForRegionDelegate","14361","public sealed class BlendModeMaterials.CreateForRegionDelegate : MulticastDelegate // TypeDefIndex: 14361"
"958218","class","BlendModeMaterials.","14362","private sealed class BlendModeMaterials.<>c // TypeDefIndex: 14362"
"958238","class","BlendModeMaterials.","14363","private sealed class BlendModeMaterials.<>c__DisplayClass18_0 // TypeDefIndex: 14363"
"958254","class","BlendModeMaterials","14364","public class BlendModeMaterials // TypeDefIndex: 14364"
"958309","class","EventDataReferenceAsset","14365","public class EventDataReferenceAsset : ScriptableObject // TypeDefIndex: 14365"
"958339","class","OnDemandTextureLoader.TextureLoadDelegate","14366","public sealed class OnDemandTextureLoader.TextureLoadDelegate : MulticastDelegate // TypeDefIndex: 14366"
"958357","class","OnDemandTextureLoader","14367","public abstract class OnDemandTextureLoader : ScriptableObject // TypeDefIndex: 14367"
"958478","class","RegionlessAttachmentLoader","14368","public class RegionlessAttachmentLoader : AttachmentLoader // TypeDefIndex: 14368"
"958515","class","SkeletonDataAsset","14369","public class SkeletonDataAsset : ScriptableObject // TypeDefIndex: 14369"
"958584","enum","SkeletonDataCompatibility.SourceType","14370","public enum SkeletonDataCompatibility.SourceType // TypeDefIndex: 14370"
"958594","class","SkeletonDataCompatibility.VersionInfo","14371","public class SkeletonDataCompatibility.VersionInfo // TypeDefIndex: 14371"
"958609","class","SkeletonDataCompatibility.CompatibilityProblemInfo","14372","public class SkeletonDataCompatibility.CompatibilityProblemInfo // TypeDefIndex: 14372"
"958626","class","SkeletonDataCompatibility","14373","public static class SkeletonDataCompatibility // TypeDefIndex: 14373"
"958630","class","SkeletonDataModifierAsset","14374","public abstract class SkeletonDataModifierAsset : ScriptableObject // TypeDefIndex: 14374"
"958643","class","SpineAtlasAsset","14375","public class SpineAtlasAsset : AtlasAssetBase // TypeDefIndex: 14375"
"958697","class","NoOpTextureLoader","14376","public class NoOpTextureLoader : TextureLoader // TypeDefIndex: 14376"
"958712","class","MaterialsTextureLoader","14377","public class MaterialsTextureLoader : TextureLoader // TypeDefIndex: 14377"
"958731","class","SpineSpriteAtlasAsset.SavedRegionInfo","14378","protected class SpineSpriteAtlasAsset.SavedRegionInfo // TypeDefIndex: 14378"
"958748","class","SpineSpriteAtlasAsset","14379","public class SpineSpriteAtlasAsset : AtlasAssetBase // TypeDefIndex: 14379"
"958807","enum","BoneFollower.AxisOrientation","14380","public enum BoneFollower.AxisOrientation // TypeDefIndex: 14380"
"958819","class","BoneFollower","14381","public class BoneFollower : MonoBehaviour // TypeDefIndex: 14381"
"958883","class","BoneFollowerGraphic","14382","public class BoneFollowerGraphic : MonoBehaviour // TypeDefIndex: 14382"
"958936","class","BoundingBoxFollower","14383","public class BoundingBoxFollower : MonoBehaviour // TypeDefIndex: 14383"
"959018","class","BoundingBoxFollowerGraphic","14384","public class BoundingBoxFollowerGraphic : MonoBehaviour // TypeDefIndex: 14384"
"959101","class","PointFollower","14385","public class PointFollower : MonoBehaviour, IHasSkeletonRenderer, ISpineComponent, IHasSkeletonComponent // TypeDefIndex: 14385"
"959155","class","SkeletonSubmeshGraphic","14386","public class SkeletonSubmeshGraphic : MaskableGraphic // TypeDefIndex: 14386"
"959180","class","SkeletonMecanimRootMotion","14387","public class SkeletonMecanimRootMotion : SkeletonRootMotionBase // TypeDefIndex: 14387"
"959224","class","SkeletonRootMotion","14388","public class SkeletonRootMotion : SkeletonRootMotionBase // TypeDefIndex: 14388"
"959272","class","SkeletonRootMotionBase.RootMotionDelegate","14389","public sealed class SkeletonRootMotionBase.RootMotionDelegate : MulticastDelegate // TypeDefIndex: 14389"
"959290","struct","SkeletonRootMotionBase.RootMotionInfo","14390","public struct SkeletonRootMotionBase.RootMotionInfo // TypeDefIndex: 14390"
"959302","class","SkeletonRootMotionBase.","14391","private sealed class SkeletonRootMotionBase.<>c__DisplayClass78_0 // TypeDefIndex: 14391"
"959318","class","SkeletonRootMotionBase","14392","public abstract class SkeletonRootMotionBase : MonoBehaviour // TypeDefIndex: 14392"
"959531","class","SkeletonAnimation","14393","public class SkeletonAnimation : SkeletonRenderer, ISkeletonAnimation, ISpineComponent, IAnimationStateComponent // TypeDefIndex: 14393"
"959696","enum","SkeletonGraphic.LayoutMode","14394","public enum SkeletonGraphic.LayoutMode // TypeDefIndex: 14394"
"959708","class","SkeletonGraphic.MeshAssignmentDelegateSingle","14395","public sealed class SkeletonGraphic.MeshAssignmentDelegateSingle : MulticastDelegate // TypeDefIndex: 14395"
"959726","class","SkeletonGraphic.MeshAssignmentDelegateMultiple","14396","public sealed class SkeletonGraphic.MeshAssignmentDelegateMultiple : MulticastDelegate // TypeDefIndex: 14396"
"959744","class","SkeletonGraphic.SkeletonRendererDelegate","14397","public sealed class SkeletonGraphic.SkeletonRendererDelegate : MulticastDelegate // TypeDefIndex: 14397"
"959762","class","SkeletonGraphic.InstructionDelegate","14398","public sealed class SkeletonGraphic.InstructionDelegate : MulticastDelegate // TypeDefIndex: 14398"
"959785","class","SkeletonGraphic","14399","public class SkeletonGraphic : MaskableGraphic, ISkeletonComponent, ISpineComponent, IAnimationStateComponent, ISkeletonAnimation, IHasSkeletonDataAsset // TypeDefIndex: 14399"
"960280","class","SkeletonMecanim.MecanimTranslator.OnClipAppliedDelegate","14400","public sealed class SkeletonMecanim.MecanimTranslator.OnClipAppliedDelegate : MulticastDelegate // TypeDefIndex: 14400"
"960298","enum","SkeletonMecanim.MecanimTranslator.MixMode","14401","public enum SkeletonMecanim.MecanimTranslator.MixMode // TypeDefIndex: 14401"
"960308","class","SkeletonMecanim.MecanimTranslator.ClipInfos","14402","protected class SkeletonMecanim.MecanimTranslator.ClipInfos // TypeDefIndex: 14402"
"960331","class","SkeletonMecanim.MecanimTranslator.AnimationClipEqualityComparer","14403","private class SkeletonMecanim.MecanimTranslator.AnimationClipEqualityComparer : IEqualityComparer<AnimationClip> // TypeDefIndex: 14403"
"960352","class","SkeletonMecanim.MecanimTranslator.IntEqualityComparer","14404","private class SkeletonMecanim.MecanimTranslator.IntEqualityComparer : IEqualityComparer<int> // TypeDefIndex: 14404"
"960374","class","SkeletonMecanim.MecanimTranslator","14405","public class SkeletonMecanim.MecanimTranslator // TypeDefIndex: 14405"
"960472","class","SkeletonMecanim","14406","public class SkeletonMecanim : SkeletonRenderer, ISkeletonAnimation, ISpineComponent // TypeDefIndex: 14406"
"960608","class","SkeletonPartsRenderer.SkeletonPartsRendererDelegate","14407","public sealed class SkeletonPartsRenderer.SkeletonPartsRendererDelegate : MulticastDelegate // TypeDefIndex: 14407"
"960628","class","SkeletonPartsRenderer","14408","public class SkeletonPartsRenderer : MonoBehaviour // TypeDefIndex: 14408"
"960688","class","SkeletonRenderSeparator","14409","public class SkeletonRenderSeparator : MonoBehaviour // TypeDefIndex: 14409"
"960753","class","SkeletonRenderer.SpriteMaskInteractionMaterials","14410","public class SkeletonRenderer.SpriteMaskInteractionMaterials // TypeDefIndex: 14410"
"960773","class","SkeletonRenderer.InstructionDelegate","14411","public sealed class SkeletonRenderer.InstructionDelegate : MulticastDelegate // TypeDefIndex: 14411"
"960791","class","SkeletonRenderer.SkeletonRendererDelegate","14412","public sealed class SkeletonRenderer.SkeletonRendererDelegate : MulticastDelegate // TypeDefIndex: 14412"
"960810","class","SkeletonRenderer.","14413","private sealed class SkeletonRenderer.<>c__DisplayClass99_0 // TypeDefIndex: 14413"
"960829","class","SkeletonRenderer","14414","public class SkeletonRenderer : MonoBehaviour, ISkeletonComponent, ISpineComponent, IHasSkeletonDataAsset // TypeDefIndex: 14414"
"961087","struct","SkeletonGraphicCustomMaterials.AtlasMaterialOverride","14415","public struct SkeletonGraphicCustomMaterials.AtlasMaterialOverride : IEquatable<SkeletonGraphicCustomMaterials.AtlasMaterialOverride> // TypeDefIndex: 14415"
"961102","struct","SkeletonGraphicCustomMaterials.AtlasTextureOverride","14416","public struct SkeletonGraphicCustomMaterials.AtlasTextureOverride : IEquatable<SkeletonGraphicCustomMaterials.AtlasTextureOverride> // TypeDefIndex: 14416"
"961118","class","SkeletonGraphicCustomMaterials","14417","public class SkeletonGraphicCustomMaterials : MonoBehaviour // TypeDefIndex: 14417"
"961153","struct","SkeletonRendererCustomMaterials.SlotMaterialOverride","14418","public struct SkeletonRendererCustomMaterials.SlotMaterialOverride : IEquatable<SkeletonRendererCustomMaterials.SlotMaterialOverride> // TypeDefIndex: 14418"
"961169","struct","SkeletonRendererCustomMaterials.AtlasMaterialOverride","14419","public struct SkeletonRendererCustomMaterials.AtlasMaterialOverride : IEquatable<SkeletonRendererCustomMaterials.AtlasMaterialOverride> // TypeDefIndex: 14419"
"961185","class","SkeletonRendererCustomMaterials","14420","public class SkeletonRendererCustomMaterials : MonoBehaviour // TypeDefIndex: 14420"
"961219","class","ActivateBasedOnFlipDirection","14421","public class ActivateBasedOnFlipDirection : MonoBehaviour // TypeDefIndex: 14421"
"961254","class","FollowLocationRigidbody","14422","public class FollowLocationRigidbody : MonoBehaviour // TypeDefIndex: 14422"
"961274","class","FollowLocationRigidbody2D","14423","public class FollowLocationRigidbody2D : MonoBehaviour // TypeDefIndex: 14423"
"961294","class","FollowSkeletonUtilityRootRotation","14424","public class FollowSkeletonUtilityRootRotation : MonoBehaviour // TypeDefIndex: 14424"
"961320","class","SkeletonUtility.SkeletonUtilityDelegate","14425","public sealed class SkeletonUtility.SkeletonUtilityDelegate : MulticastDelegate // TypeDefIndex: 14425"
"961341","class","SkeletonUtility","14426","public sealed class SkeletonUtility : MonoBehaviour // TypeDefIndex: 14426"
"961484","enum","SkeletonUtilityBone.Mode","14427","public enum SkeletonUtilityBone.Mode // TypeDefIndex: 14427"
"961493","enum","SkeletonUtilityBone.UpdatePhase","14428","public enum SkeletonUtilityBone.UpdatePhase // TypeDefIndex: 14428"
"961506","class","SkeletonUtilityBone","14429","public class SkeletonUtilityBone : MonoBehaviour // TypeDefIndex: 14429"
"961563","class","SkeletonUtilityConstraint","14430","public abstract class SkeletonUtilityConstraint : MonoBehaviour // TypeDefIndex: 14430"
"961585","enum","UpdateMode","14431","public enum UpdateMode // TypeDefIndex: 14431"
"961597","enum","UpdateTiming","14432","public enum UpdateTiming // TypeDefIndex: 14432"
"961608","class","ISkeletonAnimationDelegate","14433","public sealed class ISkeletonAnimationDelegate : MulticastDelegate // TypeDefIndex: 14433"
"961626","class","UpdateBonesDelegate","14434","public sealed class UpdateBonesDelegate : MulticastDelegate // TypeDefIndex: 14434"
"961644","interface","ISpineComponent","14435","public interface ISpineComponent // TypeDefIndex: 14435"
"961649","class","ISpineComponentExtensions","14436","public static class ISpineComponentExtensions // TypeDefIndex: 14436"
"961659","interface","ISkeletonAnimation","14437","public interface ISkeletonAnimation : ISpineComponent // TypeDefIndex: 14437"
"961710","interface","IHasSkeletonDataAsset","14438","public interface IHasSkeletonDataAsset : ISpineComponent // TypeDefIndex: 14438"
"961722","interface","ISkeletonComponent","14439","public interface ISkeletonComponent : ISpineComponent // TypeDefIndex: 14439"
"961738","interface","IAnimationStateComponent","14440","public interface IAnimationStateComponent : ISpineComponent // TypeDefIndex: 14440"
"961757","interface","IHasSkeletonRenderer","14441","public interface IHasSkeletonRenderer : ISpineComponent // TypeDefIndex: 14441"
"961769","interface","IHasSkeletonComponent","14442","public interface IHasSkeletonComponent : ISpineComponent // TypeDefIndex: 14442"
"961781","class","DoubleBuffered","14443","public class DoubleBuffered<T> // TypeDefIndex: 14443"
"961825","class","MeshGeneratorDelegate","14444","public sealed class MeshGeneratorDelegate : MulticastDelegate // TypeDefIndex: 14444"
"961843","struct","MeshGeneratorBuffers","14445","public struct MeshGeneratorBuffers // TypeDefIndex: 14445"
"961867","struct","MeshGenerator.Settings","14446","public struct MeshGenerator.Settings // TypeDefIndex: 14446"
"961893","class","MeshGenerator","14447","public class MeshGenerator // TypeDefIndex: 14447"
"962027","class","MeshRendererBuffers.SmartMesh","14448","public class MeshRendererBuffers.SmartMesh : IDisposable // TypeDefIndex: 14448"
"962046","class","MeshRendererBuffers","14449","public class MeshRendererBuffers : IDisposable // TypeDefIndex: 14449"
"962081","class","SkeletonRendererInstruction","14450","public class SkeletonRendererInstruction // TypeDefIndex: 14450"
"962112","class","SpineMesh","14451","public static class SpineMesh // TypeDefIndex: 14451"
"962124","struct","SubmeshInstruction","14452","public struct SubmeshInstruction // TypeDefIndex: 14452"
"962152","class","BlendModeMaterialsAsset.AtlasMaterialCache","14453","private class BlendModeMaterialsAsset.AtlasMaterialCache : IDisposable // TypeDefIndex: 14453"
"962174","class","BlendModeMaterialsAsset","14454","public class BlendModeMaterialsAsset : SkeletonDataModifierAsset // TypeDefIndex: 14454"
"962196","class","SpineAttributeBase","14455","public abstract class SpineAttributeBase : PropertyAttribute // TypeDefIndex: 14455"
"962212","class","SpineBone","14456","public class SpineBone : SpineAttributeBase // TypeDefIndex: 14456"
"962227","class","SpineSlot","14457","public class SpineSlot : SpineAttributeBase // TypeDefIndex: 14457"
"962239","class","SpineAnimation","14458","public class SpineAnimation : SpineAttributeBase // TypeDefIndex: 14458"
"962248","class","SpineEvent","14459","public class SpineEvent : SpineAttributeBase // TypeDefIndex: 14459"
"962260","class","SpineIkConstraint","14460","public class SpineIkConstraint : SpineAttributeBase // TypeDefIndex: 14460"
"962269","class","SpineTransformConstraint","14461","public class SpineTransformConstraint : SpineAttributeBase // TypeDefIndex: 14461"
"962278","class","SpinePathConstraint","14462","public class SpinePathConstraint : SpineAttributeBase // TypeDefIndex: 14462"
"962287","class","SpineSkin","14463","public class SpineSkin : SpineAttributeBase // TypeDefIndex: 14463"
"962299","struct","SpineAttachment.Hierarchy","14464","public struct SpineAttachment.Hierarchy // TypeDefIndex: 14464"
"962313","class","SpineAttachment","14465","public class SpineAttachment : SpineAttributeBase // TypeDefIndex: 14465"
"962338","class","SpineAtlasRegion","14466","public class SpineAtlasRegion : PropertyAttribute // TypeDefIndex: 14466"
"962350","class","MathUtilities","14467","public static class MathUtilities // TypeDefIndex: 14467"
"962368","enum","SettingsTriState","14468","public enum SettingsTriState // TypeDefIndex: 14468"
"962379","class","SkeletonExtensions","14469","public static class SkeletonExtensions // TypeDefIndex: 14469"
"962525","enum","WaitForSpineAnimation.AnimationEventTypes","14470","public enum WaitForSpineAnimation.AnimationEventTypes // TypeDefIndex: 14470"
"962537","class","WaitForSpineAnimation","14471","public class WaitForSpineAnimation : IEnumerator // TypeDefIndex: 14471"
"962570","class","WaitForSpineAnimationComplete","14472","public class WaitForSpineAnimationComplete : WaitForSpineAnimation, IEnumerator // TypeDefIndex: 14472"
"962582","class","WaitForSpineAnimationEnd","14473","public class WaitForSpineAnimationEnd : WaitForSpineAnimation, IEnumerator // TypeDefIndex: 14473"
"962594","class","WaitForSpineEvent","14474","public class WaitForSpineEvent : IEnumerator // TypeDefIndex: 14474"
"962659","class","WaitForSpineTrackEntryEnd","14475","public class WaitForSpineTrackEntryEnd : IEnumerator // TypeDefIndex: 14475"
"962693","class","TimelineExtensions","14476","public static class TimelineExtensions // TypeDefIndex: 14476"
"962735","struct","AtlasUtilities.IntAndAtlasRegionKey","14477","private struct AtlasUtilities.IntAndAtlasRegionKey // TypeDefIndex: 14477"
"962752","class","AtlasUtilities","14478","public static class AtlasUtilities // TypeDefIndex: 14478"
"962910","class","AttachmentCloneExtensions","14479","public static class AttachmentCloneExtensions // TypeDefIndex: 14479"
"962925","class","AttachmentRegionExtensions","14480","public static class AttachmentRegionExtensions // TypeDefIndex: 14480"
"962998","enum","TournamentSortOrder","14486","public enum TournamentSortOrder // TypeDefIndex: 14486"
"963007","enum","TournamentScoreFormat","14487","public enum TournamentScoreFormat // TypeDefIndex: 14487"
"963016","enum","Json.Parser.TOKEN","14488","private enum Json.Parser.TOKEN // TypeDefIndex: 14488"
"963035","class","Json.Parser","14489","private sealed class Json.Parser : IDisposable // TypeDefIndex: 14489"
"963092","class","Json.Serializer","14490","private sealed class Json.Serializer // TypeDefIndex: 14490"
"963122","class","Json","14491","public static class Json // TypeDefIndex: 14491"
"963140","class","AccessToken","14492","public class AccessToken // TypeDefIndex: 14492"
"963236","class","CallbackManager","14493","internal class CallbackManager // TypeDefIndex: 14493"
"963277","enum","ComponentFactory.IfNotExist","14494","internal enum ComponentFactory.IfNotExist // TypeDefIndex: 14494"
"963286","class","ComponentFactory","14495","internal class ComponentFactory // TypeDefIndex: 14495"
"963317","class","Constants","14496","internal static class Constants // TypeDefIndex: 14496"
"963367","class","CustomUpdateContent","14497","public sealed class CustomUpdateContent // TypeDefIndex: 14497"
"963384","class","CustomUpdateLocalizedText","14498","public sealed class CustomUpdateLocalizedText // TypeDefIndex: 14498"
"963397","class","CustomUpdateMedia","14499","public sealed class CustomUpdateMedia // TypeDefIndex: 14499"
"963410","class","CustomUpdateMediaInfo","14500","public sealed class CustomUpdateMediaInfo // TypeDefIndex: 14500"
"963425","class","FB.OnDLLLoaded","14501","private sealed class FB.OnDLLLoaded : MulticastDelegate // TypeDefIndex: 14501"
"963437","class","FB.Canvas","14502","public sealed class FB.Canvas // TypeDefIndex: 14502"
"963452","class","FB.Mobile","14503","public sealed class FB.Mobile // TypeDefIndex: 14503"
"963498","class","FB.Windows","14504","public sealed class FB.Windows // TypeDefIndex: 14504"
"963522","class","FB.CompiledFacebookLoader","14505","internal abstract class FB.CompiledFacebookLoader : MonoBehaviour // TypeDefIndex: 14505"
"963541","class","FB.","14506","private sealed class FB.<>c__DisplayClass36_0 // TypeDefIndex: 14506"
"963581","class","FB","14507","public sealed class FB : ScriptableObject // TypeDefIndex: 14507"
"963813","class","FBGamingServices","14508","public sealed class FBGamingServices : ScriptableObject // TypeDefIndex: 14508"
"963923","class","FacebookBase.","14509","private sealed class FacebookBase.<>c // TypeDefIndex: 14509"
"963942","class","FacebookBase","14510","internal abstract class FacebookBase : IFacebookImplementation, IFacebook, IFacebookWindows, IFacebookResultHandler // TypeDefIndex: 14510"
"964158","class","InitDelegate","14511","public sealed class InitDelegate : MulticastDelegate // TypeDefIndex: 14511"
"964170","class","FacebookDelegate","14512","public sealed class FacebookDelegate<T> : MulticastDelegate // TypeDefIndex: 14512"
"964198","class","HideUnityDelegate","14513","public sealed class HideUnityDelegate : MulticastDelegate // TypeDefIndex: 14513"
"964210","class","FacebookGameObject","14514","internal abstract class FacebookGameObject : MonoBehaviour, IFacebookCallbackHandler // TypeDefIndex: 14514"
"964258","class","FacebookSdkVersion","14515","public class FacebookSdkVersion // TypeDefIndex: 14515"
"964270","enum","FacebookUnityPlatform","14516","internal enum FacebookUnityPlatform // TypeDefIndex: 14516"
"964282","class","FriendFinderInviation","14517","public class FriendFinderInviation // TypeDefIndex: 14517"
"964334","interface","IFacebook","14518","internal interface IFacebook : IFacebookWindows // TypeDefIndex: 14518"
"964475","interface","IFacebookWindows","14519","internal interface IFacebookWindows // TypeDefIndex: 14519"
"964487","interface","IFacebookCallbackHandler","14520","internal interface IFacebookCallbackHandler // TypeDefIndex: 14520"
"964505","interface","IFacebookImplementation","14521","internal interface IFacebookImplementation : IFacebook, IFacebookWindows, IFacebookResultHandler // TypeDefIndex: 14521"
"964509","interface","IFacebookResultHandler","14522","internal interface IFacebookResultHandler // TypeDefIndex: 14522"
"964533","interface","IPayFacebook","14523","internal interface IPayFacebook // TypeDefIndex: 14523"
"964542","class","MethodArguments","14524","internal class MethodArguments // TypeDefIndex: 14524"
"964617","class","MethodCall","14525","internal abstract class MethodCall<T> // TypeDefIndex: 14525"
"964730","enum","ShareDialogMode","14526","public enum ShareDialogMode // TypeDefIndex: 14526"
"964741","enum","OGActionType","14527","public enum OGActionType // TypeDefIndex: 14527"
"964751","class","CurrencyAmount","14528","public class CurrencyAmount // TypeDefIndex: 14528"
"964789","class","Product","14529","public class Product // TypeDefIndex: 14529"
"964882","class","Purchase","14530","public class Purchase // TypeDefIndex: 14530"
"965004","class","SubscribableProduct","14531","public class SubscribableProduct // TypeDefIndex: 14531"
"965108","class","Subscription","14532","public class Subscription // TypeDefIndex: 14532"
"965256","class","AccessTokenRefreshResult","14533","internal class AccessTokenRefreshResult : ResultBase, IAccessTokenRefreshResult, IResult // TypeDefIndex: 14533"
"965283","class","AppLinkResult","14534","internal class AppLinkResult : ResultBase, IAppLinkResult, IResult // TypeDefIndex: 14534"
"965343","class","AppRequestResult","14535","internal class AppRequestResult : ResultBase, IAppRequestResult, IResult // TypeDefIndex: 14535"
"965381","class","CatalogResult","14536","internal class CatalogResult : ResultBase, ICatalogResult, IResult // TypeDefIndex: 14536"
"965408","interface","IFriendFinderInvitationResult","14537","public interface IFriendFinderInvitationResult : IResult // TypeDefIndex: 14537"
"965420","interface","ILocaleResult","14538","public interface ILocaleResult : IResult // TypeDefIndex: 14538"
"965432","interface","IProfileResult","14539","public interface IProfileResult : IResult // TypeDefIndex: 14539"
"965444","class","CancelSubscriptionResult","14540","internal class CancelSubscriptionResult : ResultBase, ICancelSubscriptionResult, IResult // TypeDefIndex: 14540"
"965453","class","ConsumePurchaseResult","14541","internal class ConsumePurchaseResult : ResultBase, IConsumePurchaseResult, IResult // TypeDefIndex: 14541"
"965462","class","GamingServicesFriendFinderResult","14542","internal class GamingServicesFriendFinderResult : ResultBase, IGamingServicesFriendFinderResult, IResult // TypeDefIndex: 14542"
"965471","class","GraphResult","14543","internal class GraphResult : ResultBase, IGraphResult, IResult // TypeDefIndex: 14543"
"965505","interface","IAccessTokenRefreshResult","14544","public interface IAccessTokenRefreshResult : IResult // TypeDefIndex: 14544"
"965517","interface","IAppLinkResult","14545","public interface IAppLinkResult : IResult // TypeDefIndex: 14545"
"965521","class","IAPReadyResult","14546","internal class IAPReadyResult : ResultBase, IIAPReadyResult, IResult // TypeDefIndex: 14546"
"965530","interface","IAppRequestResult","14547","public interface IAppRequestResult : IResult // TypeDefIndex: 14547"
"965534","interface","ICancelSubscriptionResult","14548","public interface ICancelSubscriptionResult : IResult // TypeDefIndex: 14548"
"965538","interface","ICatalogResult","14549","public interface ICatalogResult : IResult // TypeDefIndex: 14549"
"965550","interface","IConsumePurchaseResult","14550","public interface IConsumePurchaseResult : IResult // TypeDefIndex: 14550"
"965554","interface","IGamingServicesFriendFinderResult","14551","public interface IGamingServicesFriendFinderResult : IResult // TypeDefIndex: 14551"
"965558","interface","IGraphResult","14552","public interface IGraphResult : IResult // TypeDefIndex: 14552"
"965570","interface","IGroupCreateResult","14553","public interface IGroupCreateResult : IResult // TypeDefIndex: 14553"
"965574","interface","IGroupJoinResult","14554","public interface IGroupJoinResult : IResult // TypeDefIndex: 14554"
"965578","class","InitCloudGameResult","14555","internal class InitCloudGameResult : ResultBase, IInitCloudGameResult, IResult // TypeDefIndex: 14555"
"965587","class","GameLoadCompleteResult","14556","internal class GameLoadCompleteResult : ResultBase, IGameLoadCompleteResult, IResult // TypeDefIndex: 14556"
"965596","class","InterstitialAdResult","14557","internal class InterstitialAdResult : ResultBase, IInterstitialAdResult, IResult // TypeDefIndex: 14557"
"965605","interface","IIAPReadyResult","14558","public interface IIAPReadyResult : IResult // TypeDefIndex: 14558"
"965609","interface","IInitCloudGameResult","14559","public interface IInitCloudGameResult : IResult // TypeDefIndex: 14559"
"965613","interface","IGameLoadCompleteResult","14560","public interface IGameLoadCompleteResult : IResult // TypeDefIndex: 14560"
"965617","interface","IInternalResult","14561","internal interface IInternalResult : IResult // TypeDefIndex: 14561"
"965629","interface","IInterstitialAdResult","14562","public interface IInterstitialAdResult : IResult // TypeDefIndex: 14562"
"965633","interface","ILoginResult","14563","public interface ILoginResult : IResult // TypeDefIndex: 14563"
"965637","interface","ILoginStatusResult","14564","public interface ILoginStatusResult : ILoginResult, IResult // TypeDefIndex: 14564"
"965641","interface","IOpenAppStoreResult","14565","public interface IOpenAppStoreResult : IResult // TypeDefIndex: 14565"
"965645","interface","IPayloadResult","14566","public interface IPayloadResult : IResult // TypeDefIndex: 14566"
"965657","interface","IPayResult","14567","public interface IPayResult : IResult // TypeDefIndex: 14567"
"965661","interface","IPurchaseResult","14568","public interface IPurchaseResult : IResult // TypeDefIndex: 14568"
"965673","interface","IPurchasesResult","14569","public interface IPurchasesResult : IResult // TypeDefIndex: 14569"
"965685","interface","IResult","14570","public interface IResult // TypeDefIndex: 14570"
"965709","interface","IReferralsCreateResult","14571","public interface IReferralsCreateResult : IResult // TypeDefIndex: 14571"
"965725","interface","IReferralsGetDataResult","14572","public interface IReferralsGetDataResult : IResult // TypeDefIndex: 14572"
"965741","interface","IRewardedVideoResult","14573","public interface IRewardedVideoResult : IResult // TypeDefIndex: 14573"
"965745","interface","IScheduleAppToUserNotificationResult","14574","public interface IScheduleAppToUserNotificationResult : IResult // TypeDefIndex: 14574"
"965749","interface","IShareResult","14575","public interface IShareResult : IResult // TypeDefIndex: 14575"
"965753","interface","ISoftKeyboardOpenResult","14576","public interface ISoftKeyboardOpenResult : IResult // TypeDefIndex: 14576"
"965765","interface","ISubscribableCatalogResult","14577","public interface ISubscribableCatalogResult : IResult // TypeDefIndex: 14577"
"965769","interface","ISubscriptionResult","14578","public interface ISubscriptionResult : IResult // TypeDefIndex: 14578"
"965773","interface","ISubscriptionsResult","14579","public interface ISubscriptionsResult : IResult // TypeDefIndex: 14579"
"965777","interface","IVirtualGamepadLayoutResult","14580","public interface IVirtualGamepadLayoutResult : IResult // TypeDefIndex: 14580"
"965789","class","LoginResult","14581","internal class LoginResult : ResultBase, ILoginResult, IResult // TypeDefIndex: 14581"
"965837","class","LoginStatusResult","14582","internal class LoginStatusResult : LoginResult, ILoginStatusResult, ILoginResult, IResult // TypeDefIndex: 14582"
"965868","class","OpenAppStoreResult","14583","internal class OpenAppStoreResult : ResultBase, IOpenAppStoreResult, IResult // TypeDefIndex: 14583"
"965877","class","PayloadResult","14584","internal class PayloadResult : ResultBase, IPayloadResult, IResult // TypeDefIndex: 14584"
"965904","class","PayResult","14585","internal class PayResult : ResultBase, IPayResult, IResult // TypeDefIndex: 14585"
"965922","class","ProfileResult","14586","internal class ProfileResult : ResultBase, IProfileResult, IResult // TypeDefIndex: 14586"
"965946","class","PurchaseResult","14587","internal class PurchaseResult : ResultBase, IPurchaseResult, IResult // TypeDefIndex: 14587"
"965973","class","PurchasesResult","14588","internal class PurchasesResult : ResultBase, IPurchasesResult, IResult // TypeDefIndex: 14588"
"966000","class","ResultBase","14589","internal abstract class ResultBase : IInternalResult, IResult // TypeDefIndex: 14589"
"966108","class","ResultContainer","14590","internal class ResultContainer // TypeDefIndex: 14590"
"966150","class","RewardedVideoResult","14591","internal class RewardedVideoResult : ResultBase, IRewardedVideoResult, IResult // TypeDefIndex: 14591"
"966159","class","ScheduleAppToUserNotificationResult","14592","internal class ScheduleAppToUserNotificationResult : ResultBase, IScheduleAppToUserNotificationResult, IResult // TypeDefIndex: 14592"
"966168","class","ShareResult","14593","internal class ShareResult : ResultBase, IShareResult, IResult // TypeDefIndex: 14593"
"966199","class","SubscribableCatalogResult","14594","internal class SubscribableCatalogResult : ResultBase, ISubscribableCatalogResult, IResult // TypeDefIndex: 14594"
"966226","class","SubscriptionResult","14595","internal class SubscriptionResult : ResultBase, ISubscriptionResult, IResult // TypeDefIndex: 14595"
"966253","class","SubscriptionsResult","14596","internal class SubscriptionsResult : ResultBase, ISubscriptionsResult, IResult // TypeDefIndex: 14596"
"966281","class","AsyncRequestString.","14597","private sealed class AsyncRequestString.<Start>d__9 : IEnumerator<object>, IEnumerator, IDisposable // TypeDefIndex: 14597"
"966320","class","AsyncRequestString","14598","internal class AsyncRequestString : MonoBehaviour // TypeDefIndex: 14598"
"966366","class","FacebookLogger.DebugLogger","14599","private class FacebookLogger.DebugLogger : IFacebookLogger // TypeDefIndex: 14599"
"966384","class","FacebookLogger","14600","internal static class FacebookLogger // TypeDefIndex: 14600"
"966420","enum","HttpMethod","14601","public enum HttpMethod // TypeDefIndex: 14601"
"966430","interface","IFacebookLogger","14602","internal interface IFacebookLogger // TypeDefIndex: 14602"
"966445","class","Utilities.Callback","14603","public sealed class Utilities.Callback<T> : MulticastDelegate // TypeDefIndex: 14603"
"966475","class","Utilities.","14604","private sealed class Utilities.<>c // TypeDefIndex: 14604"
"966495","class","Utilities","14605","internal static class Utilities // TypeDefIndex: 14605"
"966632","class","FBUnityUtility","14606","internal static class FBUnityUtility // TypeDefIndex: 14606"
"966647","class","AsyncRequestStringWrapper","14607","internal class AsyncRequestStringWrapper : IAsyncRequestStringWrapper // TypeDefIndex: 14607"
"966662","interface","IAsyncRequestStringWrapper","14608","internal interface IAsyncRequestStringWrapper // TypeDefIndex: 14608"
"966675","class","FacebookScheduler.","14609","private sealed class FacebookScheduler.<DelayEvent>d__1 : IEnumerator<object>, IEnumerator, IDisposable // TypeDefIndex: 14609"
"966714","class","FacebookScheduler","14610","internal class FacebookScheduler : MonoBehaviour // TypeDefIndex: 14610"
"966729","interface","IHasLicenseResult","14611","public interface IHasLicenseResult : IResult // TypeDefIndex: 14611"
"966733","class","CodelessIAPAutoLog","14612","internal class CodelessIAPAutoLog // TypeDefIndex: 14612"
"966761","class","CodelessCrawler.","14613","private sealed class CodelessCrawler.<GenSnapshot>d__4 : IEnumerator<object>, IEnumerator, IDisposable // TypeDefIndex: 14613"
"966798","class","CodelessCrawler","14614","public class CodelessCrawler : MonoBehaviour // TypeDefIndex: 14614"
"966850","class","CodelessUIInteractEvent","14615","public class CodelessUIInteractEvent : MonoBehaviour // TypeDefIndex: 14615"
"966886","class","FBSDKViewHiearchy","14616","public class FBSDKViewHiearchy // TypeDefIndex: 14616"
"966910","class","FBSDKCodelessPathComponent","14617","public class FBSDKCodelessPathComponent // TypeDefIndex: 14617"
"966990","class","FBSDKEventBinding","14618","public class FBSDKEventBinding // TypeDefIndex: 14618"
"967051","class","FBSDKEventBindingManager","14619","public class FBSDKEventBindingManager // TypeDefIndex: 14619"
"967075","interface","IMediaUploadResult","14620","public interface IMediaUploadResult : IResult // TypeDefIndex: 14620"
"967087","class","MediaUploadResult","14621","internal class MediaUploadResult : ResultBase, IMediaUploadResult, IResult // TypeDefIndex: 14621"
"967114","interface","ISessionScoreResult","14622","public interface ISessionScoreResult : IResult // TypeDefIndex: 14622"
"967118","class","SessionScoreResult","14623","internal class SessionScoreResult : ResultBase, ISessionScoreResult, IResult // TypeDefIndex: 14623"
"967127","class","AuthenticationToken","14624","public class AuthenticationToken // TypeDefIndex: 14624"
"967165","enum","LoginTracking","14625","public enum LoginTracking // TypeDefIndex: 14625"
"967174","class","Profile","14626","public class Profile // TypeDefIndex: 14626"
"967344","class","UserAgeRange","14627","public class UserAgeRange // TypeDefIndex: 14627"
"967385","class","FBLocation","14628","public class FBLocation // TypeDefIndex: 14628"
"967426","interface","ITournamentResult","14629","public interface ITournamentResult : IResult // TypeDefIndex: 14629"
"967430","class","TournamentResult","14630","internal class TournamentResult : ResultBase, ITournamentResult, IResult, IDialogResult // TypeDefIndex: 14630"
"967501","interface","IGetTournamentsResult","14631","public interface IGetTournamentsResult : IResult // TypeDefIndex: 14631"
"967505","class","GetTournamentsResult","14632","internal class GetTournamentsResult : ResultBase, IGetTournamentsResult, IResult // TypeDefIndex: 14632"
"967525","interface","IDialogResult","14633","public interface IDialogResult : IResult // TypeDefIndex: 14633"
"967529","class","AbortDialogResult","14634","internal class AbortDialogResult : ResultBase, IDialogResult, IResult // TypeDefIndex: 14634"
"967549","interface","ITournamentScoreResult","14635","public interface ITournamentScoreResult : IResult // TypeDefIndex: 14635"
"967553","class","TournamentScoreResult","14636","internal class TournamentScoreResult : ResultBase, ITournamentScoreResult, IResult // TypeDefIndex: 14636"
"967562","interface","ICreateGamingContextResult","14637","public interface ICreateGamingContextResult : IResult // TypeDefIndex: 14637"
"967566","interface","ISwitchGamingContextResult","14638","public interface ISwitchGamingContextResult : IResult // TypeDefIndex: 14638"
"967570","interface","IChooseGamingContextResult","14639","public interface IChooseGamingContextResult : IResult // TypeDefIndex: 14639"
"967574","class","ChooseGamingContextResult","14640","internal class ChooseGamingContextResult : ResultBase, IChooseGamingContextResult, IResult // TypeDefIndex: 14640"
"967601","class","CreateGamingContextResult","14641","internal class CreateGamingContextResult : ResultBase, ICreateGamingContextResult, IResult // TypeDefIndex: 14641"
"967628","class","SwitchGamingContextResult","14642","internal class SwitchGamingContextResult : ResultBase, ISwitchGamingContextResult, IResult // TypeDefIndex: 14642"
"967655","interface","IGetCurrentGamingContextResult","14643","public interface IGetCurrentGamingContextResult : IResult // TypeDefIndex: 14643"
"967659","class","GetCurrentGamingContextResult","14644","internal class GetCurrentGamingContextResult : ResultBase, IGetCurrentGamingContextResult, IResult // TypeDefIndex: 14644"
"967686","class","WindowsFacebook","14645","internal sealed class WindowsFacebook : FacebookBase, IWindowsFacebookImplementation, IWindowsFacebook, IPayFacebook, IFacebook, IFacebookWindows, IFacebookResultHandler // TypeDefIndex: 14645"
"967880","interface","IWindowsFacebookImplementation","14646","internal interface IWindowsFacebookImplementation : IWindowsFacebook, IPayFacebook, IFacebook, IFacebookWindows, IFacebookResultHandler // TypeDefIndex: 14646"
"967892","interface","IWindowsFacebook","14647","internal interface IWindowsFacebook : IPayFacebook, IFacebook, IFacebookWindows // TypeDefIndex: 14647"
"967910","interface","IWindowsWrapper","14648","internal interface IWindowsWrapper // TypeDefIndex: 14648"
"968009","class","WindowsFacebookLoader","14649","internal class WindowsFacebookLoader : FB.CompiledFacebookLoader // TypeDefIndex: 14649"
"968024","class","WindowsFacebookGameObject","14650","internal class WindowsFacebookGameObject : FacebookGameObject, IFacebookCallbackHandler // TypeDefIndex: 14650"
"968048","class","EditorFacebook","14651","internal class EditorFacebook : FacebookBase, IMobileFacebookImplementation, IMobileFacebook, IFacebook, IFacebookWindows, IMobileFacebookResultHandler, IFacebookResultHandler, ICanvasFacebookImplementation, IPayFacebook, ICanvasFacebookResultHandler // TypeDefIndex: 14651"
"968392","class","EditorFacebookGameObject","14652","internal class EditorFacebookGameObject : FacebookGameObject // TypeDefIndex: 14652"
"968416","class","EditorFacebookLoader","14653","internal class EditorFacebookLoader : FB.CompiledFacebookLoader // TypeDefIndex: 14653"
"968431","class","EditorFacebookMockDialog","14654","internal abstract class EditorFacebookMockDialog : MonoBehaviour // TypeDefIndex: 14654"
"968493","class","EditorWrapper","14655","internal class EditorWrapper : IEditorWrapper // TypeDefIndex: 14655"
"968526","interface","IEditorWrapper","14656","internal interface IEditorWrapper // TypeDefIndex: 14656"
"968550","class","EmptyMockDialog","14657","internal class EmptyMockDialog : EditorFacebookMockDialog // TypeDefIndex: 14657"
"968585","class","MockLoginDialog.","14658","private sealed class MockLoginDialog.<>c__DisplayClass4_0 // TypeDefIndex: 14658"
"968602","class","MockLoginDialog.","14659","private sealed class MockLoginDialog.<>c__DisplayClass4_1 // TypeDefIndex: 14659"
"968618","class","MockLoginDialog","14660","internal class MockLoginDialog : EditorFacebookMockDialog // TypeDefIndex: 14660"
"968642","class","MockShareDialog","14661","internal class MockShareDialog : EditorFacebookMockDialog // TypeDefIndex: 14661"
"968682","interface","IMobileFacebook","14662","internal interface IMobileFacebook : IFacebook, IFacebookWindows // TypeDefIndex: 14662"
"968745","interface","IMobileFacebookImplementation","14663","internal interface IMobileFacebookImplementation : IMobileFacebook, IFacebook, IFacebookWindows, IMobileFacebookResultHandler, IFacebookResultHandler // TypeDefIndex: 14663"
"968749","interface","IMobileFacebookResultHandler","14664","internal interface IMobileFacebookResultHandler : IFacebookResultHandler // TypeDefIndex: 14664"
"968866","class","MobileFacebook","14665","internal abstract class MobileFacebook : FacebookBase, IMobileFacebookImplementation, IMobileFacebook, IFacebook, IFacebookWindows, IMobileFacebookResultHandler, IFacebookResultHandler // TypeDefIndex: 14665"
"969139","class","MobileFacebookGameObject","14666","internal abstract class MobileFacebookGameObject : FacebookGameObject, IFacebookCallbackHandler // TypeDefIndex: 14666"
"969265","interface","IIOSWrapper","14667","internal interface IIOSWrapper // TypeDefIndex: 14667"
"969364","class","IOSFacebook.NativeDict","14668","private class IOSFacebook.NativeDict // TypeDefIndex: 14668"
"969410","class","IOSFacebook","14669","internal class IOSFacebook : MobileFacebook // TypeDefIndex: 14669"
"969561","class","IOSFacebookGameObject","14670","internal class IOSFacebookGameObject : MobileFacebookGameObject // TypeDefIndex: 14670"
"969570","class","IOSFacebookLoader","14671","internal class IOSFacebookLoader : FB.CompiledFacebookLoader // TypeDefIndex: 14671"
"969585","class","AndroidFacebook.JavaMethodCall","14672","private class AndroidFacebook.JavaMethodCall<T> : MethodCall<T> // TypeDefIndex: 14672"
"969618","class","AndroidFacebook.","14673","private sealed class AndroidFacebook.<>c // TypeDefIndex: 14673"
"969649","class","AndroidFacebook","14674","internal sealed class AndroidFacebook : MobileFacebook // TypeDefIndex: 14674"
"969864","class","AndroidFacebookGameObject","14675","internal class AndroidFacebookGameObject : MobileFacebookGameObject // TypeDefIndex: 14675"
"969891","class","AndroidFacebookLoader","14676","internal class AndroidFacebookLoader : FB.CompiledFacebookLoader // TypeDefIndex: 14676"
"969906","interface","IAndroidWrapper","14677","internal interface IAndroidWrapper // TypeDefIndex: 14677"
"969924","class","CanvasFacebook.CanvasUIMethodCall","14678","private class CanvasFacebook.CanvasUIMethodCall<T> : MethodCall<T> // TypeDefIndex: 14678"
"969969","class","CanvasFacebook.","14679","private sealed class CanvasFacebook.<>c // TypeDefIndex: 14679"
"969989","class","CanvasFacebook.","14680","private sealed class CanvasFacebook.<>c__DisplayClass47_0 // TypeDefIndex: 14680"
"970005","class","CanvasFacebook","14681","internal sealed class CanvasFacebook : FacebookBase, ICanvasFacebookImplementation, IPayFacebook, IFacebook, IFacebookWindows, ICanvasFacebookResultHandler, IFacebookResultHandler // TypeDefIndex: 14681"
"970199","class","CanvasFacebookGameObject","14682","internal class CanvasFacebookGameObject : FacebookGameObject, ICanvasFacebookCallbackHandler, IFacebookCallbackHandler // TypeDefIndex: 14682"
"970229","class","CanvasFacebookLoader","14683","internal class CanvasFacebookLoader : FB.CompiledFacebookLoader // TypeDefIndex: 14683"
"970244","interface","ICanvasFacebookCallbackHandler","14684","internal interface ICanvasFacebookCallbackHandler : IFacebookCallbackHandler // TypeDefIndex: 14684"
"970262","interface","ICanvasFacebookImplementation","14685","internal interface ICanvasFacebookImplementation : IPayFacebook, IFacebook, IFacebookWindows, ICanvasFacebookResultHandler, IFacebookResultHandler // TypeDefIndex: 14685"
"970266","interface","ICanvasFacebookResultHandler","14686","internal interface ICanvasFacebookResultHandler : IFacebookResultHandler // TypeDefIndex: 14686"
"970284","interface","ICanvasJSWrapper","14687","internal interface ICanvasJSWrapper // TypeDefIndex: 14687"
"970320","class","JsBridge","14688","internal class JsBridge : MonoBehaviour // TypeDefIndex: 14688"
"970365","class","EmbeddedAttribute","14690","internal sealed class EmbeddedAttribute : Attribute // TypeDefIndex: 14690"
"970376","class","IsUnmanagedAttribute","14691","internal sealed class IsUnmanagedAttribute : Attribute // TypeDefIndex: 14691"
"970385","class","DelegateList","14692","internal class DelegateList<T> // TypeDefIndex: 14692"
"970604","class","ListWithEvents","14693","internal class ListWithEvents<T> : IList<T>, ICollection<T>, IEnumerable<T>, IEnumerable // TypeDefIndex: 14693"
"970857","class","MonoBehaviourCallbackHooks","14694","internal class MonoBehaviourCallbackHooks : ComponentSingleton<MonoBehaviourCallbackHooks> // TypeDefIndex: 14694"
"970891","struct","UnitySourceGeneratedAssemblyMonoScriptTypes_v1.MonoScriptData","14695","private struct UnitySourceGeneratedAssemblyMonoScriptTypes_v1.MonoScriptData // TypeDefIndex: 14695"
"970905","class","UnitySourceGeneratedAssemblyMonoScriptTypes_v1","14696","internal class UnitySourceGeneratedAssemblyMonoScriptTypes_v1 // TypeDefIndex: 14696"
"970917","class","ChainOperation","14697","internal class ChainOperation<TObject, TObjectDependency> : AsyncOperationBase<TObject> // TypeDefIndex: 14697"
"971140","class","ChainOperationTypelessDepedency","14698","internal class ChainOperationTypelessDepedency<TObject> : AsyncOperationBase<TObject> // TypeDefIndex: 14698"
"971420","enum","ResourceManager.DiagnosticEventType","14699","public enum ResourceManager.DiagnosticEventType // TypeDefIndex: 14699"
"971433","struct","ResourceManager.DeferredCallbackRegisterRequest","14700","private struct ResourceManager.DeferredCallbackRegisterRequest // TypeDefIndex: 14700"
"971441","class","ResourceManager.CompletedOperation","14701","private class ResourceManager.CompletedOperation<TObject> : AsyncOperationBase<TObject> // TypeDefIndex: 14701"
"971575","class","ResourceManager.InstanceOperation","14702","internal class ResourceManager.InstanceOperation : AsyncOperationBase<GameObject> // TypeDefIndex: 14702"
"971623","class","ResourceManager.","14703","private sealed class ResourceManager.<>c__DisplayClass90_0<TObject> // TypeDefIndex: 14703"
"971667","class","ResourceManager","14704","public class ResourceManager : IDisposable // TypeDefIndex: 14704"
"972094","interface","IUpdateReceiver","14705","public interface IUpdateReceiver // TypeDefIndex: 14705"
"972103","class","WebRequestQueueOperation","14706","public class WebRequestQueueOperation // TypeDefIndex: 14706"
"972134","class","WebRequestQueue","14707","public static class WebRequestQueue // TypeDefIndex: 14707"
"972169","class","ResourceManagerException","14708","public class ResourceManagerException : Exception // TypeDefIndex: 14708"
"972190","class","UnknownResourceProviderException","14709","public class UnknownResourceProviderException : ResourceManagerException // TypeDefIndex: 14709"
"972233","class","OperationException","14710","public class OperationException : Exception // TypeDefIndex: 14710"
"972245","class","ProviderException","14711","public class ProviderException : OperationException // TypeDefIndex: 14711"
"972265","class","RemoteProviderException","14712","public class RemoteProviderException : ProviderException // TypeDefIndex: 14712"
"972292","struct","BinaryStorageBuffer.BuiltinTypesSerializer.ObjectToStringRemap","14713","private struct BinaryStorageBuffer.BuiltinTypesSerializer.ObjectToStringRemap // TypeDefIndex: 14713"
"972301","class","BinaryStorageBuffer.BuiltinTypesSerializer.","14714","private sealed class BinaryStorageBuffer.BuiltinTypesSerializer.<>c__DisplayClass4_0 // TypeDefIndex: 14714"
"972316","class","BinaryStorageBuffer.BuiltinTypesSerializer","14715","private class BinaryStorageBuffer.BuiltinTypesSerializer : BinaryStorageBuffer.ISerializationAdapter<int>, BinaryStorageBuffer.ISerializationAdapter, BinaryStorageBuffer.ISerializationAdapter<bool>, BinaryStorageBuffer.ISerializationAdapter<long>, BinaryStorageBuffer.ISerializationAdapter<string>, BinaryStorageBuffer.ISerializationAdapter<Hash128> // TypeDefIndex: 14715"
"972340","struct","BinaryStorageBuffer.TypeSerializer.Data","14716","private struct BinaryStorageBuffer.TypeSerializer.Data // TypeDefIndex: 14716"
"972348","class","BinaryStorageBuffer.TypeSerializer","14717","private class BinaryStorageBuffer.TypeSerializer : BinaryStorageBuffer.ISerializationAdapter<Type>, BinaryStorageBuffer.ISerializationAdapter // TypeDefIndex: 14717"
"972369","struct","BinaryStorageBuffer.DynamicString","14718","private struct BinaryStorageBuffer.DynamicString // TypeDefIndex: 14718"
"972377","struct","BinaryStorageBuffer.ObjectTypeData","14719","private struct BinaryStorageBuffer.ObjectTypeData // TypeDefIndex: 14719"
"972385","interface","BinaryStorageBuffer.ISerializationAdapter","14720","public interface BinaryStorageBuffer.ISerializationAdapter // TypeDefIndex: 14720"
"972403","interface","BinaryStorageBuffer.ISerializationAdapter","14721","public interface BinaryStorageBuffer.ISerializationAdapter<T> : BinaryStorageBuffer.ISerializationAdapter // TypeDefIndex: 14721"
"972407","class","BinaryStorageBuffer.Reader.StringCreationState","14722","private class BinaryStorageBuffer.Reader.StringCreationState // TypeDefIndex: 14722"
"972422","class","BinaryStorageBuffer.Reader","14723","public class BinaryStorageBuffer.Reader // TypeDefIndex: 14723"
"972622","class","BinaryStorageBuffer.Writer.Chunk","14724","private class BinaryStorageBuffer.Writer.Chunk // TypeDefIndex: 14724"
"972635","struct","BinaryStorageBuffer.Writer.StringParts","14725","private struct BinaryStorageBuffer.Writer.StringParts // TypeDefIndex: 14725"
"972644","class","BinaryStorageBuffer.Writer","14726","public class BinaryStorageBuffer.Writer // TypeDefIndex: 14726"
"972840","class","BinaryStorageBuffer","14727","internal class BinaryStorageBuffer // TypeDefIndex: 14727"
"972863","struct","LRUCache.Key","14728","public struct LRUCache.Key<TKey, TValue> : IEquatable<LRUCache.Key<TKey, TValue>> // TypeDefIndex: 14728"
"972918","struct","LRUCache.Entry","14729","public struct LRUCache.Entry<TKey, TValue> : IEquatable<LRUCache.Entry<TKey, TValue>> // TypeDefIndex: 14729"
"972950","struct","LRUCache","14730","internal struct LRUCache<TKey, TValue> // TypeDefIndex: 14730"
"972997","class","ComponentSingleton","14731","public abstract class ComponentSingleton<T> : MonoBehaviour // TypeDefIndex: 14731"
"973074","struct","DelayedActionManager.DelegateInfo","14732","private struct DelayedActionManager.DelegateInfo // TypeDefIndex: 14732"
"973109","class","DelayedActionManager","14733","internal class DelayedActionManager : ComponentSingleton<DelayedActionManager> // TypeDefIndex: 14733"
"973158","interface","IOperationCacheKey","14734","internal interface IOperationCacheKey : IEquatable<IOperationCacheKey> // TypeDefIndex: 14734"
"973162","class","IdCacheKey","14735","internal sealed class IdCacheKey : IOperationCacheKey, IEquatable<IOperationCacheKey> // TypeDefIndex: 14735"
"973190","class","LocationCacheKey","14736","internal sealed class LocationCacheKey : IOperationCacheKey, IEquatable<IOperationCacheKey> // TypeDefIndex: 14736"
"973215","class","DependenciesCacheKey","14737","internal sealed class DependenciesCacheKey : IOperationCacheKey, IEquatable<IOperationCacheKey> // TypeDefIndex: 14737"
"973240","class","AsyncOpHandlesCacheKey","14738","internal sealed class AsyncOpHandlesCacheKey : IOperationCacheKey, IEquatable<IOperationCacheKey> // TypeDefIndex: 14738"
"973264","class","LocationUtils","14739","internal static class LocationUtils // TypeDefIndex: 14739"
"973276","class","PlatformUtilities","14740","internal class PlatformUtilities // TypeDefIndex: 14740"
"973288","interface","IInitializableObject","14741","public interface IInitializableObject // TypeDefIndex: 14741"
"973300","interface","IObjectInitializationDataProvider","14742","public interface IObjectInitializationDataProvider // TypeDefIndex: 14742"
"973315","interface","IAllocationStrategy","14743","public interface IAllocationStrategy // TypeDefIndex: 14743"
"973327","class","DefaultAllocationStrategy","14744","public class DefaultAllocationStrategy : IAllocationStrategy // TypeDefIndex: 14744"
"973342","class","LRUCacheAllocationStrategy","14745","public class LRUCacheAllocationStrategy : IAllocationStrategy // TypeDefIndex: 14745"
"973370","class","SerializedTypeRestrictionAttribute","14746","public class SerializedTypeRestrictionAttribute : Attribute // TypeDefIndex: 14746"
"973382","class","LinkedListNodeCache","14747","public class LinkedListNodeCache<T> // TypeDefIndex: 14747"
"973485","class","GlobalLinkedListNodeCache","14748","internal static class GlobalLinkedListNodeCache<T> // TypeDefIndex: 14748"
"973542","struct","SerializedType","14749","public struct SerializedType // TypeDefIndex: 14749"
"973589","struct","ObjectInitializationData.Serializer.Data","14750","private struct ObjectInitializationData.Serializer.Data // TypeDefIndex: 14750"
"973598","class","ObjectInitializationData.Serializer","14751","internal class ObjectInitializationData.Serializer : BinaryStorageBuffer.ISerializationAdapter<ObjectInitializationData>, BinaryStorageBuffer.ISerializationAdapter // TypeDefIndex: 14751"
"973620","struct","ObjectInitializationData","14752","public struct ObjectInitializationData // TypeDefIndex: 14752"
"973668","class","ResourceManagerConfig","14753","public static class ResourceManagerConfig // TypeDefIndex: 14753"
"973720","enum","BundleSource","14754","internal enum BundleSource // TypeDefIndex: 14754"
"973731","class","UnityWebRequestUtilities","14755","public class UnityWebRequestUtilities // TypeDefIndex: 14755"
"973759","class","UnityWebRequestResult","14756","public class UnityWebRequestResult // TypeDefIndex: 14756"
"973817","class","DownloadOnlyLocation","14757","internal class DownloadOnlyLocation : LocationWrapper // TypeDefIndex: 14757"
"973826","enum","AssetLoadMode","14758","public enum AssetLoadMode // TypeDefIndex: 14758"
"973835","interface","IAssetBundleResource","14759","public interface IAssetBundleResource // TypeDefIndex: 14759"
"973845","class","AssetBundleRequestOptions","14760","public class AssetBundleRequestOptions : ILocationSizeData // TypeDefIndex: 14760"
"973975","enum","AssetBundleResource.LoadType","14761","public enum AssetBundleResource.LoadType // TypeDefIndex: 14761"
"973985","enum","AssetBundleResource.CacheStatus","14762","internal enum AssetBundleResource.CacheStatus // TypeDefIndex: 14762"
"973997","class","AssetBundleResource.","14763","private sealed class AssetBundleResource.<>c // TypeDefIndex: 14763"
"974016","class","AssetBundleResource","14764","public class AssetBundleResource : IAssetBundleResource, IUpdateReceiver // TypeDefIndex: 14764"
"974139","class","AssetBundleProvider.","14765","private sealed class AssetBundleProvider.<>c__DisplayClass12_0 // TypeDefIndex: 14765"
"974155","class","AssetBundleProvider","14766","public class AssetBundleProvider : ResourceProviderBase // TypeDefIndex: 14766"
"974210","class","AtlasSpriteProvider","14767","public class AtlasSpriteProvider : ResourceProviderBase // TypeDefIndex: 14767"
"974226","class","BinaryAssetProvider","14768","internal class BinaryAssetProvider<TAdapter> : BinaryDataProvider // TypeDefIndex: 14768"
"974255","class","BinaryCatalogInitialization","14769","public class BinaryCatalogInitialization : IInitializableObject // TypeDefIndex: 14769"
"974293","class","BinaryCatalogInitializationData","14770","internal class BinaryCatalogInitializationData // TypeDefIndex: 14770"
"974308","class","BinaryDataProvider.InternalOp","14771","internal class BinaryDataProvider.InternalOp // TypeDefIndex: 14771"
"974352","class","BinaryDataProvider","14772","public class BinaryDataProvider : ResourceProviderBase // TypeDefIndex: 14772"
"974382","class","BundledAssetProvider.InternalOp","14773","internal class BundledAssetProvider.InternalOp // TypeDefIndex: 14773"
"974445","class","BundledAssetProvider","14774","public class BundledAssetProvider : ResourceProviderBase // TypeDefIndex: 14774"
"974457","class","CachedFileProvider.InternalOp","14775","internal class CachedFileProvider.InternalOp // TypeDefIndex: 14775"
"974496","class","CachedFileProvider","14776","public class CachedFileProvider : ResourceProviderBase // TypeDefIndex: 14776"
"974508","struct","InstantiationParameters","14777","public struct InstantiationParameters // TypeDefIndex: 14777"
"974557","interface","IInstanceProvider","14778","public interface IInstanceProvider // TypeDefIndex: 14778"
"974569","enum","ProviderBehaviourFlags","14779","public enum ProviderBehaviourFlags // TypeDefIndex: 14779"
"974578","struct","ProvideHandle","14780","public struct ProvideHandle // TypeDefIndex: 14780"
"974652","interface","IResourceProvider","14781","public interface IResourceProvider // TypeDefIndex: 14781"
"974680","enum","SceneReleaseMode","14782","public enum SceneReleaseMode // TypeDefIndex: 14782"
"974689","struct","SceneInstance","14783","public struct SceneInstance // TypeDefIndex: 14783"
"974725","interface","ISceneProvider","14784","public interface ISceneProvider // TypeDefIndex: 14784"
"974743","interface","ISceneProvider2","14785","internal interface ISceneProvider2 : ISceneProvider // TypeDefIndex: 14785"
"974753","class","SceneProviderExtensions","14786","internal static class SceneProviderExtensions // TypeDefIndex: 14786"
"974763","class","InstanceProvider","14787","public class InstanceProvider : IInstanceProvider // TypeDefIndex: 14787"
"974782","class","JsonAssetProvider","14788","public class JsonAssetProvider : TextDataProvider // TypeDefIndex: 14788"
"974794","class","ResourceProviderBase.BaseInitAsyncOp","14789","private class ResourceProviderBase.BaseInitAsyncOp : AsyncOperationBase<bool> // TypeDefIndex: 14789"
"974816","class","ResourceProviderBase.","14790","private sealed class ResourceProviderBase.<>c__DisplayClass10_0 // TypeDefIndex: 14790"
"974833","class","ResourceProviderBase","14791","public abstract class ResourceProviderBase : IResourceProvider, IInitializableObject // TypeDefIndex: 14791"
"974877","struct","ProviderLoadRequestOptions.SerializationAdatapter.Data","14792","private struct ProviderLoadRequestOptions.SerializationAdatapter.Data // TypeDefIndex: 14792"
"974886","class","ProviderLoadRequestOptions.SerializationAdatapter","14793","public class ProviderLoadRequestOptions.SerializationAdatapter : BinaryStorageBuffer.ISerializationAdapter<ProviderLoadRequestOptions>, BinaryStorageBuffer.ISerializationAdapter // TypeDefIndex: 14793"
"974908","class","ProviderLoadRequestOptions","14794","public class ProviderLoadRequestOptions // TypeDefIndex: 14794"
"974951","class","SceneProvider.SceneOp","14795","private class SceneProvider.SceneOp : AsyncOperationBase<SceneInstance>, IUpdateReceiver // TypeDefIndex: 14795"
"975011","class","SceneProvider.UnloadSceneOp","14796","private class SceneProvider.UnloadSceneOp : AsyncOperationBase<SceneInstance> // TypeDefIndex: 14796"
"975043","class","SceneProvider","14797","public class SceneProvider : ISceneProvider2, ISceneProvider // TypeDefIndex: 14797"
"975067","class","TextDataProvider.InternalOp","14798","internal class TextDataProvider.InternalOp // TypeDefIndex: 14798"
"975111","class","TextDataProvider","14799","public class TextDataProvider : ResourceProviderBase // TypeDefIndex: 14799"
"975141","interface","ILocationSizeData","14800","public interface ILocationSizeData // TypeDefIndex: 14800"
"975150","interface","IResourceLocation","14801","public interface IResourceLocation // TypeDefIndex: 14801"
"975193","class","ResourceLocationComparer","14802","public class ResourceLocationComparer : IEqualityComparer<IResourceLocation> // TypeDefIndex: 14802"
"975208","class","ResourceLocationBase","14803","public class ResourceLocationBase : IResourceLocation // TypeDefIndex: 14803"
"975277","class","LocationWrapper","14804","internal class LocationWrapper : IResourceLocation // TypeDefIndex: 14804"
"975326","class","EngineEmitter","14805","public class EngineEmitter : IProfilerEmitter // TypeDefIndex: 14805"
"975348","enum","ContentStatus","14806","internal enum ContentStatus // TypeDefIndex: 14806"
"975362","enum","BundleOptions","14807","internal enum BundleOptions // TypeDefIndex: 14807"
"975372","struct","CatalogFrameData","14808","internal struct CatalogFrameData // TypeDefIndex: 14808"
"975379","struct","BundleFrameData","14809","internal struct BundleFrameData // TypeDefIndex: 14809"
"975391","struct","AssetFrameData","14810","internal struct AssetFrameData // TypeDefIndex: 14810"
"975410","interface","IProfilerEmitter","14811","internal interface IProfilerEmitter // TypeDefIndex: 14811"
"975429","class","ProfilerFrameData.","14812","private sealed class ProfilerFrameData.<Enumerate>d__17<T1, T2> : IEnumerable<KeyValuePair<T1, T2>>, IEnumerable, IEnumerator<KeyValuePair<T1, T2>>, IEnumerator, IDisposable // TypeDefIndex: 14812"
"975526","class","ProfilerFrameData","14813","internal class ProfilerFrameData<T1, T2> // TypeDefIndex: 14813"
"975632","interface","ICachable","14814","internal interface ICachable // TypeDefIndex: 14814"
"975647","interface","IAsyncOperation","14815","internal interface IAsyncOperation // TypeDefIndex: 14815"
"975744","class","AsyncOperationBase.","14816","private sealed class AsyncOperationBase.<>c__DisplayClass60_0<TObject> // TypeDefIndex: 14816"
"975800","class","AsyncOperationBase.","14817","private sealed class AsyncOperationBase.<>c__DisplayClass61_0<TObject> // TypeDefIndex: 14817"
"975855","class","AsyncOperationBase","14818","public abstract class AsyncOperationBase<TObject> : IAsyncOperation // TypeDefIndex: 14818"
"977563","class","AsyncOperationHandle.","14819","private sealed class AsyncOperationHandle.<>c<TObject> // TypeDefIndex: 14819"
"977642","struct","AsyncOperationHandle","14820","public struct AsyncOperationHandle<TObject> : IEnumerator, IEquatable<AsyncOperationHandle<TObject>> // TypeDefIndex: 14820"
"978520","class","AsyncOperationHandle.","14821","private sealed class AsyncOperationHandle.<>c // TypeDefIndex: 14821"
"978539","struct","AsyncOperationHandle","14822","public struct AsyncOperationHandle : IEnumerator // TypeDefIndex: 14822"
"978677","enum","AsyncOperationStatus","14823","public enum AsyncOperationStatus // TypeDefIndex: 14823"
"978687","struct","DownloadStatus","14824","public struct DownloadStatus // TypeDefIndex: 14824"
"978704","class","GetDownloadSizeOperation","14825","internal class GetDownloadSizeOperation : AsyncOperationBase<long> // TypeDefIndex: 14825"
"978730","enum","GroupOperation.GroupOperationSettings","14826","public enum GroupOperation.GroupOperationSettings // TypeDefIndex: 14826"
"978740","class","GroupOperation","14827","internal class GroupOperation : AsyncOperationBase<IList<AsyncOperationHandle>>, ICachable // TypeDefIndex: 14827"
"978815","interface","IGenericProviderOperation","14828","internal interface IGenericProviderOperation // TypeDefIndex: 14828"
"978874","class","ProviderOperation","14829","internal class ProviderOperation<TObject> : AsyncOperationBase<TObject>, IGenericProviderOperation, ICachable // TypeDefIndex: 14829"
"979170","class","UnityWebRequestOperation","14830","internal class UnityWebRequestOperation : AsyncOperationBase<UnityWebRequest> // TypeDefIndex: 14830"
"979215","class","Event.BindingsMarshaller","14836","internal static class Event.BindingsMarshaller // TypeDefIndex: 14836"
"979226","class","Event","14837","public sealed class Event // TypeDefIndex: 14837"
"979563","enum","EventType","14838","public enum EventType // TypeDefIndex: 14838"
"979635","enum","EventModifiers","14839","public enum EventModifiers // TypeDefIndex: 14839"
"979650","enum","PointerType","14840","public enum PointerType // TypeDefIndex: 14840"
"979661","struct","EventInterests","14841","internal struct EventInterests // TypeDefIndex: 14841"
"979712","enum","GUI.ToolbarButtonSize","14842","public enum GUI.ToolbarButtonSize // TypeDefIndex: 14842"
"979721","class","GUI.WindowFunction","14843","public sealed class GUI.WindowFunction : MulticastDelegate // TypeDefIndex: 14843"
"979735","class","GUI","14844","public class GUI // TypeDefIndex: 14844"
"980016","struct","GUIClip.ParentClipScope","14845","internal struct GUIClip.ParentClipScope : IDisposable // TypeDefIndex: 14845"
"980034","class","GUIClip","14846","internal sealed class GUIClip // TypeDefIndex: 14846"
"980109","class","GUIContent","14847","public class GUIContent // TypeDefIndex: 14847"
"980205","enum","ScaleMode","14848","public enum ScaleMode // TypeDefIndex: 14848"
"980215","enum","FocusType","14849","public enum FocusType // TypeDefIndex: 14849"
"980226","class","GUILayout","14850","public class GUILayout // TypeDefIndex: 14850"
"980373","enum","GUILayoutOption.Type","14851","internal enum GUILayoutOption.Type // TypeDefIndex: 14851"
"980394","class","GUILayoutOption","14852","public sealed class GUILayoutOption // TypeDefIndex: 14852"
"980409","class","GUILayoutUtility.LayoutCache","14853","internal sealed class GUILayoutUtility.LayoutCache // TypeDefIndex: 14853"
"980437","class","GUILayoutUtility","14854","public class GUILayoutUtility // TypeDefIndex: 14854"
"980554","class","GUISettings","14855","public sealed class GUISettings // TypeDefIndex: 14855"
"980600","class","GUISkin.SkinChangedDelegate","14856","internal sealed class GUISkin.SkinChangedDelegate : MulticastDelegate // TypeDefIndex: 14856"
"980616","class","GUISkin","14857","public sealed class GUISkin : ScriptableObject // TypeDefIndex: 14857"
"980889","class","GUIStateObjects","14858","internal class GUIStateObjects // TypeDefIndex: 14858"
"980904","class","GUIStyleState.BindingsMarshaller","14859","internal static class GUIStyleState.BindingsMarshaller // TypeDefIndex: 14859"
"980915","class","GUIStyleState","14860","public sealed class GUIStyleState // TypeDefIndex: 14860"
"980966","class","GUIStyle.BindingsMarshaller","14861","internal static class GUIStyle.BindingsMarshaller // TypeDefIndex: 14861"
"980979","class","GUIStyle","14862","public sealed class GUIStyle // TypeDefIndex: 14862"
"981462","enum","ImagePosition","14863","public enum ImagePosition // TypeDefIndex: 14863"
"981473","enum","TextClipping","14864","public enum TextClipping // TypeDefIndex: 14864"
"981484","class","GUITargetAttribute","14865","public class GUITargetAttribute : Attribute // TypeDefIndex: 14865"
"981503","class","GUIUtility","14866","public class GUIUtility // TypeDefIndex: 14866"
"981792","class","ExitGUIException","14867","public sealed class ExitGUIException : Exception // TypeDefIndex: 14867"
"981804","class","IMGUITextHandle.TextHandleTuple","14868","internal class IMGUITextHandle.TextHandleTuple // TypeDefIndex: 14868"
"981817","class","IMGUITextHandle","14869","internal class IMGUITextHandle : TextHandle // TypeDefIndex: 14869"
"981868","class","GUILayoutEntry","14870","internal class GUILayoutEntry // TypeDefIndex: 14870"
"981950","class","GUIWordWrapSizer","14871","internal sealed class GUIWordWrapSizer : GUILayoutEntry // TypeDefIndex: 14871"
"981971","class","GUILayoutGroup","14872","internal class GUILayoutGroup : GUILayoutEntry // TypeDefIndex: 14872"
"982057","class","GUIScrollGroup","14873","internal sealed class GUIScrollGroup : GUILayoutGroup // TypeDefIndex: 14873"
"982093","class","ObjectGUIState.BindingsMarshaller","14874","internal static class ObjectGUIState.BindingsMarshaller // TypeDefIndex: 14874"
"982104","class","ObjectGUIState","14875","internal class ObjectGUIState : IDisposable // TypeDefIndex: 14875"
"982132","class","RuntimeTextSettings","14876","internal class RuntimeTextSettings : TextSettings // TypeDefIndex: 14876"
"982157","class","ScrollViewState","14877","internal class ScrollViewState // TypeDefIndex: 14877"
"982179","class","SliderState","14878","internal class SliderState // TypeDefIndex: 14878"
"982194","struct","SliderHandler","14879","internal struct SliderHandler // TypeDefIndex: 14879"
"982296","enum","TextEditOp","14880","internal enum TextEditOp // TypeDefIndex: 14880"
"982332","enum","TextSelectOp","14881","internal enum TextSelectOp // TypeDefIndex: 14881"
"982361","class","TextEditingUtilities","14882","internal class TextEditingUtilities // TypeDefIndex: 14882"
"982515","enum","TextEditor.DblClickSnapping","14883","public enum TextEditor.DblClickSnapping // TypeDefIndex: 14883"
"982524","class","TextEditor","14884","public class TextEditor // TypeDefIndex: 14884"
"982679","enum","TextSelectingUtilities.CharacterType","14885","private enum TextSelectingUtilities.CharacterType // TypeDefIndex: 14885"
"982691","enum","TextSelectingUtilities.Direction","14886","private enum TextSelectingUtilities.Direction // TypeDefIndex: 14886"
"982701","class","TextSelectingUtilities","14887","internal class TextSelectingUtilities // TypeDefIndex: 14887"
"982986","class","EmbeddedAttribute","14890","internal sealed class EmbeddedAttribute : Attribute // TypeDefIndex: 14890"
"982998","class","NullableAttribute","14891","internal sealed class NullableAttribute : Attribute // TypeDefIndex: 14891"
"983016","class","NullableContextAttribute","14892","internal sealed class NullableContextAttribute : Attribute // TypeDefIndex: 14892"
"983028","class","JsonProductDescriptionsDeserializer","14893","internal class JsonProductDescriptionsDeserializer // TypeDefIndex: 14893"
"983043","class","AmazonAppStoreStoreExtensions","14894","public class AmazonAppStoreStoreExtensions : IAmazonExtensions, IStoreExtension, IAmazonConfiguration, IStoreConfiguration // TypeDefIndex: 14894"
"983055","class","FakeAmazonExtensions","14895","public class FakeAmazonExtensions : IAmazonExtensions, IStoreExtension, IAmazonConfiguration, IStoreConfiguration // TypeDefIndex: 14895"
"983064","interface","IAmazonConfiguration","14896","public interface IAmazonConfiguration : IStoreConfiguration // TypeDefIndex: 14896"
"983068","interface","IAmazonExtensions","14897","public interface IAmazonExtensions : IStoreExtension // TypeDefIndex: 14897"
"983072","class","AndroidJavaStore","14898","internal class AndroidJavaStore : INativeStore // TypeDefIndex: 14898"
"983094","class","ListExtension","14899","internal static class ListExtension // TypeDefIndex: 14899"
"983123","class","UnityActivity","14900","internal class UnityActivity // TypeDefIndex: 14900"
"983140","class","GoogleCachedQueryProductDetailsService.","14901","private sealed class GoogleCachedQueryProductDetailsService.<>c // TypeDefIndex: 14901"
"983159","class","GoogleCachedQueryProductDetailsService","14902","internal class GoogleCachedQueryProductDetailsService : IGoogleCachedQueryProductDetailsService // TypeDefIndex: 14902"
"983196","class","GoogleFinishTransactionService.","14903","private sealed class GoogleFinishTransactionService.<>c__DisplayClass4_0 // TypeDefIndex: 14903"
"983214","class","GoogleFinishTransactionService.","14904","private sealed class GoogleFinishTransactionService.<>c__DisplayClass5_0 // TypeDefIndex: 14904"
"983238","struct","GoogleFinishTransactionService.","14905","private struct GoogleFinishTransactionService.<FindPurchase>d__4 : IAsyncStateMachine // TypeDefIndex: 14905"
"983265","struct","GoogleFinishTransactionService.","14906","private struct GoogleFinishTransactionService.<FinishTransaction>d__3 : IAsyncStateMachine // TypeDefIndex: 14906"
"983294","class","GoogleFinishTransactionService","14907","internal class GoogleFinishTransactionService : IGoogleFinishTransactionService // TypeDefIndex: 14907"
"983320","class","GoogleLastKnownProductService","14908","internal class GoogleLastKnownProductService : IGoogleLastKnownProductService // TypeDefIndex: 14908"
"983367","class","GooglePlayStoreService.","14909","private sealed class GooglePlayStoreService.<>c__DisplayClass21_0 // TypeDefIndex: 14909"
"983386","struct","GooglePlayStoreService.","14910","private struct GooglePlayStoreService.<FetchPurchases>d__33 : IAsyncStateMachine // TypeDefIndex: 14910"
"983409","struct","GooglePlayStoreService.","14911","private struct GooglePlayStoreService.<TryFetchPurchases>d__34 : IAsyncStateMachine // TypeDefIndex: 14911"
"983434","class","GooglePlayStoreService","14912","internal class GooglePlayStoreService : IGooglePlayStoreService // TypeDefIndex: 14912"
"983524","class","GooglePurchaseService.","14913","private sealed class GooglePurchaseService.<>c__DisplayClass4_0 // TypeDefIndex: 14913"
"983548","class","GooglePurchaseService","14914","internal class GooglePurchaseService : IGooglePurchaseService // TypeDefIndex: 14914"
"983595","class","GoogleQueryPurchasesService.","14915","private sealed class GoogleQueryPurchasesService.<>c // TypeDefIndex: 14915"
"983618","class","GoogleQueryPurchasesService.","14916","private sealed class GoogleQueryPurchasesService.<>c__DisplayClass4_0 // TypeDefIndex: 14916"
"983638","class","GoogleQueryPurchasesService.","14917","private sealed class GoogleQueryPurchasesService.<>c__DisplayClass5_0 // TypeDefIndex: 14917"
"983666","struct","GoogleQueryPurchasesService.","14918","private struct GoogleQueryPurchasesService.<QueryPurchases>d__3 : IAsyncStateMachine // TypeDefIndex: 14918"
"983690","class","GoogleQueryPurchasesService","14919","internal class GoogleQueryPurchasesService : IGoogleQueryPurchasesService // TypeDefIndex: 14919"
"983716","interface","IGoogleCachedQueryProductDetailsService","14920","internal interface IGoogleCachedQueryProductDetailsService // TypeDefIndex: 14920"
"983734","class","BillingClientStateListener","14921","internal class BillingClientStateListener : AndroidJavaProxy, IBillingClientStateListener // TypeDefIndex: 14921"
"983762","class","GoogleAcknowledgePurchaseListener","14922","internal class GoogleAcknowledgePurchaseListener : AndroidJavaProxy // TypeDefIndex: 14922"
"983779","class","GoogleConsumeResponseListener","14923","internal class GoogleConsumeResponseListener : AndroidJavaProxy // TypeDefIndex: 14923"
"983797","struct","GooglePurchaseUpdatedListener.","14924","private struct GooglePurchaseUpdatedListener.<HandleUserCancelledPurchaseFailure>d__14 : IAsyncStateMachine // TypeDefIndex: 14924"
"983818","class","GooglePurchaseUpdatedListener","14925","internal class GooglePurchaseUpdatedListener : AndroidJavaProxy, IGooglePurchaseUpdatedListener // TypeDefIndex: 14925"
"983896","class","GooglePurchasesResponseListener","14926","internal class GooglePurchasesResponseListener : AndroidJavaProxy // TypeDefIndex: 14926"
"983914","class","ProductDetailsResponseListener.","14927","private sealed class ProductDetailsResponseListener.<>c__DisplayClass5_0 // TypeDefIndex: 14927"
"983936","class","ProductDetailsResponseListener","14928","internal class ProductDetailsResponseListener : AndroidJavaProxy // TypeDefIndex: 14928"
"983956","class","MetricizedGooglePlayStoreService.","14929","private sealed class MetricizedGooglePlayStoreService.<>c__DisplayClass3_0 // TypeDefIndex: 14929"
"983974","class","MetricizedGooglePlayStoreService.","14930","private sealed class MetricizedGooglePlayStoreService.<>c__DisplayClass5_0 // TypeDefIndex: 14930"
"983997","class","MetricizedGooglePlayStoreService.","14931","private sealed class MetricizedGooglePlayStoreService.<>c__DisplayClass6_0 // TypeDefIndex: 14931"
"984020","class","MetricizedGooglePlayStoreService","14932","internal class MetricizedGooglePlayStoreService : GooglePlayStoreService // TypeDefIndex: 14932"
"984060","enum","GoogleBillingConnectionState","14933","internal enum GoogleBillingConnectionState // TypeDefIndex: 14933"
"984073","class","ProductDetailsQueryResponse.","14934","private sealed class ProductDetailsQueryResponse.<>c // TypeDefIndex: 14934"
"984112","class","ProductDetailsQueryResponse","14935","internal class ProductDetailsQueryResponse : IProductDetailsQueryResponse // TypeDefIndex: 14935"
"984142","class","ProductDetailsResponseConsolidator","14936","internal class ProductDetailsResponseConsolidator : IProductDetailsResponseConsolidator // TypeDefIndex: 14936"
"984163","class","QueryProductDetailsService.","14937","private sealed class QueryProductDetailsService.<>c // TypeDefIndex: 14937"
"984209","class","QueryProductDetailsService.","14938","private sealed class QueryProductDetailsService.<>c__DisplayClass10_0 // TypeDefIndex: 14938"
"984234","class","QueryProductDetailsService.","14939","private sealed class QueryProductDetailsService.<>c__DisplayClass12_0 // TypeDefIndex: 14939"
"984258","class","QueryProductDetailsService.","14940","private sealed class QueryProductDetailsService.<>c__DisplayClass9_0 // TypeDefIndex: 14940"
"984278","class","QueryProductDetailsService","14941","internal class QueryProductDetailsService : IQueryProductDetailsService // TypeDefIndex: 14941"
"984329","class","FakeGooglePlayStoreConfiguration","14942","public class FakeGooglePlayStoreConfiguration : IGooglePlayConfiguration, IStoreConfiguration // TypeDefIndex: 14942"
"984338","class","FakeGooglePlayStoreExtensions","14943","public class FakeGooglePlayStoreExtensions : IGooglePlayStoreExtensions, IStoreExtension // TypeDefIndex: 14943"
"984351","class","GetGoogleProductMetadataExtension","14944","public static class GetGoogleProductMetadataExtension // TypeDefIndex: 14944"
"984363","class","GooglePlayConfiguration","14945","internal class GooglePlayConfiguration : IGooglePlayConfiguration, IStoreConfiguration, IGooglePlayConfigurationInternal // TypeDefIndex: 14945"
"984404","class","GooglePlayProductCallback","14946","internal class GooglePlayProductCallback : IGoogleProductCallback // TypeDefIndex: 14946"
"984425","class","GooglePlayPurchaseCallback.","14947","private sealed class GooglePlayPurchaseCallback.<>c__DisplayClass8_0 // TypeDefIndex: 14947"
"984448","class","GooglePlayPurchaseCallback.","14948","private sealed class GooglePlayPurchaseCallback.<>c__DisplayClass9_0 // TypeDefIndex: 14948"
"984468","class","GooglePlayPurchaseCallback","14949","internal class GooglePlayPurchaseCallback : IGooglePurchaseCallback // TypeDefIndex: 14949"
"984502","enum","GooglePlayReplacementMode","14950","public enum GooglePlayReplacementMode // TypeDefIndex: 14950"
"984515","class","GooglePlayStore","14951","internal class GooglePlayStore : AbstractStore // TypeDefIndex: 14951"
"984557","class","GooglePlayStoreExtensions","14952","internal class GooglePlayStoreExtensions : IGooglePlayStoreExtensions, IStoreExtension, IGooglePlayStoreExtensionsInternal // TypeDefIndex: 14952"
"984589","interface","IGooglePlayConfiguration","14953","public interface IGooglePlayConfiguration : IStoreConfiguration // TypeDefIndex: 14953"
"984594","interface","IGooglePlayConfigurationInternal","14954","internal interface IGooglePlayConfigurationInternal // TypeDefIndex: 14954"
"984618","interface","IGooglePlayStoreExtensions","14955","public interface IGooglePlayStoreExtensions : IStoreExtension // TypeDefIndex: 14955"
"984627","interface","IGooglePlayStoreExtensionsInternal","14956","internal interface IGooglePlayStoreExtensionsInternal // TypeDefIndex: 14956"
"984636","interface","IGoogleFetchPurchases","14957","internal interface IGoogleFetchPurchases // TypeDefIndex: 14957"
"984651","interface","IGooglePlayStoreFinishTransactionService","14958","internal interface IGooglePlayStoreFinishTransactionService // TypeDefIndex: 14958"
"984663","interface","IGooglePlayStorePurchaseService","14959","internal interface IGooglePlayStorePurchaseService // TypeDefIndex: 14959"
"984672","interface","IGooglePlayStoreRetrieveProductsService","14960","internal interface IGooglePlayStoreRetrieveProductsService // TypeDefIndex: 14960"
"984692","class","MetricizedGooglePlayStoreExtensions","14961","internal class MetricizedGooglePlayStoreExtensions : GooglePlayStoreExtensions // TypeDefIndex: 14961"
"984704","class","GoogleProductMetadata","14962","public class GoogleProductMetadata : ProductMetadata // TypeDefIndex: 14962"
"984765","class","GoogleFetchPurchases.","14963","private sealed class GoogleFetchPurchases.<>c // TypeDefIndex: 14963"
"984789","class","GoogleFetchPurchases.","14964","private sealed class GoogleFetchPurchases.<>c__DisplayClass10_0 // TypeDefIndex: 14964"
"984806","class","GoogleFetchPurchases.","14965","private sealed class GoogleFetchPurchases.<>c__DisplayClass6_0 // TypeDefIndex: 14965"
"984823","class","GoogleFetchPurchases.","14966","private sealed class GoogleFetchPurchases.<>c__DisplayClass8_0 // TypeDefIndex: 14966"
"984842","class","GoogleFetchPurchases","14967","internal class GoogleFetchPurchases : IGoogleFetchPurchases // TypeDefIndex: 14967"
"984893","class","GooglePlayStoreFinishTransactionService.","14968","private sealed class GooglePlayStoreFinishTransactionService.<>c__DisplayClass7_0 // TypeDefIndex: 14968"
"984914","class","GooglePlayStoreFinishTransactionService","14969","internal class GooglePlayStoreFinishTransactionService : IGooglePlayStoreFinishTransactionService // TypeDefIndex: 14969"
"984947","class","GooglePlayStorePurchaseService","14970","internal class GooglePlayStorePurchaseService : IGooglePlayStorePurchaseService // TypeDefIndex: 14970"
"984963","class","GooglePlayStoreRetrieveProductsService.","14971","private sealed class GooglePlayStoreRetrieveProductsService.<>c__DisplayClass10_0 // TypeDefIndex: 14971"
"984983","class","GooglePlayStoreRetrieveProductsService.","14972","private sealed class GooglePlayStoreRetrieveProductsService.<>c__DisplayClass14_0 // TypeDefIndex: 14972"
"985001","class","GooglePlayStoreRetrieveProductsService","14973","internal class GooglePlayStoreRetrieveProductsService : IGooglePlayStoreRetrieveProductsService // TypeDefIndex: 14973"
"985049","class","StoreCallbackExtensionMethods","14974","public static class StoreCallbackExtensionMethods // TypeDefIndex: 14974"
"985059","interface","IAndroidStoreSelection","14975","public interface IAndroidStoreSelection : IStoreConfiguration // TypeDefIndex: 14975"
"985063","interface","IUnityCallback","14976","internal interface IUnityCallback // TypeDefIndex: 14976"
"985082","class","SerializationExtensions","14977","internal static class SerializationExtensions // TypeDefIndex: 14977"
"985092","class","JSONSerializer","14978","internal class JSONSerializer // TypeDefIndex: 14978"
"985122","class","JavaBridge","14979","internal class JavaBridge : AndroidJavaProxy, IUnityCallback // TypeDefIndex: 14979"
"985150","class","ScriptingStoreCallback.","14980","private sealed class ScriptingStoreCallback.<>c__DisplayClass10_0 // TypeDefIndex: 14980"
"985169","class","ScriptingStoreCallback.","14981","private sealed class ScriptingStoreCallback.<>c__DisplayClass6_0 // TypeDefIndex: 14981"
"985189","class","ScriptingStoreCallback.","14982","private sealed class ScriptingStoreCallback.<>c__DisplayClass7_0 // TypeDefIndex: 14982"
"985208","class","ScriptingStoreCallback.","14983","private sealed class ScriptingStoreCallback.<>c__DisplayClass8_0 // TypeDefIndex: 14983"
"985231","class","ScriptingStoreCallback.","14984","private sealed class ScriptingStoreCallback.<>c__DisplayClass9_0 // TypeDefIndex: 14984"
"985251","class","ScriptingStoreCallback","14985","internal class ScriptingStoreCallback : IStoreCallback // TypeDefIndex: 14985"
"985287","class","ScriptingUnityCallback.","14986","private sealed class ScriptingUnityCallback.<>c__DisplayClass3_0 // TypeDefIndex: 14986"
"985304","class","ScriptingUnityCallback.","14987","private sealed class ScriptingUnityCallback.<>c__DisplayClass4_0 // TypeDefIndex: 14987"
"985321","class","ScriptingUnityCallback.","14988","private sealed class ScriptingUnityCallback.<>c__DisplayClass5_0 // TypeDefIndex: 14988"
"985340","class","ScriptingUnityCallback.","14989","private sealed class ScriptingUnityCallback.<>c__DisplayClass6_0 // TypeDefIndex: 14989"
"985356","class","ScriptingUnityCallback","14990","internal class ScriptingUnityCallback : IUnityCallback // TypeDefIndex: 14990"
"985382","class","FakeUDPExtension","14991","public class FakeUDPExtension : IUDPExtensions, IStoreExtension // TypeDefIndex: 14991"
"985391","interface","INativeUDPStore","14992","internal interface INativeUDPStore : INativeStore // TypeDefIndex: 14992"
"985410","interface","IUDPExtensions","14993","public interface IUDPExtensions : IStoreExtension // TypeDefIndex: 14993"
"985415","class","UDP","14994","public class UDP // TypeDefIndex: 14994"
"985427","class","UDPBindings","14995","internal class UDPBindings : INativeUDPStore, INativeStore // TypeDefIndex: 14995"
"985468","class","UDPImpl.","14996","private sealed class UDPImpl.<>c__DisplayClass10_0 // TypeDefIndex: 14996"
"985488","class","UDPImpl.","14997","private sealed class UDPImpl.<>c__DisplayClass11_0 // TypeDefIndex: 14997"
"985504","class","UDPImpl","14998","internal class UDPImpl : JSONStore, IUDPExtensions, IStoreExtension // TypeDefIndex: 14998"
"985542","class","UDPReflectionUtils.","14999","private sealed class UDPReflectionUtils.<>c__DisplayClass6_0 // TypeDefIndex: 14999"
"985557","class","UDPReflectionUtils","15000","internal class UDPReflectionUtils // TypeDefIndex: 15000"
"985580","class","InventoryInterface","15001","internal class InventoryInterface // TypeDefIndex: 15001"
"985601","class","ProductInfoInterface","15002","internal class ProductInfoInterface // TypeDefIndex: 15002"
"985631","class","StoreServiceInterface","15003","internal class StoreServiceInterface // TypeDefIndex: 15003"
"985649","class","UdpIapBridgeInterface","15004","internal class UdpIapBridgeInterface // TypeDefIndex: 15004"
"985673","class","UserInfoInterface","15005","internal class UserInfoInterface // TypeDefIndex: 15005"
"985685","enum","AppStore","15006","public enum AppStore // TypeDefIndex: 15006"
"985701","class","AppleJsonProductDescriptionsDeserializer","15007","internal class AppleJsonProductDescriptionsDeserializer : JsonProductDescriptionsDeserializer // TypeDefIndex: 15007"
"985713","class","AppleProductMetadata","15008","public class AppleProductMetadata : ProductMetadata // TypeDefIndex: 15008"
"985728","class","AppleStoreImpl.","15009","private sealed class AppleStoreImpl.<>c // TypeDefIndex: 15009"
"985763","class","AppleStoreImpl.","15010","private sealed class AppleStoreImpl.<>c__DisplayClass39_0 // TypeDefIndex: 15010"
"985781","class","AppleStoreImpl.","15011","private sealed class AppleStoreImpl.<>c__DisplayClass64_0 // TypeDefIndex: 15011"
"985808","class","AppleStoreImpl","15012","internal class AppleStoreImpl : JSONStore, IAppleExtensions, IStoreExtension, IAppleConfiguration, IStoreConfiguration // TypeDefIndex: 15012"
"985959","class","FakeAppleConfiguration","15013","internal class FakeAppleConfiguration : IAppleConfiguration, IStoreConfiguration // TypeDefIndex: 15013"
"985970","class","FakeAppleExtensions","15014","internal class FakeAppleExtensions : IAppleExtensions, IStoreExtension // TypeDefIndex: 15014"
"985983","interface","IAppleConfiguration","15015","public interface IAppleConfiguration : IStoreConfiguration // TypeDefIndex: 15015"
"985987","interface","IAppleExtensions","15016","public interface IAppleExtensions : IStoreExtension // TypeDefIndex: 15016"
"985996","enum","AppleStorePromotionVisibility","15017","public enum AppleStorePromotionVisibility // TypeDefIndex: 15017"
"986007","class","MetricizedAppleStoreImpl.","15018","private sealed class MetricizedAppleStoreImpl.<>c__DisplayClass10_0 // TypeDefIndex: 15018"
"986026","class","MetricizedAppleStoreImpl.","15019","private sealed class MetricizedAppleStoreImpl.<>c__DisplayClass11_0 // TypeDefIndex: 15019"
"986047","class","MetricizedAppleStoreImpl.","15020","private sealed class MetricizedAppleStoreImpl.<>c__DisplayClass6_0 // TypeDefIndex: 15020"
"986067","class","MetricizedAppleStoreImpl","15021","internal class MetricizedAppleStoreImpl : AppleStoreImpl // TypeDefIndex: 15021"
"986107","interface","INativeStoreProvider","15022","internal interface INativeStoreProvider // TypeDefIndex: 15022"
"986119","interface","IStoreInternal","15023","internal interface IStoreInternal // TypeDefIndex: 15023"
"986128","class","JSONStore","15024","internal class JSONStore : AbstractStore, IUnityCallback, IStoreInternal, ITransactionHistoryExtensions, IStoreExtension // TypeDefIndex: 15024"
"986183","class","MetricizedJsonStore.","15025","private sealed class MetricizedJsonStore.<>c__DisplayClass2_0 // TypeDefIndex: 15025"
"986200","class","MetricizedJsonStore.","15026","private sealed class MetricizedJsonStore.<>c__DisplayClass3_0 // TypeDefIndex: 15026"
"986217","class","MetricizedJsonStore","15027","internal class MetricizedJsonStore : JSONStore // TypeDefIndex: 15027"
"986245","class","NativeStoreProvider","15028","internal class NativeStoreProvider : INativeStoreProvider // TypeDefIndex: 15028"
"986263","class","DialogRequest","15029","internal class DialogRequest // TypeDefIndex: 15029"
"986279","enum","FakeStoreUIMode","15030","public enum FakeStoreUIMode // TypeDefIndex: 15030"
"986289","enum","FakeStore.DialogType","15031","protected enum FakeStore.DialogType // TypeDefIndex: 15031"
"986299","class","FakeStore.","15032","private sealed class FakeStore.<>c__DisplayClass13_0 // TypeDefIndex: 15032"
"986316","class","FakeStore.","15033","private sealed class FakeStore.<>c__DisplayClass15_0 // TypeDefIndex: 15033"
"986332","class","FakeStore","15034","internal class FakeStore : JSONStore, IStoreExtension, INativeStore // TypeDefIndex: 15034"
"986393","class","LifecycleNotifier","15035","internal class LifecycleNotifier : MonoBehaviour // TypeDefIndex: 15035"
"986410","class","UIFakeStore.","15036","private sealed class UIFakeStore.<>c // TypeDefIndex: 15036"
"986430","class","UIFakeStore.","15037","private sealed class UIFakeStore.<>c__DisplayClass10_0<T> // TypeDefIndex: 15037"
"986461","class","UIFakeStore","15038","internal class UIFakeStore : FakeStore // TypeDefIndex: 15038"
"986536","class","UIFakeStoreDropdown","15039","internal class UIFakeStoreDropdown // TypeDefIndex: 15039"
"986562","class","UIFakeStoreWindow","15040","internal class UIFakeStoreWindow : MonoBehaviour // TypeDefIndex: 15040"
"986617","class","Price","15041","public class Price : ISerializationCallbackReceiver // TypeDefIndex: 15041"
"986640","class","StoreID","15042","public class StoreID // TypeDefIndex: 15042"
"986644","enum","TranslationLocale","15043","public enum TranslationLocale // TypeDefIndex: 15043"
"986685","class","LocalizedProductDescription.","15044","private sealed class LocalizedProductDescription.<>c // TypeDefIndex: 15044"
"986705","class","LocalizedProductDescription","15045","public class LocalizedProductDescription // TypeDefIndex: 15045"
"986734","enum","ProductCatalogPayout.ProductCatalogPayoutType","15046","public enum ProductCatalogPayout.ProductCatalogPayoutType // TypeDefIndex: 15046"
"986746","class","ProductCatalogPayout","15047","public class ProductCatalogPayout // TypeDefIndex: 15047"
"986764","class","ProductCatalogItem","15048","public class ProductCatalogItem // TypeDefIndex: 15048"
"986786","class","ProductCatalog","15049","public class ProductCatalog // TypeDefIndex: 15049"
"986822","interface","IProductCatalogImpl","15050","public interface IProductCatalogImpl // TypeDefIndex: 15050"
"986831","class","ProductCatalogImpl","15051","internal class ProductCatalogImpl : IProductCatalogImpl // TypeDefIndex: 15051"
"986843","class","StandardPurchasingModule.StoreInstance","15052","internal class StandardPurchasingModule.StoreInstance // TypeDefIndex: 15052"
"986870","class","StandardPurchasingModule.MicrosoftConfiguration","15053","private class StandardPurchasingModule.MicrosoftConfiguration : IMicrosoftConfiguration, IStoreConfiguration // TypeDefIndex: 15053"
"986882","class","StandardPurchasingModule","15054","public class StandardPurchasingModule : AbstractPurchasingModule, IAndroidStoreSelection, IStoreConfiguration // TypeDefIndex: 15054"
"987040","class","StoreConfiguration","15055","internal class StoreConfiguration // TypeDefIndex: 15055"
"987067","enum","StoreSpecificPurchaseErrorCode","15056","public enum StoreSpecificPurchaseErrorCode // TypeDefIndex: 15056"
"987108","class","TimeSpanUnits","15057","public class TimeSpanUnits // TypeDefIndex: 15057"
"987124","class","SubscriptionManager.","15058","private sealed class SubscriptionManager.<>c // TypeDefIndex: 15058"
"987147","class","SubscriptionManager","15059","public class SubscriptionManager // TypeDefIndex: 15059"
"987176","class","SubscriptionInfo","15060","public class SubscriptionInfo // TypeDefIndex: 15060"
"987238","enum","Result","15061","public enum Result // TypeDefIndex: 15061"
"987248","enum","SubscriptionPeriodUnit","15062","public enum SubscriptionPeriodUnit // TypeDefIndex: 15062"
"987260","enum","AppleStoreProductType","15063","internal enum AppleStoreProductType // TypeDefIndex: 15063"
"987271","class","ReceiptParserException","15064","public class ReceiptParserException : Exception // TypeDefIndex: 15064"
"987283","class","InvalidProductTypeException","15065","public class InvalidProductTypeException : ReceiptParserException // TypeDefIndex: 15065"
"987292","class","NullProductIdException","15066","public class NullProductIdException : ReceiptParserException // TypeDefIndex: 15066"
"987301","class","NullReceiptException","15067","public class NullReceiptException : ReceiptParserException // TypeDefIndex: 15067"
"987310","class","StoreSubscriptionInfoNotSupportedException","15068","public class StoreSubscriptionInfoNotSupportedException : ReceiptParserException // TypeDefIndex: 15068"
"987319","class","FakeTransactionHistoryExtensions","15069","internal class FakeTransactionHistoryExtensions : ITransactionHistoryExtensions, IStoreExtension // TypeDefIndex: 15069"
"987328","interface","ITransactionHistoryExtensions","15070","public interface ITransactionHistoryExtensions : IStoreExtension // TypeDefIndex: 15070"
"987334","class","EnumerableExtensions.","15071","private sealed class EnumerableExtensions.<>c__0<T> // TypeDefIndex: 15071"
"987378","class","EnumerableExtensions.","15072","private sealed class EnumerableExtensions.<IgnoreExceptions>d__1<T, TException> : IEnumerable<T>, IEnumerable, IEnumerator<T>, IEnumerator, IDisposable // TypeDefIndex: 15072"
"987506","class","EnumerableExtensions","15073","internal static class EnumerableExtensions // TypeDefIndex: 15073"
"987537","struct","ExponentialRetryPolicy.","15074","private struct ExponentialRetryPolicy.<>c__DisplayClass4_0.<<Invoke>g__Retry|0>d : IAsyncStateMachine // TypeDefIndex: 15074"
"987556","struct","ExponentialRetryPolicy.","15075","private struct ExponentialRetryPolicy.<>c__DisplayClass4_0.<<Invoke>g__WaitAndRetry|1>d : IAsyncStateMachine // TypeDefIndex: 15075"
"987576","class","ExponentialRetryPolicy.","15076","private sealed class ExponentialRetryPolicy.<>c__DisplayClass4_0 // TypeDefIndex: 15076"
"987601","class","ExponentialRetryPolicy","15077","internal class ExponentialRetryPolicy : IRetryPolicy // TypeDefIndex: 15077"
"987622","struct","GoogleConnectionRetryPolicy.","15078","private struct GoogleConnectionRetryPolicy.<>c__DisplayClass4_0.<<Invoke>g__WaitAndRetry|0>d : IAsyncStateMachine // TypeDefIndex: 15078"
"987642","class","GoogleConnectionRetryPolicy.","15079","private sealed class GoogleConnectionRetryPolicy.<>c__DisplayClass4_0 // TypeDefIndex: 15079"
"987663","class","GoogleConnectionRetryPolicy","15080","internal class GoogleConnectionRetryPolicy : IRetryPolicy // TypeDefIndex: 15080"
"987685","class","ProductDefinitionExtensions","15081","internal static class ProductDefinitionExtensions // TypeDefIndex: 15081"
"987695","class","FakeMicrosoftExtensions","15082","internal class FakeMicrosoftExtensions : IMicrosoftExtensions, IStoreExtension // TypeDefIndex: 15082"
"987704","interface","IMicrosoftConfiguration","15083","public interface IMicrosoftConfiguration : IStoreConfiguration // TypeDefIndex: 15083"
"987708","interface","IMicrosoftExtensions","15084","public interface IMicrosoftExtensions : IStoreExtension // TypeDefIndex: 15084"
"987714","class","WinRTStore.","15085","private sealed class WinRTStore.<>c // TypeDefIndex: 15085"
"987737","class","WinRTStore","15086","internal class WinRTStore : AbstractStore, IWindowsIAPCallback, IMicrosoftExtensions, IStoreExtension // TypeDefIndex: 15086"
"987772","class","UnityUtil.","15087","private sealed class UnityUtil.<DelayedCoroutine>d__48 : IEnumerator<object>, IEnumerator, IDisposable // TypeDefIndex: 15087"
"987814","class","UnityUtil","15088","internal class UnityUtil : MonoBehaviour, IUtil // TypeDefIndex: 15088"
"987965","interface","IRetryPolicy","15089","internal interface IRetryPolicy // TypeDefIndex: 15089"
"987975","class","IapCoreInitializeCallback.","15090","private sealed class IapCoreInitializeCallback.<>c__DisplayClass2_0 // TypeDefIndex: 15090"
"987992","class","IapCoreInitializeCallback","15091","internal class IapCoreInitializeCallback : IInitializablePackage // TypeDefIndex: 15091"
"988018","class","GooglePurchaseBuilder.","15092","private sealed class GooglePurchaseBuilder.<>c__DisplayClass6_0 // TypeDefIndex: 15092"
"988034","class","GooglePurchaseBuilder.","15093","private sealed class GooglePurchaseBuilder.<>c__DisplayClass6_1 // TypeDefIndex: 15093"
"988049","class","GooglePurchaseBuilder","15094","internal class GooglePurchaseBuilder : IGooglePurchaseBuilder // TypeDefIndex: 15094"
"988074","class","GoogleReceiptEncoder","15095","internal static class GoogleReceiptEncoder // TypeDefIndex: 15095"
"988085","class","ProductDetailsConverter","15096","internal class ProductDetailsConverter : IProductDetailsConverter // TypeDefIndex: 15096"
"988103","interface","IBillingClientStateListener","15097","internal interface IBillingClientStateListener // TypeDefIndex: 15097"
"988115","interface","IGoogleBillingClient","15098","internal interface IGoogleBillingClient // TypeDefIndex: 15098"
"988142","interface","IGoogleFinishTransactionService","15099","internal interface IGoogleFinishTransactionService // TypeDefIndex: 15099"
"988152","interface","IGoogleLastKnownProductService","15100","internal interface IGoogleLastKnownProductService // TypeDefIndex: 15100"
"988181","interface","IGooglePlayStoreService","15101","internal interface IGooglePlayStoreService // TypeDefIndex: 15101"
"988206","interface","IGoogleProductCallback","15102","internal interface IGoogleProductCallback // TypeDefIndex: 15102"
"988219","interface","IGooglePurchase","15103","internal interface IGooglePurchase // TypeDefIndex: 15103"
"988258","interface","IGooglePurchaseBuilder","15104","internal interface IGooglePurchaseBuilder // TypeDefIndex: 15104"
"988270","interface","IGooglePurchaseCallback","15105","internal interface IGooglePurchaseCallback // TypeDefIndex: 15105"
"988294","interface","IGooglePurchaseService","15106","internal interface IGooglePurchaseService // TypeDefIndex: 15106"
"988303","interface","IGooglePurchaseStateEnumProvider","15107","internal interface IGooglePurchaseStateEnumProvider // TypeDefIndex: 15107"
"988315","interface","IGooglePurchaseUpdatedListener","15108","internal interface IGooglePurchaseUpdatedListener // TypeDefIndex: 15108"
"988320","interface","IGoogleQueryPurchasesService","15109","internal interface IGoogleQueryPurchasesService // TypeDefIndex: 15109"
"988332","interface","IProductDetailsConverter","15110","internal interface IProductDetailsConverter // TypeDefIndex: 15110"
"988341","interface","IProductDetailsResponseConsolidator","15111","internal interface IProductDetailsResponseConsolidator // TypeDefIndex: 15111"
"988350","interface","IQueryProductDetailsService","15112","internal interface IQueryProductDetailsService // TypeDefIndex: 15112"
"988362","interface","IProductDetailsQueryResponse","15113","internal interface IProductDetailsQueryResponse // TypeDefIndex: 15113"
"988381","class","AndroidJavaObjectExtensions.","15114","private sealed class AndroidJavaObjectExtensions.<>c__DisplayClass0_0<T> // TypeDefIndex: 15114"
"988413","class","AndroidJavaObjectExtensions","15115","internal static class AndroidJavaObjectExtensions // TypeDefIndex: 15115"
"988435","interface","IGoogleBillingResult","15116","internal interface IGoogleBillingResult // TypeDefIndex: 15116"
"988452","class","GoogleBillingClient.","15117","private sealed class GoogleBillingClient.<>c__DisplayClass47_0 // TypeDefIndex: 15117"
"988467","class","GoogleBillingClient","15118","internal class GoogleBillingClient : IGoogleBillingClient // TypeDefIndex: 15118"
"988571","class","GoogleBillingResult","15119","internal class GoogleBillingResult : IGoogleBillingResult // TypeDefIndex: 15119"
"988598","class","GoogleBillingStrings","15120","internal static class GoogleBillingStrings // TypeDefIndex: 15120"
"988607","class","GoogleProductTypeEnum","15121","internal static class GoogleProductTypeEnum // TypeDefIndex: 15121"
"988621","class","GooglePurchase.","15122","private sealed class GooglePurchase.<>c // TypeDefIndex: 15122"
"988645","class","GooglePurchase","15123","internal class GooglePurchase : IGooglePurchase // TypeDefIndex: 15123"
"988729","class","GooglePurchaseStateEnum","15124","internal static class GooglePurchaseStateEnum // TypeDefIndex: 15124"
"988748","class","GooglePurchaseStateEnumProvider","15125","internal class GooglePurchaseStateEnumProvider : IGooglePurchaseStateEnumProvider // TypeDefIndex: 15125"
"988763","enum","GoogleRetrieveProductsFailureReason","15126","internal enum GoogleRetrieveProductsFailureReason // TypeDefIndex: 15126"
"988772","class","ProductDescriptionQuery","15127","internal class ProductDescriptionQuery // TypeDefIndex: 15127"
"988786","enum","GoogleBillingResponseCode","15128","internal enum GoogleBillingResponseCode // TypeDefIndex: 15128"
"988821","class","HurtFlashEffect.","15131","private sealed class HurtFlashEffect.<FlashRoutine>d__9 : IEnumerator<object>, IEnumerator, IDisposable // TypeDefIndex: 15131"
"988863","class","HurtFlashEffect","15132","public class HurtFlashEffect : MonoBehaviour // TypeDefIndex: 15132"
"988890","class","ReloadSceneOnKeyDown","15133","public class ReloadSceneOnKeyDown : MonoBehaviour // TypeDefIndex: 15133"
"988905","class","SkeletonGraphicPlayAnimationAtEvent","15134","public class SkeletonGraphicPlayAnimationAtEvent : MonoBehaviour // TypeDefIndex: 15134"
"988928","struct","UnitySourceGeneratedAssemblyMonoScriptTypes_v1.MonoScriptData","15135","private struct UnitySourceGeneratedAssemblyMonoScriptTypes_v1.MonoScriptData // TypeDefIndex: 15135"
"988942","class","UnitySourceGeneratedAssemblyMonoScriptTypes_v1","15136","internal class UnitySourceGeneratedAssemblyMonoScriptTypes_v1 // TypeDefIndex: 15136"
"988955","class","SkeletonAnimationFixedTimestep","15137","public sealed class SkeletonAnimationFixedTimestep : MonoBehaviour // TypeDefIndex: 15137"
"988990","class","SkeletonAnimationMulti","15138","public class SkeletonAnimationMulti : MonoBehaviour // TypeDefIndex: 15138"
"989066","class","SkeletonColorInitialize.SlotSettings","15139","public class SkeletonColorInitialize.SlotSettings // TypeDefIndex: 15139"
"989080","class","SkeletonColorInitialize","15140","public class SkeletonColorInitialize : MonoBehaviour // TypeDefIndex: 15140"
"989100","class","SpineEventUnityHandler.EventPair","15141","public class SpineEventUnityHandler.EventPair // TypeDefIndex: 15141"
"989116","class","SpineEventUnityHandler.","15142","private sealed class SpineEventUnityHandler.<>c__DisplayClass4_0 // TypeDefIndex: 15142"
"989132","class","SpineEventUnityHandler","15143","public class SpineEventUnityHandler : MonoBehaviour // TypeDefIndex: 15143"
"989153","struct","SpineAnimationTesterTool.AnimationControl","15144","public struct SpineAnimationTesterTool.AnimationControl // TypeDefIndex: 15144"
"989167","class","SpineAnimationTesterTool.ControlledTrack","15145","public class SpineAnimationTesterTool.ControlledTrack // TypeDefIndex: 15145"
"989179","class","SpineAnimationTesterTool","15146","public class SpineAnimationTesterTool : MonoBehaviour, IHasSkeletonDataAsset, ISpineComponent, IHasSkeletonComponent // TypeDefIndex: 15146"
"989223","class","AttackSpineboy","15147","public class AttackSpineboy : MonoBehaviour // TypeDefIndex: 15147"
"989248","class","DraggableTransform","15148","public class DraggableTransform : MonoBehaviour // TypeDefIndex: 15148"
"989272","class","FootSoldierExample.","15149","private sealed class FootSoldierExample.<Blink>d__15 : IEnumerator<object>, IEnumerator, IDisposable // TypeDefIndex: 15149"
"989310","class","FootSoldierExample","15150","public class FootSoldierExample : MonoBehaviour // TypeDefIndex: 15150"
"989353","enum","BasicPlatformerController.CharacterState","15151","public enum BasicPlatformerController.CharacterState // TypeDefIndex: 15151"
"989369","class","BasicPlatformerController","15152","public class BasicPlatformerController : MonoBehaviour // TypeDefIndex: 15152"
"989441","class","ConstrainedCamera","15153","public class ConstrainedCamera : MonoBehaviour // TypeDefIndex: 15153"
"989461","class","Raptor.","15154","private sealed class Raptor.<GunGrabRoutine>d__5 : IEnumerator<object>, IEnumerator, IDisposable // TypeDefIndex: 15154"
"989499","class","Raptor","15155","public class Raptor : MonoBehaviour // TypeDefIndex: 15155"
"989522","class","SpineBeginnerTwo.","15156","private sealed class SpineBeginnerTwo.<DoDemoRoutine>d__11 : IEnumerator<object>, IEnumerator, IDisposable // TypeDefIndex: 15156"
"989560","class","SpineBeginnerTwo","15157","public class SpineBeginnerTwo : MonoBehaviour // TypeDefIndex: 15157"
"989596","class","SpineBlinkPlayer.","15158","private sealed class SpineBlinkPlayer.<Start>d__4 : IEnumerator<object>, IEnumerator, IDisposable // TypeDefIndex: 15158"
"989635","class","SpineBlinkPlayer","15159","public class SpineBlinkPlayer : MonoBehaviour // TypeDefIndex: 15159"
"989654","class","SpineboyBeginnerInput","15160","public class SpineboyBeginnerInput : MonoBehaviour // TypeDefIndex: 15160"
"989677","class","SpineboyBeginnerModel.","15161","private sealed class SpineboyBeginnerModel.<JumpRoutine>d__19 : IEnumerator<object>, IEnumerator, IDisposable // TypeDefIndex: 15161"
"989718","class","SpineboyBeginnerModel","15162","public class SpineboyBeginnerModel : MonoBehaviour // TypeDefIndex: 15162"
"989786","enum","SpineBeginnerBodyState","15163","public enum SpineBeginnerBodyState // TypeDefIndex: 15163"
"989796","class","SpineboyBeginnerView","15164","public class SpineboyBeginnerView : MonoBehaviour // TypeDefIndex: 15164"
"989859","class","SpineboyBeginnerViewGraphic","15165","public class SpineboyBeginnerViewGraphic : MonoBehaviour // TypeDefIndex: 15165"
"989922","class","SpineboyTargetController","15166","public class SpineboyTargetController : MonoBehaviour // TypeDefIndex: 15166"
"989947","class","SpineboyTargetControllerGraphic","15167","public class SpineboyTargetControllerGraphic : MonoBehaviour // TypeDefIndex: 15167"
"989974","struct","TransitionDictionaryExample.SerializedEntry","15168","public struct TransitionDictionaryExample.SerializedEntry // TypeDefIndex: 15168"
"989983","class","TransitionDictionaryExample","15169","public sealed class TransitionDictionaryExample : MonoBehaviour // TypeDefIndex: 15169"
"990003","class","Goblins","15170","public class Goblins : MonoBehaviour // TypeDefIndex: 15170"
"990028","class","HandleEventWithAudioExample","15171","public class HandleEventWithAudioExample : MonoBehaviour // TypeDefIndex: 15171"
"990062","class","HeroEffectsHandlerExample","15172","public class HeroEffectsHandlerExample : MonoBehaviour // TypeDefIndex: 15172"
"990080","class","MaterialPropertyBlockExample","15173","public class MaterialPropertyBlockExample : MonoBehaviour // TypeDefIndex: 15173"
"990102","class","MaterialReplacementExample","15174","public class MaterialReplacementExample : MonoBehaviour // TypeDefIndex: 15174"
"990133","class","DummyMecanimControllerExample.","15175","private sealed class DummyMecanimControllerExample.<FakeJump>d__12 : IEnumerator<object>, IEnumerator, IDisposable // TypeDefIndex: 15175"
"990172","class","DummyMecanimControllerExample","15176","public class DummyMecanimControllerExample : MonoBehaviour // TypeDefIndex: 15176"
"990206","class","MecanimToAnimationHandleExample","15177","public class MecanimToAnimationHandleExample : StateMachineBehaviour // TypeDefIndex: 15177"
"990223","class","SkeletonAnimationHandleExample.StateNameToAnimationReference","15178","public class SkeletonAnimationHandleExample.StateNameToAnimationReference // TypeDefIndex: 15178"
"990237","class","SkeletonAnimationHandleExample.AnimationTransition","15179","public class SkeletonAnimationHandleExample.AnimationTransition // TypeDefIndex: 15179"
"990252","class","SkeletonAnimationHandleExample.","15180","private sealed class SkeletonAnimationHandleExample.<>c__DisplayClass14_0 // TypeDefIndex: 15180"
"990268","class","SkeletonAnimationHandleExample","15181","public class SkeletonAnimationHandleExample : MonoBehaviour // TypeDefIndex: 15181"
"990328","class","AnimationMatchModifierAsset.AnimationTools","15182","public static class AnimationMatchModifierAsset.AnimationTools // TypeDefIndex: 15182"
"990382","class","AnimationMatchModifierAsset","15183","public class AnimationMatchModifierAsset : SkeletonDataModifierAsset // TypeDefIndex: 15183"
"990397","class","EquipAssetExample","15184","public class EquipAssetExample : ScriptableObject // TypeDefIndex: 15184"
"990412","class","EquipButtonExample","15185","public class EquipButtonExample : MonoBehaviour // TypeDefIndex: 15185"
"990440","class","EquipSystemExample.EquipHook","15186","public class EquipSystemExample.EquipHook // TypeDefIndex: 15186"
"990458","enum","EquipSystemExample.EquipType","15187","public enum EquipSystemExample.EquipType // TypeDefIndex: 15187"
"990468","class","EquipSystemExample.","15188","private sealed class EquipSystemExample.<>c__DisplayClass10_0 // TypeDefIndex: 15188"
"990483","class","EquipSystemExample","15189","public class EquipSystemExample : MonoBehaviour, IHasSkeletonDataAsset, ISpineComponent // TypeDefIndex: 15189"
"990515","class","EquipsVisualsComponentExample","15190","public class EquipsVisualsComponentExample : MonoBehaviour // TypeDefIndex: 15190"
"990545","class","MixAndMatchSkinsButtonExample","15191","public class MixAndMatchSkinsButtonExample : MonoBehaviour // TypeDefIndex: 15191"
"990568","enum","MixAndMatchSkinsExample.ItemType","15192","public enum MixAndMatchSkinsExample.ItemType // TypeDefIndex: 15192"
"990579","class","MixAndMatchSkinsExample","15193","public class MixAndMatchSkinsExample : MonoBehaviour // TypeDefIndex: 15193"
"990655","class","MixAndMatch.","15194","private sealed class MixAndMatch.<Start>d__14 : IEnumerator<object>, IEnumerator, IDisposable // TypeDefIndex: 15194"
"990693","class","MixAndMatch","15195","public class MixAndMatch : MonoBehaviour // TypeDefIndex: 15195"
"990737","class","MixAndMatchGraphic.","15196","private sealed class MixAndMatchGraphic.<Start>d__13 : IEnumerator<object>, IEnumerator, IDisposable // TypeDefIndex: 15196"
"990775","class","MixAndMatchGraphic","15197","public class MixAndMatchGraphic : MonoBehaviour // TypeDefIndex: 15197"
"990819","class","RaggedySpineboy.","15198","private sealed class RaggedySpineboy.<Restore>d__10 : IEnumerator<object>, IEnumerator, IDisposable // TypeDefIndex: 15198"
"990858","class","RaggedySpineboy.","15199","private sealed class RaggedySpineboy.<WaitUntilStopped>d__11 : IEnumerator<object>, IEnumerator, IDisposable // TypeDefIndex: 15199"
"990897","class","RaggedySpineboy","15200","public class RaggedySpineboy : MonoBehaviour // TypeDefIndex: 15200"
"990937","class","RenderTextureFadeoutExample.","15201","private sealed class RenderTextureFadeoutExample.<Start>d__5 : IEnumerator<object>, IEnumerator, IDisposable // TypeDefIndex: 15201"
"990975","class","RenderTextureFadeoutExample","15202","public class RenderTextureFadeoutExample : MonoBehaviour // TypeDefIndex: 15202"
"991010","class","Rotator","15203","public class Rotator : MonoBehaviour // TypeDefIndex: 15203"
"991027","class","RuntimeLoadFromExportsExample.","15204","private sealed class RuntimeLoadFromExportsExample.<Start>d__17 : IEnumerator<object>, IEnumerator, IDisposable // TypeDefIndex: 15204"
"991065","class","RuntimeLoadFromExportsExample","15205","public class RuntimeLoadFromExportsExample : MonoBehaviour // TypeDefIndex: 15205"
"991105","class","BoneLocalOverride","15206","public class BoneLocalOverride : MonoBehaviour // TypeDefIndex: 15206"
"991136","class","CombinedSkin","15207","public class CombinedSkin : MonoBehaviour // TypeDefIndex: 15207"
"991154","class","SkeletonGhost","15208","public class SkeletonGhost : MonoBehaviour // TypeDefIndex: 15208"
"991215","class","SkeletonGhostRenderer.","15209","private sealed class SkeletonGhostRenderer.<Fade>d__10 : IEnumerator<object>, IEnumerator, IDisposable // TypeDefIndex: 15209"
"991257","class","SkeletonGhostRenderer.","15210","private sealed class SkeletonGhostRenderer.<FadeAdditive>d__11 : IEnumerator<object>, IEnumerator, IDisposable // TypeDefIndex: 15210"
"991298","class","SkeletonGhostRenderer","15211","public class SkeletonGhostRenderer : MonoBehaviour // TypeDefIndex: 15211"
"991338","class","AtlasRegionAttacher.SlotRegionPair","15212","public class AtlasRegionAttacher.SlotRegionPair // TypeDefIndex: 15212"
"991353","class","AtlasRegionAttacher","15213","public class AtlasRegionAttacher : MonoBehaviour // TypeDefIndex: 15213"
"991377","class","SpriteAttacher","15214","public class SpriteAttacher : MonoBehaviour // TypeDefIndex: 15214"
"991418","class","SpriteAttachmentExtensions","15215","public static class SpriteAttachmentExtensions // TypeDefIndex: 15215"
"991444","class","OutlineSkeletonGraphic","15216","public class OutlineSkeletonGraphic : MonoBehaviour // TypeDefIndex: 15216"
"991468","class","RenderCombinedMesh","15217","public class RenderCombinedMesh : MonoBehaviour // TypeDefIndex: 15217"
"991529","struct","RenderExistingMesh.MaterialReplacement","15218","public struct RenderExistingMesh.MaterialReplacement // TypeDefIndex: 15218"
"991540","class","RenderExistingMesh","15219","public class RenderExistingMesh : MonoBehaviour // TypeDefIndex: 15219"
"991575","class","RootMotionDeltaCompensation","15220","public class RootMotionDeltaCompensation : MonoBehaviour // TypeDefIndex: 15220"
"991610","class","JitterEffectExample","15221","public class JitterEffectExample : MonoBehaviour // TypeDefIndex: 15221"
"991633","class","TwoByTwoTransformEffectExample","15222","public class TwoByTwoTransformEffectExample : MonoBehaviour // TypeDefIndex: 15222"
"991657","class","SetRigidbodySolverIterations","15223","public class SetRigidbodySolverIterations : MonoBehaviour // TypeDefIndex: 15223"
"991672","class","SkeletonGraphicMirror","15224","public class SkeletonGraphicMirror : MonoBehaviour // TypeDefIndex: 15224"
"991712","struct","SkeletonGraphicRenderTexture.TextureMaterialPair","15225","public struct SkeletonGraphicRenderTexture.TextureMaterialPair // TypeDefIndex: 15225"
"991726","class","SkeletonGraphicRenderTexture.","15226","private sealed class SkeletonGraphicRenderTexture.<>c__DisplayClass17_0 // TypeDefIndex: 15226"
"991742","class","SkeletonGraphicRenderTexture","15227","public class SkeletonGraphicRenderTexture : SkeletonRenderTextureBase // TypeDefIndex: 15227"
"991808","class","SkeletonRenderTexture","15228","public class SkeletonRenderTexture : SkeletonRenderTextureBase // TypeDefIndex: 15228"
"991856","class","SkeletonRenderTextureBase","15229","public abstract class SkeletonRenderTextureBase : MonoBehaviour // TypeDefIndex: 15229"
"991916","class","SkeletonRenderTextureFadeout.FadeoutCallback","15230","public sealed class SkeletonRenderTextureFadeout.FadeoutCallback : MulticastDelegate // TypeDefIndex: 15230"
"991935","class","SkeletonRenderTextureFadeout","15231","public class SkeletonRenderTextureFadeout : MonoBehaviour // TypeDefIndex: 15231"
"991968","struct","SkeletonRagdoll.BoneFlipEntry","15232","private struct SkeletonRagdoll.BoneFlipEntry // TypeDefIndex: 15232"
"991981","class","SkeletonRagdoll.LayerFieldAttribute","15233","public class SkeletonRagdoll.LayerFieldAttribute : PropertyAttribute // TypeDefIndex: 15233"
"991991","class","SkeletonRagdoll.","15234","private sealed class SkeletonRagdoll.<SmoothMixCoroutine>d__43 : IEnumerator<object>, IEnumerator, IDisposable // TypeDefIndex: 15234"
"992034","class","SkeletonRagdoll.","15235","private sealed class SkeletonRagdoll.<Start>d__36 : IEnumerator<object>, IEnumerator, IDisposable // TypeDefIndex: 15235"
"992073","class","SkeletonRagdoll","15236","public class SkeletonRagdoll : MonoBehaviour // TypeDefIndex: 15236"
"992196","struct","SkeletonRagdoll2D.BoneFlipEntry","15237","private struct SkeletonRagdoll2D.BoneFlipEntry // TypeDefIndex: 15237"
"992210","class","SkeletonRagdoll2D.","15238","private sealed class SkeletonRagdoll2D.<SmoothMixCoroutine>d__42 : IEnumerator<object>, IEnumerator, IDisposable // TypeDefIndex: 15238"
"992253","class","SkeletonRagdoll2D.","15239","private sealed class SkeletonRagdoll2D.<Start>d__35 : IEnumerator<object>, IEnumerator, IDisposable // TypeDefIndex: 15239"
"992292","class","SkeletonRagdoll2D","15240","public class SkeletonRagdoll2D : MonoBehaviour // TypeDefIndex: 15240"
"992417","class","SkeletonUtilityEyeConstraint","15241","public class SkeletonUtilityEyeConstraint : SkeletonUtilityConstraint // TypeDefIndex: 15241"
"992446","class","SkeletonUtilityGroundConstraint","15242","public class SkeletonUtilityGroundConstraint : SkeletonUtilityConstraint // TypeDefIndex: 15242"
"992486","struct","SkeletonUtilityKinematicShadow.TransformPair","15243","private struct SkeletonUtilityKinematicShadow.TransformPair // TypeDefIndex: 15243"
"992494","enum","SkeletonUtilityKinematicShadow.PhysicsSystem","15244","public enum SkeletonUtilityKinematicShadow.PhysicsSystem // TypeDefIndex: 15244"
"992503","class","SkeletonUtilityKinematicShadow","15245","public class SkeletonUtilityKinematicShadow : MonoBehaviour // TypeDefIndex: 15245"
"992530","class","SlotTintBlackFollower","15246","public class SlotTintBlackFollower : MonoBehaviour // TypeDefIndex: 15246"
"992566","class","SpawnFromSkeletonDataExample.","15247","private sealed class SpawnFromSkeletonDataExample.<Start>d__3 : IEnumerator<object>, IEnumerator, IDisposable // TypeDefIndex: 15247"
"992606","class","SpawnFromSkeletonDataExample","15248","public class SpawnFromSkeletonDataExample : MonoBehaviour // TypeDefIndex: 15248"
"992630","class","SpawnSkeletonGraphicExample.","15249","private sealed class SpawnSkeletonGraphicExample.<Start>d__4 : IEnumerator<object>, IEnumerator, IDisposable // TypeDefIndex: 15249"
"992668","class","SpawnSkeletonGraphicExample","15250","public class SpawnSkeletonGraphicExample : MonoBehaviour // TypeDefIndex: 15250"
"992691","class","SpineGauge","15251","public class SpineGauge : MonoBehaviour // TypeDefIndex: 15251"
"992717","class","Spineboy.","15252","private sealed class Spineboy.<>c // TypeDefIndex: 15252"
"992736","class","Spineboy","15253","public class Spineboy : MonoBehaviour // TypeDefIndex: 15253"
"992757","class","SpineboyBodyTilt","15254","public class SpineboyBodyTilt : MonoBehaviour // TypeDefIndex: 15254"
"992789","class","SpineboyFacialExpression","15255","public class SpineboyFacialExpression : MonoBehaviour // TypeDefIndex: 15255"
"992830","class","SpineboyFootplanter.FootMovement","15256","public class SpineboyFootplanter.FootMovement // TypeDefIndex: 15256"
"992847","class","SpineboyFootplanter.Foot","15257","public class SpineboyFootplanter.Foot // TypeDefIndex: 15257"
"992887","class","SpineboyFootplanter","15258","public class SpineboyFootplanter : MonoBehaviour // TypeDefIndex: 15258"
"992945","class","SpineboyFreeze.","15259","private sealed class SpineboyFreeze.<Start>d__11 : IEnumerator<object>, IEnumerator, IDisposable // TypeDefIndex: 15259"
"992984","class","SpineboyFreeze","15260","public class SpineboyFreeze : MonoBehaviour // TypeDefIndex: 15260"
"993011","class","SpineboyPole.","15261","private sealed class SpineboyPole.<Start>d__8 : IEnumerator<object>, IEnumerator, IDisposable // TypeDefIndex: 15261"
"993050","class","SpineboyPole","15262","public class SpineboyPole : MonoBehaviour // TypeDefIndex: 15262"
"993078","class","SpineboyPoleGraphic.","15263","private sealed class SpineboyPoleGraphic.<Start>d__7 : IEnumerator<object>, IEnumerator, IDisposable // TypeDefIndex: 15263"
"993117","class","SpineboyPoleGraphic","15264","public class SpineboyPoleGraphic : MonoBehaviour // TypeDefIndex: 15264"
"993169","class","Locale","15270","internal sealed class Locale // TypeDefIndex: 15270"
"993182","class","ASN1","15271","public class ASN1 // TypeDefIndex: 15271"
"993251","class","ASN1Convert","15272","public static class ASN1Convert // TypeDefIndex: 15272"
"993275","class","BitConverterLE","15273","internal sealed class BitConverterLE // TypeDefIndex: 15273"
"993308","class","PKCS7.ContentInfo","15274","public class PKCS7.ContentInfo // TypeDefIndex: 15274"
"993353","class","PKCS7.EncryptedData","15275","public class PKCS7.EncryptedData // TypeDefIndex: 15275"
"993381","class","PKCS7.SignedData","15276","public class PKCS7.SignedData // TypeDefIndex: 15276"
"993420","class","PKCS7.SignerInfo","15277","public class PKCS7.SignerInfo // TypeDefIndex: 15277"
"993475","class","PKCS7","15278","public sealed class PKCS7 // TypeDefIndex: 15278"
"993479","class","SafeBag","15279","internal class SafeBag // TypeDefIndex: 15279"
"993502","class","PKCS12.DeriveBytes","15280","public class PKCS12.DeriveBytes // TypeDefIndex: 15280"
"993556","class","PKCS12","15281","public class PKCS12 : ICloneable // TypeDefIndex: 15281"
"993673","class","X501","15282","public sealed class X501 // TypeDefIndex: 15282"
"993709","class","X509Crl.X509CrlEntry","15283","public class X509Crl.X509CrlEntry // TypeDefIndex: 15283"
"993738","class","X509Crl","15284","public class X509Crl // TypeDefIndex: 15284"
"993798","class","X509Certificate","15285","public class X509Certificate : ISerializable // TypeDefIndex: 15285"
"993938","class","X509CertificateCollection.X509CertificateEnumerator","15286","public class X509CertificateCollection.X509CertificateEnumerator : IEnumerator // TypeDefIndex: 15286"
"993971","class","X509CertificateCollection","15287","public class X509CertificateCollection : CollectionBase, IEnumerable // TypeDefIndex: 15287"
"994010","class","X509Chain","15288","public class X509Chain // TypeDefIndex: 15288"
"994058","enum","X509ChainStatusFlags","15289","public enum X509ChainStatusFlags // TypeDefIndex: 15289"
"994072","class","X509Extension","15290","public class X509Extension // TypeDefIndex: 15290"
"994122","class","X509ExtensionCollection","15291","public sealed class X509ExtensionCollection : CollectionBase, IEnumerable // TypeDefIndex: 15291"
"994149","class","X509Store","15292","public class X509Store // TypeDefIndex: 15292"
"994193","class","X509StoreManager","15293","public sealed class X509StoreManager // TypeDefIndex: 15293"
"994227","class","X509Stores","15294","public class X509Stores // TypeDefIndex: 15294"
"994250","class","AuthorityKeyIdentifierExtension","15295","public class AuthorityKeyIdentifierExtension : X509Extension // TypeDefIndex: 15295"
"994277","class","BasicConstraintsExtension","15296","public class BasicConstraintsExtension : X509Extension // TypeDefIndex: 15296"
"994306","class","ChallengeResponse","15297","public class ChallengeResponse : IDisposable // TypeDefIndex: 15297"
"994365","class","ChallengeResponse2","15298","public static class ChallengeResponse2 // TypeDefIndex: 15298"
"994405","class","MessageBase","15299","public abstract class MessageBase // TypeDefIndex: 15299"
"994447","enum","NtlmAuthLevel","15300","public enum NtlmAuthLevel // TypeDefIndex: 15300"
"994459","enum","NtlmFlags","15301","public enum NtlmFlags // TypeDefIndex: 15301"
"994476","class","NtlmSettings","15302","public static class NtlmSettings // TypeDefIndex: 15302"
"994494","class","Type1Message","15303","public class Type1Message : MessageBase // TypeDefIndex: 15303"
"994523","class","Type2Message","15304","public class Type2Message : MessageBase // TypeDefIndex: 15304"
"994560","class","Type3Message","15305","public class Type3Message : MessageBase // TypeDefIndex: 15305"
"994609","enum","AlertLevel","15306","public enum AlertLevel // TypeDefIndex: 15306"
"994618","enum","AlertDescription","15307","public enum AlertDescription // TypeDefIndex: 15307"
"994650","class","Alert","15308","public class Alert // TypeDefIndex: 15308"
"994679","class","ValidationResult","15309","public class ValidationResult // TypeDefIndex: 15309"
"994704","interface","ICertificateValidator","15310","public interface ICertificateValidator // TypeDefIndex: 15310"
"994709","enum","CipherSuiteCode","15311","public enum CipherSuiteCode // TypeDefIndex: 15311"
"994982","class","MonoTlsConnectionInfo","15312","public class MonoTlsConnectionInfo // TypeDefIndex: 15312"
"995029","enum","MonoSslPolicyErrors","15313","public enum MonoSslPolicyErrors // TypeDefIndex: 15313"
"995040","class","MonoRemoteCertificateValidationCallback","15314","public sealed class MonoRemoteCertificateValidationCallback : MulticastDelegate // TypeDefIndex: 15314"
"995052","class","MonoLocalCertificateSelectionCallback","15315","public sealed class MonoLocalCertificateSelectionCallback : MulticastDelegate // TypeDefIndex: 15315"
"995064","class","MonoTlsProvider","15316","public abstract class MonoTlsProvider // TypeDefIndex: 15316"
"995103","class","MonoTlsProviderFactory","15317","public static class MonoTlsProviderFactory // TypeDefIndex: 15317"
"995112","class","MonoTlsSettings","15318","public sealed class MonoTlsSettings // TypeDefIndex: 15318"
"995288","class","TlsException","15319","public sealed class TlsException : Exception // TypeDefIndex: 15319"
"995304","enum","TlsProtocols","15320","public enum TlsProtocols // TypeDefIndex: 15320"
"995323","class","ARC4Managed","15321","public class ARC4Managed : RC4, ICryptoTransform, IDisposable // TypeDefIndex: 15321"
"995393","class","CryptoConvert","15322","public sealed class CryptoConvert // TypeDefIndex: 15322"
"995420","class","KeyBuilder","15323","public sealed class KeyBuilder // TypeDefIndex: 15323"
"995438","class","MD2","15324","public abstract class MD2 : HashAlgorithm // TypeDefIndex: 15324"
"995450","class","MD2Managed","15325","public class MD2Managed : MD2 // TypeDefIndex: 15325"
"995485","class","MD4","15326","public abstract class MD4 : HashAlgorithm // TypeDefIndex: 15326"
"995497","class","MD4Managed","15327","public class MD4Managed : MD4 // TypeDefIndex: 15327"
"995555","class","PKCS1","15328","public sealed class PKCS1 // TypeDefIndex: 15328"
"995597","class","PKCS8.PrivateKeyInfo","15329","public class PKCS8.PrivateKeyInfo // TypeDefIndex: 15329"
"995649","class","PKCS8.EncryptedPrivateKeyInfo","15330","public class PKCS8.EncryptedPrivateKeyInfo // TypeDefIndex: 15330"
"995688","class","PKCS8","15331","public sealed class PKCS8 // TypeDefIndex: 15331"
"995692","class","RC4","15332","public abstract class RC4 : SymmetricAlgorithm // TypeDefIndex: 15332"
"995720","class","RSAManaged.KeyGeneratedEventHandler","15333","public sealed class RSAManaged.KeyGeneratedEventHandler : MulticastDelegate // TypeDefIndex: 15333"
"995732","class","RSAManaged","15334","public class RSAManaged : RSA // TypeDefIndex: 15334"
"995797","class","AuthenticodeBase","15335","public class AuthenticodeBase // TypeDefIndex: 15335"
"995844","class","AuthenticodeDeformatter","15336","public class AuthenticodeDeformatter : AuthenticodeBase // TypeDefIndex: 15336"
"995896","class","PrivateKey","15337","public class PrivateKey // TypeDefIndex: 15337"
"995929","enum","BigInteger.Sign","15338","public enum BigInteger.Sign // TypeDefIndex: 15338"
"995939","class","BigInteger.ModulusRing","15339","public sealed class BigInteger.ModulusRing // TypeDefIndex: 15339"
"995968","class","BigInteger.Kernel","15340","private sealed class BigInteger.Kernel // TypeDefIndex: 15340"
"996019","class","BigInteger","15341","public class BigInteger // TypeDefIndex: 15341"
"996177","enum","ConfidenceFactor","15342","public enum ConfidenceFactor // TypeDefIndex: 15342"
"996190","class","PrimalityTest","15343","public sealed class PrimalityTest : MulticastDelegate // TypeDefIndex: 15343"
"996202","class","PrimalityTests","15344","public sealed class PrimalityTests // TypeDefIndex: 15344"
"996214","class","PrimeGeneratorBase","15345","public abstract class PrimeGeneratorBase // TypeDefIndex: 15345"
"996240","class","SequentialSearchPrimeGeneratorBase","15346","public class SequentialSearchPrimeGeneratorBase : PrimeGeneratorBase // TypeDefIndex: 15346"
"996346","struct","UnitySourceGeneratedAssemblyMonoScriptTypes_v1.MonoScriptData","15359","private struct UnitySourceGeneratedAssemblyMonoScriptTypes_v1.MonoScriptData // TypeDefIndex: 15359"
"996360","class","UnitySourceGeneratedAssemblyMonoScriptTypes_v1","15360","internal class UnitySourceGeneratedAssemblyMonoScriptTypes_v1 // TypeDefIndex: 15360"
"996372","class","GameInfo","15361","public static class GameInfo // TypeDefIndex: 15361"
"996403","class","ReportProgress","15362","internal sealed class ReportProgress : MulticastDelegate // TypeDefIndex: 15362"
"996421","class","PlayGamesAchievement","15363","internal class PlayGamesAchievement : IAchievement, IAchievementDescription // TypeDefIndex: 15363"
"996520","class","PlayGamesLeaderboard","15364","public class PlayGamesLeaderboard : ILeaderboard // TypeDefIndex: 15364"
"996623","class","PlayGamesLocalUser.","15365","private sealed class PlayGamesLocalUser.<>c__DisplayClass22_0 // TypeDefIndex: 15365"
"996640","class","PlayGamesLocalUser.","15366","private sealed class PlayGamesLocalUser.<>c__DisplayClass3_0 // TypeDefIndex: 15366"
"996656","class","PlayGamesLocalUser.","15367","private sealed class PlayGamesLocalUser.<>c__DisplayClass4_0 // TypeDefIndex: 15367"
"996671","class","PlayGamesLocalUser","15368","public class PlayGamesLocalUser : PlayGamesUserProfile, ILocalUser, IUserProfile // TypeDefIndex: 15368"
"996732","class","PlayGamesPlatform.","15369","private sealed class PlayGamesPlatform.<>c__73<T> // TypeDefIndex: 15369"
"996776","class","PlayGamesPlatform.","15370","private sealed class PlayGamesPlatform.<>c__DisplayClass22_0 // TypeDefIndex: 15370"
"996792","class","PlayGamesPlatform.","15371","private sealed class PlayGamesPlatform.<>c__DisplayClass26_0 // TypeDefIndex: 15371"
"996808","class","PlayGamesPlatform.","15372","private sealed class PlayGamesPlatform.<>c__DisplayClass27_0 // TypeDefIndex: 15372"
"996824","class","PlayGamesPlatform.","15373","private sealed class PlayGamesPlatform.<>c__DisplayClass38_0 // TypeDefIndex: 15373"
"996843","class","PlayGamesPlatform.","15374","private sealed class PlayGamesPlatform.<>c__DisplayClass44_0 // TypeDefIndex: 15374"
"996859","class","PlayGamesPlatform.","15375","private sealed class PlayGamesPlatform.<>c__DisplayClass45_0 // TypeDefIndex: 15375"
"996875","class","PlayGamesPlatform.","15376","private sealed class PlayGamesPlatform.<>c__DisplayClass49_0 // TypeDefIndex: 15376"
"996891","class","PlayGamesPlatform.","15377","private sealed class PlayGamesPlatform.<>c__DisplayClass61_0 // TypeDefIndex: 15377"
"996909","class","PlayGamesPlatform.","15378","private sealed class PlayGamesPlatform.<>c__DisplayClass69_0 // TypeDefIndex: 15378"
"996927","class","PlayGamesPlatform.","15379","private sealed class PlayGamesPlatform.<>c__DisplayClass72_0<T> // TypeDefIndex: 15379"
"996966","class","PlayGamesPlatform.","15380","private sealed class PlayGamesPlatform.<>c__DisplayClass73_0<T> // TypeDefIndex: 15380"
"996998","class","PlayGamesPlatform.","15381","private sealed class PlayGamesPlatform.<>c__DisplayClass73_1<T> // TypeDefIndex: 15381"
"997030","class","PlayGamesPlatform","15382","public class PlayGamesPlatform : ISocialPlatform // TypeDefIndex: 15382"
"997255","class","PlayGamesScore","15383","public class PlayGamesScore : IScore // TypeDefIndex: 15383"
"997312","class","PlayGamesUserProfile.","15384","private sealed class PlayGamesUserProfile.<LoadImage>d__23 : IEnumerator<object>, IEnumerator, IDisposable // TypeDefIndex: 15384"
"997351","class","PlayGamesUserProfile","15385","public class PlayGamesUserProfile : IUserProfile // TypeDefIndex: 15385"
"997420","class","NearbyConnectionClientFactory","15386","public static class NearbyConnectionClientFactory // TypeDefIndex: 15386"
"997429","class","PlayGamesClientFactory","15387","internal class PlayGamesClientFactory // TypeDefIndex: 15387"
"997441","class","PluginVersion","15388","public class PluginVersion // TypeDefIndex: 15388"
"997455","enum","AndroidClient.AuthState","15389","private enum AndroidClient.AuthState // TypeDefIndex: 15389"
"997466","class","AndroidClient.","15390","private sealed class AndroidClient.<>c // TypeDefIndex: 15390"
"997487","class","AndroidClient.","15391","private sealed class AndroidClient.<>c__26<T> // TypeDefIndex: 15391"
"997540","class","AndroidClient.","15392","private sealed class AndroidClient.<>c__DisplayClass19_0 // TypeDefIndex: 15392"
"997560","class","AndroidClient.","15393","private sealed class AndroidClient.<>c__DisplayClass20_0 // TypeDefIndex: 15393"
"997578","class","AndroidClient.","15394","private sealed class AndroidClient.<>c__DisplayClass21_0 // TypeDefIndex: 15394"
"997597","class","AndroidClient.","15395","private sealed class AndroidClient.<>c__DisplayClass22_0 // TypeDefIndex: 15395"
"997617","class","AndroidClient.","15396","private sealed class AndroidClient.<>c__DisplayClass25_0 // TypeDefIndex: 15396"
"997636","class","AndroidClient.","15397","private sealed class AndroidClient.<>c__DisplayClass26_0<T> // TypeDefIndex: 15397"
"997674","class","AndroidClient.","15398","private sealed class AndroidClient.<>c__DisplayClass27_0 // TypeDefIndex: 15398"
"997690","class","AndroidClient.","15399","private sealed class AndroidClient.<>c__DisplayClass28_0<T> // TypeDefIndex: 15399"
"997735","class","AndroidClient.","15400","private sealed class AndroidClient.<>c__DisplayClass29_0<T1, T2> // TypeDefIndex: 15400"
"997761","class","AndroidClient.","15401","private sealed class AndroidClient.<>c__DisplayClass29_1<T1, T2> // TypeDefIndex: 15401"
"997789","class","AndroidClient.","15402","private sealed class AndroidClient.<>c__DisplayClass30_0<T1, T2> // TypeDefIndex: 15402"
"997823","class","AndroidClient.","15403","private sealed class AndroidClient.<>c__DisplayClass33_0 // TypeDefIndex: 15403"
"997841","class","AndroidClient.","15404","private sealed class AndroidClient.<>c__DisplayClass36_0 // TypeDefIndex: 15404"
"997861","class","AndroidClient.","15405","private sealed class AndroidClient.<>c__DisplayClass36_1 // TypeDefIndex: 15405"
"997878","class","AndroidClient.","15406","private sealed class AndroidClient.<>c__DisplayClass39_0 // TypeDefIndex: 15406"
"997898","class","AndroidClient.","15407","private sealed class AndroidClient.<>c__DisplayClass39_1 // TypeDefIndex: 15407"
"997915","class","AndroidClient.","15408","private sealed class AndroidClient.<>c__DisplayClass41_0 // TypeDefIndex: 15408"
"997934","class","AndroidClient.","15409","private sealed class AndroidClient.<>c__DisplayClass46_0 // TypeDefIndex: 15409"
"997954","class","AndroidClient.","15410","private sealed class AndroidClient.<>c__DisplayClass47_0 // TypeDefIndex: 15410"
"997976","class","AndroidClient.","15411","private sealed class AndroidClient.<>c__DisplayClass47_1 // TypeDefIndex: 15411"
"997993","class","AndroidClient.","15412","private sealed class AndroidClient.<>c__DisplayClass48_0 // TypeDefIndex: 15412"
"998012","class","AndroidClient.","15413","private sealed class AndroidClient.<>c__DisplayClass56_0 // TypeDefIndex: 15413"
"998035","class","AndroidClient.","15414","private sealed class AndroidClient.<>c__DisplayClass56_1 // TypeDefIndex: 15414"
"998052","class","AndroidClient.","15415","private sealed class AndroidClient.<>c__DisplayClass57_0 // TypeDefIndex: 15415"
"998073","class","AndroidClient.","15416","private sealed class AndroidClient.<>c__DisplayClass57_1 // TypeDefIndex: 15416"
"998089","class","AndroidClient","15417","public class AndroidClient : IPlayGamesClient // TypeDefIndex: 15417"
"998315","class","AndroidEventsClient.","15418","private sealed class AndroidEventsClient.<>c__DisplayClass2_0 // TypeDefIndex: 15418"
"998334","class","AndroidEventsClient.","15419","private sealed class AndroidEventsClient.<>c__DisplayClass3_0 // TypeDefIndex: 15419"
"998353","class","AndroidEventsClient.","15420","private sealed class AndroidEventsClient.<>c__DisplayClass5_0<T1, T2> // TypeDefIndex: 15420"
"998385","class","AndroidEventsClient.","15421","private sealed class AndroidEventsClient.<>c__DisplayClass5_1<T1, T2> // TypeDefIndex: 15421"
"998418","class","AndroidEventsClient","15422","internal class AndroidEventsClient : IEventsClient // TypeDefIndex: 15422"
"998454","class","AndroidHelperFragment.","15423","private sealed class AndroidHelperFragment.<>c__DisplayClass10_0 // TypeDefIndex: 15423"
"998473","class","AndroidHelperFragment.","15424","private sealed class AndroidHelperFragment.<>c__DisplayClass3_0 // TypeDefIndex: 15424"
"998492","class","AndroidHelperFragment.","15425","private sealed class AndroidHelperFragment.<>c__DisplayClass5_0 // TypeDefIndex: 15425"
"998511","class","AndroidHelperFragment.","15426","private sealed class AndroidHelperFragment.<>c__DisplayClass6_0 // TypeDefIndex: 15426"
"998530","class","AndroidHelperFragment.","15427","private sealed class AndroidHelperFragment.<>c__DisplayClass7_0 // TypeDefIndex: 15427"
"998549","class","AndroidHelperFragment.","15428","private sealed class AndroidHelperFragment.<>c__DisplayClass9_0 // TypeDefIndex: 15428"
"998567","class","AndroidHelperFragment","15429","internal class AndroidHelperFragment // TypeDefIndex: 15429"
"998609","class","AndroidJavaConverter","15430","internal class AndroidJavaConverter // TypeDefIndex: 15430"
"998648","class","AndroidNearbyConnectionClient.AdvertisingConnectionLifecycleCallbackProxy","15431","private class AndroidNearbyConnectionClient.AdvertisingConnectionLifecycleCallbackProxy : AndroidJavaProxy // TypeDefIndex: 15431"
"998672","class","AndroidNearbyConnectionClient.PayloadCallback","15432","private class AndroidNearbyConnectionClient.PayloadCallback : AndroidJavaProxy // TypeDefIndex: 15432"
"998687","class","AndroidNearbyConnectionClient.DiscoveringConnectionLifecycleCallback","15433","private class AndroidNearbyConnectionClient.DiscoveringConnectionLifecycleCallback : AndroidJavaProxy // TypeDefIndex: 15433"
"998710","class","AndroidNearbyConnectionClient.EndpointDiscoveryCallback","15434","private class AndroidNearbyConnectionClient.EndpointDiscoveryCallback : AndroidJavaProxy // TypeDefIndex: 15434"
"998732","class","AndroidNearbyConnectionClient.OnGameThreadMessageListener.","15435","private sealed class AndroidNearbyConnectionClient.OnGameThreadMessageListener.<>c__DisplayClass2_0 // TypeDefIndex: 15435"
"998751","class","AndroidNearbyConnectionClient.OnGameThreadMessageListener.","15436","private sealed class AndroidNearbyConnectionClient.OnGameThreadMessageListener.<>c__DisplayClass3_0 // TypeDefIndex: 15436"
"998767","class","AndroidNearbyConnectionClient.OnGameThreadMessageListener","15437","private class AndroidNearbyConnectionClient.OnGameThreadMessageListener : IMessageListener // TypeDefIndex: 15437"
"998786","class","AndroidNearbyConnectionClient.OnGameThreadDiscoveryListener.","15438","private sealed class AndroidNearbyConnectionClient.OnGameThreadDiscoveryListener.<>c__DisplayClass2_0 // TypeDefIndex: 15438"
"998803","class","AndroidNearbyConnectionClient.OnGameThreadDiscoveryListener.","15439","private sealed class AndroidNearbyConnectionClient.OnGameThreadDiscoveryListener.<>c__DisplayClass3_0 // TypeDefIndex: 15439"
"998819","class","AndroidNearbyConnectionClient.OnGameThreadDiscoveryListener","15440","private class AndroidNearbyConnectionClient.OnGameThreadDiscoveryListener : IDiscoveryListener // TypeDefIndex: 15440"
"998838","class","AndroidNearbyConnectionClient.","15441","private sealed class AndroidNearbyConnectionClient.<>c__DisplayClass11_0 // TypeDefIndex: 15441"
"998854","class","AndroidNearbyConnectionClient.","15442","private sealed class AndroidNearbyConnectionClient.<>c__DisplayClass18_0 // TypeDefIndex: 15442"
"998870","class","AndroidNearbyConnectionClient.","15443","private sealed class AndroidNearbyConnectionClient.<>c__DisplayClass31_0<T> // TypeDefIndex: 15443"
"998908","class","AndroidNearbyConnectionClient.","15444","private sealed class AndroidNearbyConnectionClient.<>c__DisplayClass31_1<T> // TypeDefIndex: 15444"
"998947","class","AndroidNearbyConnectionClient.","15445","private sealed class AndroidNearbyConnectionClient.<>c__DisplayClass32_0<T1, T2> // TypeDefIndex: 15445"
"998973","class","AndroidNearbyConnectionClient.","15446","private sealed class AndroidNearbyConnectionClient.<>c__DisplayClass32_1<T1, T2> // TypeDefIndex: 15446"
"999000","class","AndroidNearbyConnectionClient","15447","public class AndroidNearbyConnectionClient : INearbyConnectionClient // TypeDefIndex: 15447"
"999098","class","AndroidSavedGameClient.AndroidConflictResolver","15448","private class AndroidSavedGameClient.AndroidConflictResolver : IConflictResolver // TypeDefIndex: 15448"
"999139","class","AndroidSavedGameClient.","15449","private sealed class AndroidSavedGameClient.<>c__DisplayClass10_0 // TypeDefIndex: 15449"
"999159","class","AndroidSavedGameClient.","15450","private sealed class AndroidSavedGameClient.<>c__DisplayClass12_0 // TypeDefIndex: 15450"
"999175","class","AndroidSavedGameClient.","15451","private sealed class AndroidSavedGameClient.<>c__DisplayClass12_1 // TypeDefIndex: 15451"
"999196","class","AndroidSavedGameClient.","15452","private sealed class AndroidSavedGameClient.<>c__DisplayClass16_0<T1, T2> // TypeDefIndex: 15452"
"999228","class","AndroidSavedGameClient.","15453","private sealed class AndroidSavedGameClient.<>c__DisplayClass16_1<T1, T2> // TypeDefIndex: 15453"
"999262","class","AndroidSavedGameClient.","15454","private sealed class AndroidSavedGameClient.<>c__DisplayClass4_0 // TypeDefIndex: 15454"
"999279","class","AndroidSavedGameClient.","15455","private sealed class AndroidSavedGameClient.<>c__DisplayClass6_0 // TypeDefIndex: 15455"
"999308","class","AndroidSavedGameClient.","15456","private sealed class AndroidSavedGameClient.<>c__DisplayClass9_0 // TypeDefIndex: 15456"
"999327","class","AndroidSavedGameClient","15457","internal class AndroidSavedGameClient : ISavedGameClient // TypeDefIndex: 15457"
"999388","class","AndroidSnapshotMetadata","15458","internal class AndroidSnapshotMetadata : ISavedGameMetadata // TypeDefIndex: 15458"
"999443","class","AndroidTaskUtils.TaskOnCompleteProxy","15459","private class AndroidTaskUtils.TaskOnCompleteProxy<T> : AndroidJavaProxy // TypeDefIndex: 15459"
"999474","class","AndroidTaskUtils.TaskOnSuccessProxy","15460","private class AndroidTaskUtils.TaskOnSuccessProxy<T> : AndroidJavaProxy // TypeDefIndex: 15460"
"999512","class","AndroidTaskUtils.TaskOnFailedProxy","15461","private class AndroidTaskUtils.TaskOnFailedProxy : AndroidJavaProxy // TypeDefIndex: 15461"
"999527","class","AndroidTaskUtils","15462","internal class AndroidTaskUtils // TypeDefIndex: 15462"
"999577","class","Logger.","15463","private sealed class Logger.<>c // TypeDefIndex: 15463"
"999597","class","Logger.","15464","private sealed class Logger.<>c__DisplayClass10_0 // TypeDefIndex: 15464"
"999613","class","Logger.","15465","private sealed class Logger.<>c__DisplayClass8_0 // TypeDefIndex: 15465"
"999629","class","Logger.","15466","private sealed class Logger.<>c__DisplayClass9_0 // TypeDefIndex: 15466"
"999644","class","Logger","15467","public class Logger // TypeDefIndex: 15467"
"999691","class","Misc","15468","public static class Misc // TypeDefIndex: 15468"
"999725","class","NearbyHelperObject","15469","public class NearbyHelperObject : MonoBehaviour // TypeDefIndex: 15469"
"999761","class","PlatformUtils","15470","public static class PlatformUtils // TypeDefIndex: 15470"
"999774","class","PlayGamesHelperObject.","15471","private sealed class PlayGamesHelperObject.<>c__DisplayClass10_0 // TypeDefIndex: 15471"
"999789","class","PlayGamesHelperObject","15472","public class PlayGamesHelperObject : MonoBehaviour // TypeDefIndex: 15472"
"999846","class","Achievement","15473","public class Achievement // TypeDefIndex: 15473"
"999962","class","AuthResponse","15474","public class AuthResponse // TypeDefIndex: 15474"
"999990","enum","AuthScope","15475","public enum AuthScope // TypeDefIndex: 15475"
"1000002","class","AuthScopeExtensions.","15476","private sealed class AuthScopeExtensions.<>c // TypeDefIndex: 15476"
"1000024","class","AuthScopeExtensions","15477","public static class AuthScopeExtensions // TypeDefIndex: 15477"
"1000044","enum","CommonStatusCodes","15478","public enum CommonStatusCodes // TypeDefIndex: 15478"
"1000075","enum","DataSource","15479","public enum DataSource // TypeDefIndex: 15479"
"1000084","enum","ResponseStatus","15480","public enum ResponseStatus // TypeDefIndex: 15480"
"1000099","enum","UIStatus","15481","public enum UIStatus // TypeDefIndex: 15481"
"1000114","enum","LeaderboardStart","15482","public enum LeaderboardStart // TypeDefIndex: 15482"
"1000123","enum","LeaderboardTimeSpan","15483","public enum LeaderboardTimeSpan // TypeDefIndex: 15483"
"1000133","enum","LeaderboardCollection","15484","public enum LeaderboardCollection // TypeDefIndex: 15484"
"1000142","enum","FriendsListVisibilityStatus","15485","public enum FriendsListVisibilityStatus // TypeDefIndex: 15485"
"1000155","enum","LoadFriendsStatus","15486","public enum LoadFriendsStatus // TypeDefIndex: 15486"
"1000169","class","CommonTypesUtil","15487","public class CommonTypesUtil // TypeDefIndex: 15487"
"1000181","class","DummyClient","15488","public class DummyClient : IPlayGamesClient // TypeDefIndex: 15488"
"1000292","interface","IPlayGamesClient","15489","public interface IPlayGamesClient // TypeDefIndex: 15489"
"1000397","class","LeaderboardScoreData","15490","public class LeaderboardScoreData // TypeDefIndex: 15490"
"1000484","class","Player","15491","public class Player : PlayGamesUserProfile // TypeDefIndex: 15491"
"1000493","class","PlayerProfile","15492","public class PlayerProfile : PlayGamesUserProfile // TypeDefIndex: 15492"
"1000502","class","PlayerStats","15493","public class PlayerStats // TypeDefIndex: 15493"
"1000604","class","RecallAccess","15494","public class RecallAccess // TypeDefIndex: 15494"
"1000625","enum","ScorePageDirection","15495","public enum ScorePageDirection // TypeDefIndex: 15495"
"1000634","class","ScorePageToken","15496","public class ScorePageToken // TypeDefIndex: 15496"
"1000672","enum","SignInInteractivity","15497","public enum SignInInteractivity // TypeDefIndex: 15497"
"1000682","enum","SignInStatus","15498","public enum SignInStatus // TypeDefIndex: 15498"
"1000692","enum","ConflictResolutionStrategy","15499","public enum ConflictResolutionStrategy // TypeDefIndex: 15499"
"1000705","enum","SavedGameRequestStatus","15500","public enum SavedGameRequestStatus // TypeDefIndex: 15500"
"1000717","enum","SelectUIStatus","15501","public enum SelectUIStatus // TypeDefIndex: 15501"
"1000731","class","ConflictCallback","15502","public sealed class ConflictCallback : MulticastDelegate // TypeDefIndex: 15502"
"1000749","interface","ISavedGameClient","15503","public interface ISavedGameClient // TypeDefIndex: 15503"
"1000776","interface","IConflictResolver","15504","public interface IConflictResolver // TypeDefIndex: 15504"
"1000788","interface","ISavedGameMetadata","15505","public interface ISavedGameMetadata // TypeDefIndex: 15505"
"1000820","struct","SavedGameMetadataUpdate.Builder","15506","public struct SavedGameMetadataUpdate.Builder // TypeDefIndex: 15506"
"1000845","struct","SavedGameMetadataUpdate","15507","public struct SavedGameMetadataUpdate // TypeDefIndex: 15507"
"1000887","struct","AdvertisingResult","15508","public struct AdvertisingResult // TypeDefIndex: 15508"
"1000914","struct","ConnectionRequest","15509","public struct ConnectionRequest // TypeDefIndex: 15509"
"1000937","enum","ConnectionResponse.Status","15510","public enum ConnectionResponse.Status // TypeDefIndex: 15510"
"1000950","struct","ConnectionResponse","15511","public struct ConnectionResponse // TypeDefIndex: 15511"
"1001005","class","DummyNearbyConnectionClient","15512","public class DummyNearbyConnectionClient : INearbyConnectionClient // TypeDefIndex: 15512"
"1001065","struct","EndpointDetails","15513","public struct EndpointDetails // TypeDefIndex: 15513"
"1001093","interface","INearbyConnectionClient","15514","public interface INearbyConnectionClient // TypeDefIndex: 15514"
"1001144","interface","IMessageListener","15515","public interface IMessageListener // TypeDefIndex: 15515"
"1001156","interface","IDiscoveryListener","15516","public interface IDiscoveryListener // TypeDefIndex: 15516"
"1001168","enum","InitializationStatus","15517","public enum InitializationStatus // TypeDefIndex: 15517"
"1001178","struct","NearbyConnectionConfiguration","15518","public struct NearbyConnectionConfiguration // TypeDefIndex: 15518"
"1001203","class","Event","15519","internal class Event : IEvent // TypeDefIndex: 15519"
"1001246","enum","EventVisibility","15520","public enum EventVisibility // TypeDefIndex: 15520"
"1001255","interface","IEvent","15521","public interface IEvent // TypeDefIndex: 15521"
"1001287","interface","IEventsClient","15522","public interface IEventsClient // TypeDefIndex: 15522"
"1001324","struct","PackedPlayModeBuildLogs.RuntimeBuildLog","15527","public struct PackedPlayModeBuildLogs.RuntimeBuildLog // TypeDefIndex: 15527"
"1001338","class","PackedPlayModeBuildLogs","15528","public class PackedPlayModeBuildLogs // TypeDefIndex: 15528"
"1001360","struct","UnitySourceGeneratedAssemblyMonoScriptTypes_v1.MonoScriptData","15529","private struct UnitySourceGeneratedAssemblyMonoScriptTypes_v1.MonoScriptData // TypeDefIndex: 15529"
"1001374","class","UnitySourceGeneratedAssemblyMonoScriptTypes_v1","15530","internal class UnitySourceGeneratedAssemblyMonoScriptTypes_v1 // TypeDefIndex: 15530"
"1001387","class","AssetReferenceUIRestriction","15531","public class AssetReferenceUIRestriction : Attribute // TypeDefIndex: 15531"
"1001403","class","AssetReferenceUILabelRestriction","15532","public sealed class AssetReferenceUILabelRestriction : AssetReferenceUIRestriction // TypeDefIndex: 15532"
"1001425","class","InitalizationObjectsOperation","15533","internal class InitalizationObjectsOperation : AsyncOperationBase<bool> // TypeDefIndex: 15533"
"1001461","class","ResourceLocatorInfo","15534","public class ResourceLocatorInfo // TypeDefIndex: 15534"
"1001529","enum","InvalidKeyException.Format","15535","internal enum InvalidKeyException.Format // TypeDefIndex: 15535"
"1001547","class","InvalidKeyException","15536","public class InvalidKeyException : Exception // TypeDefIndex: 15536"
"1001663","enum","Addressables.MergeMode","15537","public enum Addressables.MergeMode // TypeDefIndex: 15537"
"1001674","class","Addressables","15538","public static class Addressables // TypeDefIndex: 15538"
"1002071","class","AddressablesImpl.LoadResourceLocationKeyOp","15539","private class AddressablesImpl.LoadResourceLocationKeyOp : AsyncOperationBase<IList<IResourceLocation>> // TypeDefIndex: 15539"
"1002101","class","AddressablesImpl.LoadResourceLocationKeysOp","15540","private class AddressablesImpl.LoadResourceLocationKeysOp : AsyncOperationBase<IList<IResourceLocation>> // TypeDefIndex: 15540"
"1002134","class","AddressablesImpl.","15541","private sealed class AddressablesImpl.<>c // TypeDefIndex: 15541"
"1002167","class","AddressablesImpl.","15542","private sealed class AddressablesImpl.<>c__114<TObject> // TypeDefIndex: 15542"
"1002211","class","AddressablesImpl.","15543","private sealed class AddressablesImpl.<>c__DisplayClass102_0 // TypeDefIndex: 15543"
"1002228","class","AddressablesImpl.","15544","private sealed class AddressablesImpl.<>c__DisplayClass105_0 // TypeDefIndex: 15544"
"1002245","class","AddressablesImpl.","15545","private sealed class AddressablesImpl.<>c__DisplayClass109_0 // TypeDefIndex: 15545"
"1002262","class","AddressablesImpl.","15546","private sealed class AddressablesImpl.<>c__DisplayClass111_0 // TypeDefIndex: 15546"
"1002280","class","AddressablesImpl.","15547","private sealed class AddressablesImpl.<>c__DisplayClass115_0 // TypeDefIndex: 15547"
"1002298","class","AddressablesImpl.","15548","private sealed class AddressablesImpl.<>c__DisplayClass116_0 // TypeDefIndex: 15548"
"1002316","class","AddressablesImpl.","15549","private sealed class AddressablesImpl.<>c__DisplayClass117_0 // TypeDefIndex: 15549"
"1002334","class","AddressablesImpl.","15550","private sealed class AddressablesImpl.<>c__DisplayClass122_0 // TypeDefIndex: 15550"
"1002352","class","AddressablesImpl.","15551","private sealed class AddressablesImpl.<>c__DisplayClass124_0 // TypeDefIndex: 15551"
"1002370","class","AddressablesImpl.","15552","private sealed class AddressablesImpl.<>c__DisplayClass127_0 // TypeDefIndex: 15552"
"1002391","class","AddressablesImpl.","15553","private sealed class AddressablesImpl.<>c__DisplayClass128_0 // TypeDefIndex: 15553"
"1002412","class","AddressablesImpl.","15554","private sealed class AddressablesImpl.<>c__DisplayClass134_0 // TypeDefIndex: 15554"
"1002430","class","AddressablesImpl.","15555","private sealed class AddressablesImpl.<>c__DisplayClass135_0 // TypeDefIndex: 15555"
"1002448","class","AddressablesImpl.","15556","private sealed class AddressablesImpl.<>c__DisplayClass139_0 // TypeDefIndex: 15556"
"1002465","class","AddressablesImpl.","15557","private sealed class AddressablesImpl.<>c__DisplayClass143_0 // TypeDefIndex: 15557"
"1002483","class","AddressablesImpl.","15558","private sealed class AddressablesImpl.<>c__DisplayClass148_0 // TypeDefIndex: 15558"
"1002501","class","AddressablesImpl.","15559","private sealed class AddressablesImpl.<>c__DisplayClass149_0 // TypeDefIndex: 15559"
"1002519","class","AddressablesImpl.","15560","private sealed class AddressablesImpl.<>c__DisplayClass61_0 // TypeDefIndex: 15560"
"1002535","class","AddressablesImpl.","15561","private sealed class AddressablesImpl.<>c__DisplayClass72_0 // TypeDefIndex: 15561"
"1002554","class","AddressablesImpl.","15562","private sealed class AddressablesImpl.<>c__DisplayClass78_0<TObject> // TypeDefIndex: 15562"
"1002587","class","AddressablesImpl.","15563","private sealed class AddressablesImpl.<>c__DisplayClass79_0<TObject> // TypeDefIndex: 15563"
"1002620","class","AddressablesImpl.","15564","private sealed class AddressablesImpl.<>c__DisplayClass83_0 // TypeDefIndex: 15564"
"1002639","class","AddressablesImpl.","15565","private sealed class AddressablesImpl.<>c__DisplayClass85_0 // TypeDefIndex: 15565"
"1002657","class","AddressablesImpl.","15566","private sealed class AddressablesImpl.<>c__DisplayClass88_0<TObject> // TypeDefIndex: 15566"
"1002692","class","AddressablesImpl.","15567","private sealed class AddressablesImpl.<>c__DisplayClass89_0<TObject> // TypeDefIndex: 15567"
"1002728","class","AddressablesImpl.","15568","private sealed class AddressablesImpl.<>c__DisplayClass91_0<TObject> // TypeDefIndex: 15568"
"1002757","class","AddressablesImpl.","15569","private sealed class AddressablesImpl.<>c__DisplayClass99_0 // TypeDefIndex: 15569"
"1002773","class","AddressablesImpl","15570","internal class AddressablesImpl : IEqualityComparer<IResourceLocation> // TypeDefIndex: 15570"
"1003299","class","AssetLabelReference","15571","public class AssetLabelReference : IKeyEvaluator // TypeDefIndex: 15571"
"1003333","class","AssetReferenceT","15572","public class AssetReferenceT<TObject> : AssetReference // TypeDefIndex: 15572"
"1003372","class","AssetReferenceGameObject","15573","public class AssetReferenceGameObject : AssetReferenceT<GameObject> // TypeDefIndex: 15573"
"1003382","class","AssetReferenceTexture","15574","public class AssetReferenceTexture : AssetReferenceT<Texture> // TypeDefIndex: 15574"
"1003392","class","AssetReferenceTexture2D","15575","public class AssetReferenceTexture2D : AssetReferenceT<Texture2D> // TypeDefIndex: 15575"
"1003402","class","AssetReferenceTexture3D","15576","public class AssetReferenceTexture3D : AssetReferenceT<Texture3D> // TypeDefIndex: 15576"
"1003412","class","AssetReferenceSprite","15577","public class AssetReferenceSprite : AssetReferenceT<Sprite> // TypeDefIndex: 15577"
"1003425","class","AssetReferenceAtlasedSprite","15578","public class AssetReferenceAtlasedSprite : AssetReferenceT<Sprite> // TypeDefIndex: 15578"
"1003441","class","AssetReference","15579","public class AssetReference : IKeyEvaluator // TypeDefIndex: 15579"
"1003551","interface","IKeyEvaluator","15580","public interface IKeyEvaluator // TypeDefIndex: 15580"
"1003568","class","CheckCatalogsOperation.","15581","private sealed class CheckCatalogsOperation.<>c // TypeDefIndex: 15581"
"1003587","class","CheckCatalogsOperation","15582","internal class CheckCatalogsOperation : AsyncOperationBase<List<string>> // TypeDefIndex: 15582"
"1003620","class","CleanBundleCacheOperation","15583","internal class CleanBundleCacheOperation : AsyncOperationBase<bool>, IUpdateReceiver // TypeDefIndex: 15583"
"1003672","class","UpdateCatalogsOperation.","15584","private sealed class UpdateCatalogsOperation.<>c // TypeDefIndex: 15584"
"1003692","class","UpdateCatalogsOperation.","15585","private sealed class UpdateCatalogsOperation.<>c__DisplayClass11_0 // TypeDefIndex: 15585"
"1003708","class","UpdateCatalogsOperation","15586","internal class UpdateCatalogsOperation : AsyncOperationBase<List<IResourceLocator>> // TypeDefIndex: 15586"
"1003742","class","DynamicResourceLocator","15587","internal class DynamicResourceLocator : IResourceLocator // TypeDefIndex: 15587"
"1003779","enum","AddressablesPlatform","15588","public enum AddressablesPlatform // TypeDefIndex: 15588"
"1003797","class","PlatformMappingService","15589","public class PlatformMappingService // TypeDefIndex: 15589"
"1003821","class","AssemblyUtility","15590","public static class AssemblyUtility // TypeDefIndex: 15590"
"1003830","class","AssetReferenceUtilities","15591","internal class AssetReferenceUtilities // TypeDefIndex: 15591"
"1003842","enum","SerializationUtilities.ObjectType","15592","internal enum SerializationUtilities.ObjectType // TypeDefIndex: 15592"
"1003857","class","SerializationUtilities","15593","internal static class SerializationUtilities // TypeDefIndex: 15593"
"1003875","enum","ContentCatalogProvider.DependencyHashIndex","15594","public enum ContentCatalogProvider.DependencyHashIndex // TypeDefIndex: 15594"
"1003886","class","ContentCatalogProvider.InternalOp.BundledCatalog","15595","internal class ContentCatalogProvider.InternalOp.BundledCatalog // TypeDefIndex: 15595"
"1003952","class","ContentCatalogProvider.InternalOp","15596","internal class ContentCatalogProvider.InternalOp // TypeDefIndex: 15596"
"1004006","class","ContentCatalogProvider","15597","public class ContentCatalogProvider : ResourceProviderBase // TypeDefIndex: 15597"
"1004026","class","ContentCatalogDataEntry","15598","public class ContentCatalogDataEntry // TypeDefIndex: 15598"
"1004106","class","ContentCatalogData.Serializer.","15599","private sealed class ContentCatalogData.Serializer.<>c__DisplayClass5_0 // TypeDefIndex: 15599"
"1004122","class","ContentCatalogData.Serializer","15600","internal class ContentCatalogData.Serializer : BinaryStorageBuffer.ISerializationAdapter<ContentCatalogData>, BinaryStorageBuffer.ISerializationAdapter // TypeDefIndex: 15600"
"1004149","struct","ContentCatalogData.ResourceLocator.Header","15601","public struct ContentCatalogData.ResourceLocator.Header // TypeDefIndex: 15601"
"1004163","struct","ContentCatalogData.ResourceLocator.KeyData","15602","public struct ContentCatalogData.ResourceLocator.KeyData // TypeDefIndex: 15602"
"1004171","class","ContentCatalogData.ResourceLocator.ContentCatalogDataEntrySerializationContext","15603","internal class ContentCatalogData.ResourceLocator.ContentCatalogDataEntrySerializationContext // TypeDefIndex: 15603"
"1004185","class","ContentCatalogData.ResourceLocator.ResourceLocation.ResolvedInternalId","15604","private class ContentCatalogData.ResourceLocator.ResourceLocation.ResolvedInternalId // TypeDefIndex: 15604"
"1004197","class","ContentCatalogData.ResourceLocator.ResourceLocation.ResolvedInternalIdSerializer","15605","public class ContentCatalogData.ResourceLocator.ResourceLocation.ResolvedInternalIdSerializer : BinaryStorageBuffer.ISerializationAdapter<ContentCatalogData.ResourceLocator.ResourceLocation.ResolvedInternalId>, BinaryStorageBuffer.ISerializationAdapter // TypeDefIndex: 15605"
"1004218","struct","ContentCatalogData.ResourceLocator.ResourceLocation.Serializer.Data","15606","public struct ContentCatalogData.ResourceLocator.ResourceLocation.Serializer.Data // TypeDefIndex: 15606"
"1004231","class","ContentCatalogData.ResourceLocator.ResourceLocation.Serializer","15607","public class ContentCatalogData.ResourceLocator.ResourceLocation.Serializer : BinaryStorageBuffer.ISerializationAdapter<ContentCatalogData.ResourceLocator.ResourceLocation>, BinaryStorageBuffer.ISerializationAdapter, BinaryStorageBuffer.ISerializationAdapter<ContentCatalogData.ResourceLocator.ContentCatalogDataEntrySerializationContext> // TypeDefIndex: 15607"
"1004255","class","ContentCatalogData.ResourceLocator.ResourceLocation","15608","internal class ContentCatalogData.ResourceLocator.ResourceLocation : IResourceLocation // TypeDefIndex: 15608"
"1004347","class","ContentCatalogData.ResourceLocator.LocateProcContext","15609","private class ContentCatalogData.ResourceLocator.LocateProcContext // TypeDefIndex: 15609"
"1004360","class","ContentCatalogData.ResourceLocator","15610","internal class ContentCatalogData.ResourceLocator : IResourceLocator // TypeDefIndex: 15610"
"1004402","struct","ContentCatalogData.AssetBundleRequestOptionsSerializationAdapter.SerializedData.Common","15611","public struct ContentCatalogData.AssetBundleRequestOptionsSerializationAdapter.SerializedData.Common // TypeDefIndex: 15611"
"1004451","struct","ContentCatalogData.AssetBundleRequestOptionsSerializationAdapter.SerializedData","15612","private struct ContentCatalogData.AssetBundleRequestOptionsSerializationAdapter.SerializedData // TypeDefIndex: 15612"
"1004462","class","ContentCatalogData.AssetBundleRequestOptionsSerializationAdapter","15613","internal class ContentCatalogData.AssetBundleRequestOptionsSerializationAdapter : BinaryStorageBuffer.ISerializationAdapter<AssetBundleRequestOptions>, BinaryStorageBuffer.ISerializationAdapter // TypeDefIndex: 15613"
"1004484","class","ContentCatalogData","15614","public class ContentCatalogData // TypeDefIndex: 15614"
"1004572","interface","IResourceLocator","15615","public interface IResourceLocator // TypeDefIndex: 15615"
"1004596","class","ResourceLocationData","15616","public class ResourceLocationData // TypeDefIndex: 15616"
"1004655","class","ResourceLocationMap.","15617","private sealed class ResourceLocationMap.<>c // TypeDefIndex: 15617"
"1004674","class","ResourceLocationMap","15618","public class ResourceLocationMap : IResourceLocator // TypeDefIndex: 15618"
"1004723","class","AddressablesRuntimeProperties","15619","public static class AddressablesRuntimeProperties // TypeDefIndex: 15619"
"1004762","class","CacheInitialization.CacheInitOp","15620","private class CacheInitialization.CacheInitOp : AsyncOperationBase<bool>, IUpdateReceiver // TypeDefIndex: 15620"
"1004788","class","CacheInitialization.","15621","private sealed class CacheInitialization.<>c__DisplayClass1_0 // TypeDefIndex: 15621"
"1004806","class","CacheInitialization","15622","public class CacheInitialization : IInitializableObject // TypeDefIndex: 15622"
"1004828","class","CacheInitializationData","15623","public class CacheInitializationData // TypeDefIndex: 15623"
"1004883","class","InitializationOperation.","15624","private sealed class InitializationOperation.<>c // TypeDefIndex: 15624"
"1004903","class","InitializationOperation.","15625","private sealed class InitializationOperation.<>c__DisplayClass16_0 // TypeDefIndex: 15625"
"1004921","class","InitializationOperation.","15626","private sealed class InitializationOperation.<>c__DisplayClass17_0 // TypeDefIndex: 15626"
"1004940","class","InitializationOperation","15627","internal class InitializationOperation : AsyncOperationBase<IResourceLocator> // TypeDefIndex: 15627"
"1004994","class","ResourceManagerRuntimeData","15628","public class ResourceManagerRuntimeData // TypeDefIndex: 15628"
"1005128","enum","VisitExceptionKind","15633","public enum VisitExceptionKind // TypeDefIndex: 15633"
"1005139","struct","VisitParameters","15634","public struct VisitParameters // TypeDefIndex: 15634"
"1005160","class","PropertyContainer.GetPropertyVisitor.","15635","private sealed class PropertyContainer.GetPropertyVisitor.<>c // TypeDefIndex: 15635"
"1005181","class","PropertyContainer.GetPropertyVisitor","15636","private class PropertyContainer.GetPropertyVisitor : PathVisitor // TypeDefIndex: 15636"
"1005210","class","PropertyContainer.GetValueVisitor.","15637","private sealed class PropertyContainer.GetValueVisitor.<>c<TSrcValue> // TypeDefIndex: 15637"
"1005263","class","PropertyContainer.GetValueVisitor","15638","private class PropertyContainer.GetValueVisitor<TSrcValue> : PathVisitor // TypeDefIndex: 15638"
"1005314","class","PropertyContainer","15639","public static class PropertyContainer // TypeDefIndex: 15639"
"1005784","enum","VisitReturnCode","15640","public enum VisitReturnCode // TypeDefIndex: 15640"
"1005799","class","CreatePropertyAttribute","15641","public class CreatePropertyAttribute : RequiredMemberAttribute // TypeDefIndex: 15641"
"1005825","class","DontCreatePropertyAttribute","15642","public class DontCreatePropertyAttribute : Attribute // TypeDefIndex: 15642"
"1005835","enum","TypeGenerationOptions","15643","public enum TypeGenerationOptions // TypeDefIndex: 15643"
"1005847","class","GeneratePropertyBagsForTypesQualifiedWithAttribute","15644","public class GeneratePropertyBagsForTypesQualifiedWithAttribute : Attribute // TypeDefIndex: 15644"
"1005865","class","MissingPropertyBagException","15645","public class MissingPropertyBagException : Exception // TypeDefIndex: 15645"
"1005883","struct","AttributesScope","15646","public struct AttributesScope : IDisposable // TypeDefIndex: 15646"
"1005902","class","PropertyGetter","15647","public sealed class PropertyGetter<TContainer, TValue> : MulticastDelegate // TypeDefIndex: 15647"
"1005924","class","PropertySetter","15648","public sealed class PropertySetter<TContainer, TValue> : MulticastDelegate // TypeDefIndex: 15648"
"1005946","class","DelegateProperty","15649","public class DelegateProperty<TContainer, TValue> : Property<TContainer, TValue> // TypeDefIndex: 15649"
"1006004","interface","IListElementProperty","15650","public interface IListElementProperty // TypeDefIndex: 15650"
"1006016","interface","ISetElementProperty","15651","public interface ISetElementProperty // TypeDefIndex: 15651"
"1006028","interface","IDictionaryElementProperty","15652","public interface IDictionaryElementProperty // TypeDefIndex: 15652"
"1006040","interface","IProperty","15653","public interface IProperty // TypeDefIndex: 15653"
"1006055","interface","IProperty","15654","public interface IProperty<TContainer> : IProperty, IPropertyAccept<TContainer> // TypeDefIndex: 15654"
"1006059","class","Property","15655","public abstract class Property<TContainer, TValue> : IProperty<TContainer>, IProperty, IPropertyAccept<TContainer>, IAttributes // TypeDefIndex: 15655"
"1009621","enum","PropertyPathPartKind","15656","public enum PropertyPathPartKind // TypeDefIndex: 15656"
"1009632","struct","PropertyPathPart","15657","public struct PropertyPathPart : IEquatable<PropertyPathPart> // TypeDefIndex: 15657"
"1009695","struct","PropertyPath.","15658","private struct PropertyPath.<>c__DisplayClass36_0 // TypeDefIndex: 15658"
"1009707","struct","PropertyPath","15659","public struct PropertyPath : IEquatable<PropertyPath> // TypeDefIndex: 15659"
"1009813","interface","IMemberInfo","15660","internal interface IMemberInfo // TypeDefIndex: 15660"
"1009843","struct","FieldMember","15661","internal struct FieldMember : IMemberInfo // TypeDefIndex: 15661"
"1009883","struct","PropertyMember","15662","internal struct PropertyMember : IMemberInfo // TypeDefIndex: 15662"
"1009922","class","ReflectedMemberProperty.GetStructValueAction","15663","private sealed class ReflectedMemberProperty.GetStructValueAction<TContainer, TValue> : MulticastDelegate // TypeDefIndex: 15663"
"1009944","class","ReflectedMemberProperty.SetStructValueAction","15664","private sealed class ReflectedMemberProperty.SetStructValueAction<TContainer, TValue> : MulticastDelegate // TypeDefIndex: 15664"
"1009966","class","ReflectedMemberProperty.GetClassValueAction","15665","private sealed class ReflectedMemberProperty.GetClassValueAction<TContainer, TValue> : MulticastDelegate // TypeDefIndex: 15665"
"1009988","class","ReflectedMemberProperty.SetClassValueAction","15666","private sealed class ReflectedMemberProperty.SetClassValueAction<TContainer, TValue> : MulticastDelegate // TypeDefIndex: 15666"
"1010010","class","ReflectedMemberProperty","15667","public class ReflectedMemberProperty<TContainer, TValue> : Property<TContainer, TValue> // TypeDefIndex: 15667"
"1010076","class","ArrayPropertyBag","15668","public sealed class ArrayPropertyBag<TElement> : IndexedCollectionPropertyBag<TElement[], TElement> // TypeDefIndex: 15668"
"1010117","class","ContainerPropertyBag","15669","public abstract class ContainerPropertyBag<TContainer> : PropertyBag<TContainer>, INamedProperties<TContainer> // TypeDefIndex: 15669"
"1011117","class","DictionaryPropertyBag","15670","public class DictionaryPropertyBag<TKey, TValue> : KeyValueCollectionPropertyBag<Dictionary<TKey, TValue>, TKey, TValue> // TypeDefIndex: 15670"
"1011150","class","HashSetPropertyBag","15671","public class HashSetPropertyBag<TElement> : SetPropertyBagBase<HashSet<TElement>, TElement> // TypeDefIndex: 15671"
"1011183","interface","IIndexedProperties","15672","public interface IIndexedProperties<TContainer> // TypeDefIndex: 15672"
"1011197","interface","INamedProperties","15673","public interface INamedProperties<TContainer> // TypeDefIndex: 15673"
"1011211","interface","IKeyedProperties","15674","public interface IKeyedProperties<TContainer, TKey> // TypeDefIndex: 15674"
"1011225","interface","IPropertyBag","15675","public interface IPropertyBag // TypeDefIndex: 15675"
"1011237","interface","IPropertyBag","15676","public interface IPropertyBag<TContainer> : IPropertyBag // TypeDefIndex: 15676"
"1011267","interface","ICollectionPropertyBag","15677","public interface ICollectionPropertyBag<TCollection, TElement> : IPropertyBag<TCollection>, IPropertyBag, ICollectionPropertyBagAccept<TCollection> // TypeDefIndex: 15677"
"1011271","interface","IListPropertyBag","15678","public interface IListPropertyBag<TList, TElement> : ICollectionPropertyBag<TList, TElement>, IPropertyBag<TList>, IPropertyBag, ICollectionPropertyBagAccept<TList>, IListPropertyBagAccept<TList>, IListPropertyAccept<TList>, IIndexedProperties<TList> // TypeDefIndex: 15678"
"1011275","interface","ISetPropertyBag","15679","public interface ISetPropertyBag<TSet, TElement> : ICollectionPropertyBag<TSet, TElement>, IPropertyBag<TSet>, IPropertyBag, ICollectionPropertyBagAccept<TSet>, ISetPropertyBagAccept<TSet>, IKeyedProperties<TSet, object> // TypeDefIndex: 15679"
"1011279","interface","IDictionaryPropertyBag","15680","public interface IDictionaryPropertyBag<TDictionary, TKey, TValue> : ICollectionPropertyBag<TDictionary, KeyValuePair<TKey, TValue>>, IPropertyBag<TDictionary>, IPropertyBag, ICollectionPropertyBagAccept<TDictionary>, IDictionaryPropertyBagAccept<TDictionary>, IKeyedProperties<TDictionary, object> // TypeDefIndex: 15680"
"1011284","struct","IndexedCollectionPropertyBagEnumerable","15681","internal struct IndexedCollectionPropertyBagEnumerable<TContainer> // TypeDefIndex: 15681"
"1011610","struct","IndexedCollectionPropertyBagEnumerator","15682","internal struct IndexedCollectionPropertyBagEnumerator<TContainer> : IEnumerator<IProperty<TContainer>>, IEnumerator, IDisposable // TypeDefIndex: 15682"
"1012574","interface","IIndexedCollectionPropertyBagEnumerator","15683","internal interface IIndexedCollectionPropertyBagEnumerator<TContainer> // TypeDefIndex: 15683"
"1012612","struct","IndexedCollectionSharedPropertyState","15684","internal struct IndexedCollectionSharedPropertyState // TypeDefIndex: 15684"
"1012620","class","IndexedCollectionPropertyBag.ListElementProperty","15685","private class IndexedCollectionPropertyBag.ListElementProperty<TList, TElement> : Property<TList, TElement>, IListElementProperty // TypeDefIndex: 15685"
"1012737","class","IndexedCollectionPropertyBag","15686","public class IndexedCollectionPropertyBag<TList, TElement> : PropertyBag<TList>, IListPropertyBag<TList, TElement>, ICollectionPropertyBag<TList, TElement>, IPropertyBag<TList>, IPropertyBag, ICollectionPropertyBagAccept<TList>, IListPropertyBagAccept<TList>, IListPropertyAccept<TList>, IIndexedProperties<TList>, IConstructorWithCount<TList>, IConstructor, IIndexedCollectionPropertyBagEnumerator<TList> // TypeDefIndex: 15686"
"1012958","class","KeyValueCollectionPropertyBag.KeyValuePairProperty","15687","private class KeyValueCollectionPropertyBag.KeyValuePairProperty<TDictionary, TKey, TValue> : Property<TDictionary, KeyValuePair<TKey, TValue>>, IDictionaryElementProperty // TypeDefIndex: 15687"
"1013041","class","KeyValueCollectionPropertyBag.Enumerable.Enumerator","15688","private class KeyValueCollectionPropertyBag.Enumerable.Enumerator<TDictionary, TKey, TValue> : IEnumerator<IProperty<TDictionary>>, IEnumerator, IDisposable // TypeDefIndex: 15688"
"1013107","struct","KeyValueCollectionPropertyBag.Enumerable","15689","private struct KeyValueCollectionPropertyBag.Enumerable<TDictionary, TKey, TValue> : IEnumerable<IProperty<TDictionary>>, IEnumerable // TypeDefIndex: 15689"
"1013141","class","KeyValueCollectionPropertyBag","15690","public class KeyValueCollectionPropertyBag<TDictionary, TKey, TValue> : PropertyBag<TDictionary>, IDictionaryPropertyBag<TDictionary, TKey, TValue>, ICollectionPropertyBag<TDictionary, KeyValuePair<TKey, TValue>>, IPropertyBag<TDictionary>, IPropertyBag, ICollectionPropertyBagAccept<TDictionary>, IDictionaryPropertyBagAccept<TDictionary>, IKeyedProperties<TDictionary, object> // TypeDefIndex: 15690"
"1013200","class","KeyValuePairPropertyBag.","15691","private sealed class KeyValuePairPropertyBag.<>c<TKey, TValue> // TypeDefIndex: 15691"
"1013242","class","KeyValuePairPropertyBag.","15692","private sealed class KeyValuePairPropertyBag.<GetPropertiesEnumerable>d__4<TKey, TValue> : IEnumerable<IProperty<KeyValuePair<TKey, TValue>>>, IEnumerable, IEnumerator<IProperty<KeyValuePair<TKey, TValue>>>, IEnumerator, IDisposable // TypeDefIndex: 15692"
"1013328","class","KeyValuePairPropertyBag","15693","public class KeyValuePairPropertyBag<TKey, TValue> : PropertyBag<KeyValuePair<TKey, TValue>>, INamedProperties<KeyValuePair<TKey, TValue>> // TypeDefIndex: 15693"
"1013387","class","ListPropertyBag","15694","public class ListPropertyBag<TElement> : IndexedCollectionPropertyBag<List<TElement>, TElement> // TypeDefIndex: 15694"
"1013464","class","PropertyBag","15695","public static class PropertyBag // TypeDefIndex: 15695"
"1014103","class","PropertyBag","15696","public abstract class PropertyBag<TContainer> : IPropertyBag<TContainer>, IPropertyBag, IPropertyBagRegister, IConstructor<TContainer>, IConstructor // TypeDefIndex: 15696"
"1015923","enum","PropertyCollection.EnumeratorType","15697","private enum PropertyCollection.EnumeratorType<TContainer> // TypeDefIndex: 15697"
"1015934","struct","PropertyCollection.Enumerator","15698","public struct PropertyCollection.Enumerator<TContainer> : IEnumerator<IProperty<TContainer>>, IEnumerator, IDisposable // TypeDefIndex: 15698"
"1017379","struct","PropertyCollection","15699","public struct PropertyCollection<TContainer> : IEnumerable<IProperty<TContainer>>, IEnumerable // TypeDefIndex: 15699"
"1018662","class","SetPropertyBagBase.SetElementProperty","15700","private class SetPropertyBagBase.SetElementProperty<TSet, TElement> : Property<TSet, TElement>, ISetElementProperty // TypeDefIndex: 15700"
"1018725","class","SetPropertyBagBase.","15701","private sealed class SetPropertyBagBase.<GetPropertiesEnumerable>d__4<TSet, TElement> : IEnumerable<IProperty<TSet>>, IEnumerable, IEnumerator<IProperty<TSet>>, IEnumerator, IDisposable // TypeDefIndex: 15701"
"1018824","class","SetPropertyBagBase","15702","public class SetPropertyBagBase<TSet, TElement> : PropertyBag<TSet>, ISetPropertyBag<TSet, TElement>, ICollectionPropertyBag<TSet, TElement>, IPropertyBag<TSet>, IPropertyBag, ICollectionPropertyBagAccept<TSet>, ISetPropertyBagAccept<TSet>, IKeyedProperties<TSet, object> // TypeDefIndex: 15702"
"1018890","class","ConcreteTypeVisitor","15703","public abstract class ConcreteTypeVisitor : IPropertyBagVisitor // TypeDefIndex: 15703"
"1019056","interface","ICollectionPropertyBagAccept","15704","public interface ICollectionPropertyBagAccept<TContainer> // TypeDefIndex: 15704"
"1019070","interface","IListPropertyBagAccept","15705","public interface IListPropertyBagAccept<TContainer> // TypeDefIndex: 15705"
"1019084","interface","ISetPropertyBagAccept","15706","public interface ISetPropertyBagAccept<TContainer> // TypeDefIndex: 15706"
"1019098","interface","IDictionaryPropertyBagAccept","15707","public interface IDictionaryPropertyBagAccept<TContainer> // TypeDefIndex: 15707"
"1019112","interface","IPropertyAccept","15708","public interface IPropertyAccept<TContainer> // TypeDefIndex: 15708"
"1019126","interface","IListPropertyAccept","15709","public interface IListPropertyAccept<TList> // TypeDefIndex: 15709"
"1019140","interface","ITypeVisitor","15710","public interface ITypeVisitor // TypeDefIndex: 15710"
"1019154","interface","IPropertyBagVisitor","15711","public interface IPropertyBagVisitor // TypeDefIndex: 15711"
"1019168","interface","ICollectionPropertyBagVisitor","15712","public interface ICollectionPropertyBagVisitor // TypeDefIndex: 15712"
"1019182","interface","IListPropertyBagVisitor","15713","public interface IListPropertyBagVisitor // TypeDefIndex: 15713"
"1019196","interface","ISetPropertyBagVisitor","15714","public interface ISetPropertyBagVisitor // TypeDefIndex: 15714"
"1019210","interface","IDictionaryPropertyBagVisitor","15715","public interface IDictionaryPropertyBagVisitor // TypeDefIndex: 15715"
"1019224","interface","IPropertyVisitor","15716","public interface IPropertyVisitor // TypeDefIndex: 15716"
"1019238","interface","IListPropertyVisitor","15717","public interface IListPropertyVisitor // TypeDefIndex: 15717"
"1019253","struct","PathVisitor.PropertyScope","15718","private struct PathVisitor.PropertyScope : IDisposable // TypeDefIndex: 15718"
"1019269","class","PathVisitor","15719","public abstract class PathVisitor : IPropertyBagVisitor, IPropertyVisitor // TypeDefIndex: 15719"
"1020183","class","ConversionRegistry.ConverterKeyComparer","15720","private class ConversionRegistry.ConverterKeyComparer : IEqualityComparer<ConversionRegistry.ConverterKey> // TypeDefIndex: 15720"
"1020199","struct","ConversionRegistry.ConverterKey","15721","private struct ConversionRegistry.ConverterKey // TypeDefIndex: 15721"
"1020214","struct","ConversionRegistry","15722","internal struct ConversionRegistry : IEqualityComparer<ConversionRegistry> // TypeDefIndex: 15722"
"1020248","class","TypeConverter","15723","public sealed class TypeConverter<TSource, TDestination> : MulticastDelegate // TypeDefIndex: 15723"
"1021766","class","TypeConversion.PrimitiveConverters.","15724","private sealed class TypeConversion.PrimitiveConverters.<>c // TypeDefIndex: 15724"
"1022513","class","TypeConversion.PrimitiveConverters","15725","private static class TypeConversion.PrimitiveConverters // TypeDefIndex: 15725"
"1022564","class","TypeConversion","15726","public static class TypeConversion // TypeDefIndex: 15726"
"1022971","class","TypeTraits","15727","public static class TypeTraits // TypeDefIndex: 15727"
"1022980","class","TypeTraits","15728","public static class TypeTraits<T> // TypeDefIndex: 15728"
"1025657","enum","InstantiationKind","15729","public enum InstantiationKind // TypeDefIndex: 15729"
"1025667","interface","IConstructor","15730","internal interface IConstructor // TypeDefIndex: 15730"
"1025679","interface","IConstructor","15731","internal interface IConstructor<T> : IConstructor // TypeDefIndex: 15731"
"1025693","interface","IConstructorWithCount","15732","internal interface IConstructorWithCount<T> : IConstructor // TypeDefIndex: 15732"
"1025707","interface","TypeUtility.ITypeConstructor","15733","private interface TypeUtility.ITypeConstructor // TypeDefIndex: 15733"
"1025722","interface","TypeUtility.ITypeConstructor","15734","private interface TypeUtility.ITypeConstructor<T> : TypeUtility.ITypeConstructor // TypeDefIndex: 15734"
"1025744","class","TypeUtility.TypeConstructor","15735","private class TypeUtility.TypeConstructor<T> : TypeUtility.ITypeConstructor<T>, TypeUtility.ITypeConstructor // TypeDefIndex: 15735"
"1027099","class","TypeUtility.NonConstructable","15736","private class TypeUtility.NonConstructable : TypeUtility.ITypeConstructor // TypeDefIndex: 15736"
"1027117","struct","TypeUtility.Cache","15737","private struct TypeUtility.Cache<T> // TypeDefIndex: 15737"
"1027124","class","TypeUtility.TypeConstructorVisitor","15738","private class TypeUtility.TypeConstructorVisitor : ITypeVisitor // TypeDefIndex: 15738"
"1027287","class","TypeUtility.","15739","private sealed class TypeUtility.<>c // TypeDefIndex: 15739"
"1027312","class","TypeUtility","15740","public static class TypeUtility // TypeDefIndex: 15740"
"1027597","interface","IAttributes","15741","internal interface IAttributes // TypeDefIndex: 15741"
"1027622","class","PropertiesInitialization","15742","internal static class PropertiesInitialization // TypeDefIndex: 15742"
"1027632","class","ColorPropertyBag.RProperty","15743","private class ColorPropertyBag.RProperty : Property<Color, float> // TypeDefIndex: 15743"
"1027657","class","ColorPropertyBag.GProperty","15744","private class ColorPropertyBag.GProperty : Property<Color, float> // TypeDefIndex: 15744"
"1027682","class","ColorPropertyBag.BProperty","15745","private class ColorPropertyBag.BProperty : Property<Color, float> // TypeDefIndex: 15745"
"1027707","class","ColorPropertyBag.AProperty","15746","private class ColorPropertyBag.AProperty : Property<Color, float> // TypeDefIndex: 15746"
"1027732","class","ColorPropertyBag","15747","internal class ColorPropertyBag : ContainerPropertyBag<Color> // TypeDefIndex: 15747"
"1027741","class","Vector2PropertyBag.XProperty","15748","private class Vector2PropertyBag.XProperty : Property<Vector2, float> // TypeDefIndex: 15748"
"1027766","class","Vector2PropertyBag.YProperty","15749","private class Vector2PropertyBag.YProperty : Property<Vector2, float> // TypeDefIndex: 15749"
"1027791","class","Vector2PropertyBag","15750","internal class Vector2PropertyBag : ContainerPropertyBag<Vector2> // TypeDefIndex: 15750"
"1027800","class","Vector3PropertyBag.XProperty","15751","private class Vector3PropertyBag.XProperty : Property<Vector3, float> // TypeDefIndex: 15751"
"1027825","class","Vector3PropertyBag.YProperty","15752","private class Vector3PropertyBag.YProperty : Property<Vector3, float> // TypeDefIndex: 15752"
"1027850","class","Vector3PropertyBag.ZProperty","15753","private class Vector3PropertyBag.ZProperty : Property<Vector3, float> // TypeDefIndex: 15753"
"1027875","class","Vector3PropertyBag","15754","internal class Vector3PropertyBag : ContainerPropertyBag<Vector3> // TypeDefIndex: 15754"
"1027884","class","Vector4PropertyBag.XProperty","15755","private class Vector4PropertyBag.XProperty : Property<Vector4, float> // TypeDefIndex: 15755"
"1027909","class","Vector4PropertyBag.YProperty","15756","private class Vector4PropertyBag.YProperty : Property<Vector4, float> // TypeDefIndex: 15756"
"1027934","class","Vector4PropertyBag.ZProperty","15757","private class Vector4PropertyBag.ZProperty : Property<Vector4, float> // TypeDefIndex: 15757"
"1027959","class","Vector4PropertyBag.WProperty","15758","private class Vector4PropertyBag.WProperty : Property<Vector4, float> // TypeDefIndex: 15758"
"1027984","class","Vector4PropertyBag","15759","internal class Vector4PropertyBag : ContainerPropertyBag<Vector4> // TypeDefIndex: 15759"
"1027993","class","Vector2IntPropertyBag.XProperty","15760","private class Vector2IntPropertyBag.XProperty : Property<Vector2Int, int> // TypeDefIndex: 15760"
"1028018","class","Vector2IntPropertyBag.YProperty","15761","private class Vector2IntPropertyBag.YProperty : Property<Vector2Int, int> // TypeDefIndex: 15761"
"1028043","class","Vector2IntPropertyBag","15762","internal class Vector2IntPropertyBag : ContainerPropertyBag<Vector2Int> // TypeDefIndex: 15762"
"1028052","class","Vector3IntPropertyBag.XProperty","15763","private class Vector3IntPropertyBag.XProperty : Property<Vector3Int, int> // TypeDefIndex: 15763"
"1028077","class","Vector3IntPropertyBag.YProperty","15764","private class Vector3IntPropertyBag.YProperty : Property<Vector3Int, int> // TypeDefIndex: 15764"
"1028102","class","Vector3IntPropertyBag.ZProperty","15765","private class Vector3IntPropertyBag.ZProperty : Property<Vector3Int, int> // TypeDefIndex: 15765"
"1028127","class","Vector3IntPropertyBag","15766","internal class Vector3IntPropertyBag : ContainerPropertyBag<Vector3Int> // TypeDefIndex: 15766"
"1028136","class","RectPropertyBag.XProperty","15767","private class RectPropertyBag.XProperty : Property<Rect, float> // TypeDefIndex: 15767"
"1028161","class","RectPropertyBag.YProperty","15768","private class RectPropertyBag.YProperty : Property<Rect, float> // TypeDefIndex: 15768"
"1028186","class","RectPropertyBag.WidthProperty","15769","private class RectPropertyBag.WidthProperty : Property<Rect, float> // TypeDefIndex: 15769"
"1028211","class","RectPropertyBag.HeightProperty","15770","private class RectPropertyBag.HeightProperty : Property<Rect, float> // TypeDefIndex: 15770"
"1028236","class","RectPropertyBag","15771","internal class RectPropertyBag : ContainerPropertyBag<Rect> // TypeDefIndex: 15771"
"1028245","class","RectIntPropertyBag.XProperty","15772","private class RectIntPropertyBag.XProperty : Property<RectInt, int> // TypeDefIndex: 15772"
"1028270","class","RectIntPropertyBag.YProperty","15773","private class RectIntPropertyBag.YProperty : Property<RectInt, int> // TypeDefIndex: 15773"
"1028295","class","RectIntPropertyBag.WidthProperty","15774","private class RectIntPropertyBag.WidthProperty : Property<RectInt, int> // TypeDefIndex: 15774"
"1028320","class","RectIntPropertyBag.HeightProperty","15775","private class RectIntPropertyBag.HeightProperty : Property<RectInt, int> // TypeDefIndex: 15775"
"1028345","class","RectIntPropertyBag","15776","internal class RectIntPropertyBag : ContainerPropertyBag<RectInt> // TypeDefIndex: 15776"
"1028354","class","BoundsPropertyBag.CenterProperty","15777","private class BoundsPropertyBag.CenterProperty : Property<Bounds, Vector3> // TypeDefIndex: 15777"
"1028379","class","BoundsPropertyBag.ExtentsProperty","15778","private class BoundsPropertyBag.ExtentsProperty : Property<Bounds, Vector3> // TypeDefIndex: 15778"
"1028404","class","BoundsPropertyBag","15779","internal class BoundsPropertyBag : ContainerPropertyBag<Bounds> // TypeDefIndex: 15779"
"1028413","class","BoundsIntPropertyBag.PositionProperty","15780","private class BoundsIntPropertyBag.PositionProperty : Property<BoundsInt, Vector3Int> // TypeDefIndex: 15780"
"1028438","class","BoundsIntPropertyBag.SizeProperty","15781","private class BoundsIntPropertyBag.SizeProperty : Property<BoundsInt, Vector3Int> // TypeDefIndex: 15781"
"1028463","class","BoundsIntPropertyBag","15782","internal class BoundsIntPropertyBag : ContainerPropertyBag<BoundsInt> // TypeDefIndex: 15782"
"1028472","class","SystemVersionPropertyBag.MajorProperty","15783","private class SystemVersionPropertyBag.MajorProperty : Property<Version, int> // TypeDefIndex: 15783"
"1028497","class","SystemVersionPropertyBag.MinorProperty","15784","private class SystemVersionPropertyBag.MinorProperty : Property<Version, int> // TypeDefIndex: 15784"
"1028522","class","SystemVersionPropertyBag.BuildProperty","15785","private class SystemVersionPropertyBag.BuildProperty : Property<Version, int> // TypeDefIndex: 15785"
"1028547","class","SystemVersionPropertyBag.RevisionProperty","15786","private class SystemVersionPropertyBag.RevisionProperty : Property<Version, int> // TypeDefIndex: 15786"
"1028572","class","SystemVersionPropertyBag","15787","internal class SystemVersionPropertyBag : ContainerPropertyBag<Version> // TypeDefIndex: 15787"
"1028581","interface","IPropertyBagRegister","15788","internal interface IPropertyBagRegister // TypeDefIndex: 15788"
"1028590","struct","PropertyBagStore.TypedStore","15789","internal struct PropertyBagStore.TypedStore<TContainer> // TypeDefIndex: 15789"
"1028597","class","PropertyBagStore","15790","internal static class PropertyBagStore // TypeDefIndex: 15790"
"1029070","class","ReflectedPropertyBagAttribute","15791","internal class ReflectedPropertyBagAttribute : Attribute // TypeDefIndex: 15791"
"1029080","class","ReflectedPropertyBag","15792","internal class ReflectedPropertyBag<TContainer> : ContainerPropertyBag<TContainer> // TypeDefIndex: 15792"
"1029104","class","ReflectedPropertyBagProvider.","15793","private sealed class ReflectedPropertyBagProvider.<>c // TypeDefIndex: 15793"
"1029128","class","ReflectedPropertyBagProvider.","15794","private sealed class ReflectedPropertyBagProvider.<GetPropertyMembers>d__22 : IEnumerable<MemberInfo>, IEnumerable, IEnumerator<MemberInfo>, IEnumerator, IDisposable // TypeDefIndex: 15794"
"1029188","class","ReflectedPropertyBagProvider","15795","internal class ReflectedPropertyBagProvider // TypeDefIndex: 15795"
"1029311","class","ReflectionUtilities","15796","internal static class ReflectionUtilities // TypeDefIndex: 15796"
"1029325","struct","jvalue","15798","public struct jvalue // TypeDefIndex: 15798"
"1029341","struct","JNINativeMethod","15799","public struct JNINativeMethod // TypeDefIndex: 15799"
"1029354","class","AndroidJNIHelper","15800","public static class AndroidJNIHelper // TypeDefIndex: 15800"
"1029581","struct","AndroidJNI.JStringBinding","15801","private struct AndroidJNI.JStringBinding : IDisposable // TypeDefIndex: 15801"
"1029602","class","AndroidJNI","15802","public static class AndroidJNI // TypeDefIndex: 15802"
"1030615","class","AndroidJNISafe","15803","internal class AndroidJNISafe // TypeDefIndex: 15803"
"1030924","class","AndroidJavaRunnable","15804","public sealed class AndroidJavaRunnable : MulticastDelegate // TypeDefIndex: 15804"
"1030936","class","AndroidJavaException","15805","public sealed class AndroidJavaException : Exception // TypeDefIndex: 15805"
"1030954","class","GlobalJavaObjectRef","15806","internal class GlobalJavaObjectRef // TypeDefIndex: 15806"
"1030976","class","AndroidJavaRunnableProxy","15807","internal class AndroidJavaRunnableProxy : AndroidJavaProxy // TypeDefIndex: 15807"
"1030994","class","AndroidJavaProxy","15808","public class AndroidJavaProxy // TypeDefIndex: 15808"
"1031042","class","AndroidJavaObject","15809","public class AndroidJavaObject : IDisposable // TypeDefIndex: 15809"
"1031673","class","AndroidJavaObjectUnityOwned","15810","internal class AndroidJavaObjectUnityOwned : AndroidJavaObject // TypeDefIndex: 15810"
"1031685","class","AndroidJavaClass","15811","public class AndroidJavaClass : AndroidJavaObject // TypeDefIndex: 15811"
"1031700","class","AndroidReflection","15812","internal class AndroidReflection // TypeDefIndex: 15812"
"1031753","class","_AndroidJNIHelper","15813","internal sealed class _AndroidJNIHelper // TypeDefIndex: 15813"
"1031953","class","AndroidApplication","15814","public static class AndroidApplication // TypeDefIndex: 15814"
"1032009","enum","AndroidAssetPackStatus","15815","public enum AndroidAssetPackStatus // TypeDefIndex: 15815"
"1032025","enum","AndroidAssetPackError","15816","public enum AndroidAssetPackError // TypeDefIndex: 15816"
"1032045","class","AndroidAssetPackInfo","15817","public class AndroidAssetPackInfo // TypeDefIndex: 15817"
"1032077","class","AndroidAssetPackState","15818","public class AndroidAssetPackState // TypeDefIndex: 15818"
"1032097","class","AndroidAssetPackUseMobileDataRequestResult","15819","public class AndroidAssetPackUseMobileDataRequestResult // TypeDefIndex: 15819"
"1032113","class","AndroidAssetPacks.AssetPackManagerDownloadStatusCallback.","15820","private sealed class AndroidAssetPacks.AssetPackManagerDownloadStatusCallback.<>c // TypeDefIndex: 15820"
"1032136","class","AndroidAssetPacks.AssetPackManagerDownloadStatusCallback","15821","private class AndroidAssetPacks.AssetPackManagerDownloadStatusCallback : AndroidJavaProxy // TypeDefIndex: 15821"
"1032153","class","AndroidAssetPacks.AssetPackManagerMobileDataConfirmationCallback","15822","private class AndroidAssetPacks.AssetPackManagerMobileDataConfirmationCallback : AndroidJavaProxy // TypeDefIndex: 15822"
"1032169","class","AndroidAssetPacks.AssetPackManagerStatusQueryCallback","15823","private class AndroidAssetPacks.AssetPackManagerStatusQueryCallback : AndroidJavaProxy // TypeDefIndex: 15823"
"1032190","class","AndroidAssetPacks","15824","public static class AndroidAssetPacks // TypeDefIndex: 15824"
"1032205","class","AndroidGame","15825","public static class AndroidGame // TypeDefIndex: 15825"
"1032214","enum","PermissionCallbacks.Result","15826","private enum PermissionCallbacks.Result // TypeDefIndex: 15826"
"1032225","class","PermissionCallbacks","15827","public class PermissionCallbacks : AndroidJavaProxy // TypeDefIndex: 15827"
"1032286","struct","Permission","15828","public struct Permission // TypeDefIndex: 15828"
"1032310","enum","AndroidColorModeHdr","15829","public enum AndroidColorModeHdr // TypeDefIndex: 15829"
"1032320","enum","AndroidColorModeWideColorGamut","15830","public enum AndroidColorModeWideColorGamut // TypeDefIndex: 15830"
"1032330","class","AndroidLocale","15831","public class AndroidLocale // TypeDefIndex: 15831"
"1032362","class","AndroidConfiguration","15832","public sealed class AndroidConfiguration // TypeDefIndex: 15832"
"1032572","enum","AndroidHardwareKeyboardHidden","15833","public enum AndroidHardwareKeyboardHidden // TypeDefIndex: 15833"
"1032582","enum","AndroidKeyboard","15834","public enum AndroidKeyboard // TypeDefIndex: 15834"
"1032593","enum","AndroidKeyboardHidden","15835","public enum AndroidKeyboardHidden // TypeDefIndex: 15835"
"1032603","enum","AndroidNavigation","15836","public enum AndroidNavigation // TypeDefIndex: 15836"
"1032615","enum","AndroidNavigationHidden","15837","public enum AndroidNavigationHidden // TypeDefIndex: 15837"
"1032625","enum","AndroidOrientation","15838","public enum AndroidOrientation // TypeDefIndex: 15838"
"1032635","enum","AndroidScreenLayoutDirection","15839","public enum AndroidScreenLayoutDirection // TypeDefIndex: 15839"
"1032644","enum","AndroidScreenLayoutLong","15840","public enum AndroidScreenLayoutLong // TypeDefIndex: 15840"
"1032654","enum","AndroidScreenLayoutRound","15841","public enum AndroidScreenLayoutRound // TypeDefIndex: 15841"
"1032664","enum","AndroidScreenLayoutSize","15842","public enum AndroidScreenLayoutSize // TypeDefIndex: 15842"
"1032676","enum","AndroidTouchScreen","15843","public enum AndroidTouchScreen // TypeDefIndex: 15843"
"1032686","enum","AndroidUIModeNight","15844","public enum AndroidUIModeNight // TypeDefIndex: 15844"
"1032696","enum","AndroidUIModeType","15845","public enum AndroidUIModeType // TypeDefIndex: 15845"
"1032720","class","HttpUtilities","15848","internal static class HttpUtilities // TypeDefIndex: 15848"
"1032734","class","HttpClientHandler.","15849","private sealed class HttpClientHandler.<>c // TypeDefIndex: 15849"
"1032753","class","HttpClientHandler","15850","public class HttpClientHandler : HttpMessageHandler // TypeDefIndex: 15850"
"1032821","interface","IMonoHttpClientHandler","15851","internal interface IMonoHttpClientHandler : IDisposable // TypeDefIndex: 15851"
"1032860","class","MonoWebRequestHandler.","15852","private sealed class MonoWebRequestHandler.<>c // TypeDefIndex: 15852"
"1032888","struct","MonoWebRequestHandler.","15853","private struct MonoWebRequestHandler.<SendAsync>d__99 : IAsyncStateMachine // TypeDefIndex: 15853"
"1032917","class","MonoWebRequestHandler","15854","internal class MonoWebRequestHandler : IMonoHttpClientHandler, IDisposable // TypeDefIndex: 15854"
"1033022","class","PlatformHelper","15855","internal static class PlatformHelper // TypeDefIndex: 15855"
"1033037","class","ByteArrayContent","15856","public class ByteArrayContent : HttpContent // TypeDefIndex: 15856"
"1033060","enum","ClientCertificateOption","15857","public enum ClientCertificateOption // TypeDefIndex: 15857"
"1033069","class","DelegatingHandler","15858","public abstract class DelegatingHandler : HttpMessageHandler // TypeDefIndex: 15858"
"1033097","class","FormUrlEncodedContent","15859","public class FormUrlEncodedContent : ByteArrayContent // TypeDefIndex: 15859"
"1033113","struct","HttpClient.","15860","private struct HttpClient.<SendAsyncWorker>d__47 : IAsyncStateMachine // TypeDefIndex: 15860"
"1033139","struct","HttpClient.","15861","private struct HttpClient.<GetStringAsync>d__52 : IAsyncStateMachine // TypeDefIndex: 15861"
"1033161","class","HttpClient","15862","public class HttpClient : HttpMessageInvoker // TypeDefIndex: 15862"
"1033226","enum","HttpCompletionOption","15863","public enum HttpCompletionOption // TypeDefIndex: 15863"
"1033235","class","HttpContent.FixedMemoryStream","15864","private sealed class HttpContent.FixedMemoryStream : MemoryStream // TypeDefIndex: 15864"
"1033257","struct","HttpContent.","15865","private struct HttpContent.<CreateContentReadStreamAsync>d__12 : IAsyncStateMachine // TypeDefIndex: 15865"
"1033277","struct","HttpContent.","15866","private struct HttpContent.<LoadIntoBufferAsync>d__17 : IAsyncStateMachine // TypeDefIndex: 15866"
"1033298","struct","HttpContent.","15867","private struct HttpContent.<ReadAsStreamAsync>d__18 : IAsyncStateMachine // TypeDefIndex: 15867"
"1033318","struct","HttpContent.","15868","private struct HttpContent.<ReadAsByteArrayAsync>d__19 : IAsyncStateMachine // TypeDefIndex: 15868"
"1033338","struct","HttpContent.","15869","private struct HttpContent.<ReadAsStringAsync>d__20 : IAsyncStateMachine // TypeDefIndex: 15869"
"1033357","class","HttpContent","15870","public abstract class HttpContent : IDisposable // TypeDefIndex: 15870"
"1033432","class","HttpMessageHandler","15871","public abstract class HttpMessageHandler : IDisposable // TypeDefIndex: 15871"
"1033450","class","HttpMessageInvoker","15872","public class HttpMessageInvoker : IDisposable // TypeDefIndex: 15872"
"1033472","class","HttpMethod","15873","public class HttpMethod : IEquatable<HttpMethod> // TypeDefIndex: 15873"
"1033531","class","HttpRequestException","15874","public class HttpRequestException : Exception // TypeDefIndex: 15874"
"1033546","class","HttpRequestMessage","15875","public class HttpRequestMessage : IDisposable // TypeDefIndex: 15875"
"1033621","class","HttpResponseMessage","15876","public class HttpResponseMessage : IDisposable // TypeDefIndex: 15876"
"1033699","class","StreamContent","15877","public class StreamContent : HttpContent // TypeDefIndex: 15877"
"1033733","class","StringContent","15878","public class StringContent : ByteArrayContent // TypeDefIndex: 15878"
"1033748","class","AuthenticationHeaderValue","15879","public class AuthenticationHeaderValue : ICloneable // TypeDefIndex: 15879"
"1033807","class","CacheControlHeaderValue","15880","public class CacheControlHeaderValue : ICloneable // TypeDefIndex: 15880"
"1033994","class","CollectionExtensions","15881","internal static class CollectionExtensions // TypeDefIndex: 15881"
"1034040","class","ElementTryParser","15882","internal sealed class ElementTryParser<T> : MulticastDelegate // TypeDefIndex: 15882"
"1034068","class","CollectionParser","15883","internal static class CollectionParser // TypeDefIndex: 15883"
"1034088","class","ContentDispositionHeaderValue","15884","public class ContentDispositionHeaderValue : ICloneable // TypeDefIndex: 15884"
"1034125","class","ContentRangeHeaderValue","15885","public class ContentRangeHeaderValue : ICloneable // TypeDefIndex: 15885"
"1034191","class","EntityTagHeaderValue","15886","public class EntityTagHeaderValue : ICloneable // TypeDefIndex: 15886"
"1034251","class","HashCodeCalculator","15887","internal static class HashCodeCalculator // TypeDefIndex: 15887"
"1034268","class","TryParseDelegate","15888","internal sealed class TryParseDelegate<T> : MulticastDelegate // TypeDefIndex: 15888"
"1034320","class","TryParseListDelegate","15889","internal sealed class TryParseListDelegate<T> : MulticastDelegate // TypeDefIndex: 15889"
"1034348","class","HeaderInfo.HeaderTypeInfo","15890","private class HeaderInfo.HeaderTypeInfo<T, U> : HeaderInfo // TypeDefIndex: 15890"
"1034472","class","HeaderInfo.CollectionHeaderTypeInfo","15891","private class HeaderInfo.CollectionHeaderTypeInfo<T, U> : HeaderInfo.HeaderTypeInfo<T, U> // TypeDefIndex: 15891"
"1034519","class","HeaderInfo","15892","internal abstract class HeaderInfo // TypeDefIndex: 15892"
"1034596","class","HttpContentHeaders","15893","public sealed class HttpContentHeaders : HttpHeaders // TypeDefIndex: 15893"
"1034629","enum","HttpHeaderKind","15894","internal enum HttpHeaderKind // TypeDefIndex: 15894"
"1034640","class","HttpHeaderValueCollection","15895","public sealed class HttpHeaderValueCollection<T> : ICollection<T>, IEnumerable<T>, IEnumerable // TypeDefIndex: 15895"
"1034785","class","HttpHeaders.HeaderBucket","15896","private class HttpHeaders.HeaderBucket // TypeDefIndex: 15896"
"1034816","class","HttpHeaders.","15897","private sealed class HttpHeaders.<GetEnumerator>d__19 : IEnumerator<KeyValuePair<string, IEnumerable<string>>>, IDisposable, IEnumerator // TypeDefIndex: 15897"
"1034858","class","HttpHeaders","15898","public abstract class HttpHeaders : IEnumerable<KeyValuePair<string, IEnumerable<string>>>, IEnumerable // TypeDefIndex: 15898"
"1035006","class","HttpRequestHeaders.","15899","private sealed class HttpRequestHeaders.<>c // TypeDefIndex: 15899"
"1035037","class","HttpRequestHeaders","15900","public sealed class HttpRequestHeaders : HttpHeaders // TypeDefIndex: 15900"
"1035112","class","HttpResponseHeaders","15901","public sealed class HttpResponseHeaders : HttpHeaders // TypeDefIndex: 15901"
"1035131","enum","Token.Type","15902","public enum Token.Type // TypeDefIndex: 15902"
"1035148","struct","Token","15903","internal struct Token // TypeDefIndex: 15903"
"1035200","class","Lexer","15904","internal class Lexer // TypeDefIndex: 15904"
"1035281","class","MediaTypeHeaderValue.","15905","private sealed class MediaTypeHeaderValue.<>c // TypeDefIndex: 15905"
"1035300","class","MediaTypeHeaderValue","15906","public class MediaTypeHeaderValue : ICloneable // TypeDefIndex: 15906"
"1035354","class","MediaTypeWithQualityHeaderValue","15907","public sealed class MediaTypeWithQualityHeaderValue : MediaTypeHeaderValue // TypeDefIndex: 15907"
"1035369","class","NameValueHeaderValue","15908","public class NameValueHeaderValue : ICloneable // TypeDefIndex: 15908"
"1035434","class","NameValueWithParametersHeaderValue","15909","public class NameValueWithParametersHeaderValue : NameValueHeaderValue, ICloneable // TypeDefIndex: 15909"
"1035476","class","Parser.Token","15910","public static class Parser.Token // TypeDefIndex: 15910"
"1035490","class","Parser.DateTime.","15911","private sealed class Parser.DateTime.<>c // TypeDefIndex: 15911"
"1035508","class","Parser.DateTime","15912","public static class Parser.DateTime // TypeDefIndex: 15912"
"1035523","class","Parser.EmailAddress","15913","public static class Parser.EmailAddress // TypeDefIndex: 15913"
"1035532","class","Parser.Host","15914","public static class Parser.Host // TypeDefIndex: 15914"
"1035541","class","Parser.Int","15915","public static class Parser.Int // TypeDefIndex: 15915"
"1035550","class","Parser.Long","15916","public static class Parser.Long // TypeDefIndex: 15916"
"1035561","class","Parser.MD5.","15917","private sealed class Parser.MD5.<>c // TypeDefIndex: 15917"
"1035579","class","Parser.MD5","15918","public static class Parser.MD5 // TypeDefIndex: 15918"
"1035594","class","Parser.TimeSpanSeconds","15919","public static class Parser.TimeSpanSeconds // TypeDefIndex: 15919"
"1035603","class","Parser.Uri","15920","public static class Parser.Uri // TypeDefIndex: 15920"
"1035612","class","Parser","15921","internal static class Parser // TypeDefIndex: 15921"
"1035616","class","ProductHeaderValue","15922","public class ProductHeaderValue : ICloneable // TypeDefIndex: 15922"
"1035669","class","ProductInfoHeaderValue","15923","public class ProductInfoHeaderValue : ICloneable // TypeDefIndex: 15923"
"1035725","class","RangeConditionHeaderValue","15924","public class RangeConditionHeaderValue : ICloneable // TypeDefIndex: 15924"
"1035778","class","RangeHeaderValue","15925","public class RangeHeaderValue : ICloneable // TypeDefIndex: 15925"
"1035819","class","RangeItemHeaderValue","15926","public class RangeItemHeaderValue : ICloneable // TypeDefIndex: 15926"
"1035866","class","RetryConditionHeaderValue","15927","public class RetryConditionHeaderValue : ICloneable // TypeDefIndex: 15927"
"1035919","class","StringWithQualityHeaderValue","15928","public class StringWithQualityHeaderValue : ICloneable // TypeDefIndex: 15928"
"1035975","class","TransferCodingHeaderValue","15929","public class TransferCodingHeaderValue : ICloneable // TypeDefIndex: 15929"
"1036019","class","TransferCodingWithQualityHeaderValue","15930","public sealed class TransferCodingWithQualityHeaderValue : TransferCodingHeaderValue // TypeDefIndex: 15930"
"1036034","class","ViaHeaderValue","15931","public class ViaHeaderValue : ICloneable // TypeDefIndex: 15931"
"1036109","class","WarningHeaderValue","15932","public class WarningHeaderValue : ICloneable // TypeDefIndex: 15932"
"1036208","class","ApplicationContext","15936","public static class ApplicationContext // TypeDefIndex: 15936"
"1036229","class","GoogleApiException","15937","public class GoogleApiException : Exception // TypeDefIndex: 15937"
"1036305","interface","ISerializer","15938","public interface ISerializer // TypeDefIndex: 15938"
"1036342","class","ExponentialBackOff","15939","public class ExponentialBackOff : IBackOff // TypeDefIndex: 15939"
"1036373","interface","IBackOff","15940","public interface IBackOff // TypeDefIndex: 15940"
"1036388","interface","IClock","15941","public interface IClock // TypeDefIndex: 15941"
"1036405","class","SystemClock","15942","public class SystemClock : IClock // TypeDefIndex: 15942"
"1036430","class","Repeatable","15943","public class Repeatable<T> : IEnumerable<T>, IEnumerable // TypeDefIndex: 15943"
"1036506","class","RequestParameterAttribute","15944","public class RequestParameterAttribute : Attribute // TypeDefIndex: 15944"
"1036532","enum","RequestParameterType","15945","public enum RequestParameterType // TypeDefIndex: 15945"
"1036542","class","StandardResponse","15946","public sealed class StandardResponse<InnerType> // TypeDefIndex: 15946"
"1036620","class","StringValueAttribute","15947","public class StringValueAttribute : Attribute // TypeDefIndex: 15947"
"1036638","struct","TaskExtensions.","15948","private struct TaskExtensions.<>c__DisplayClass0_0.<<WithCancellationToken>g__ImplAsync|0>d<T> : IAsyncStateMachine // TypeDefIndex: 15948"
"1036676","class","TaskExtensions.","15949","private sealed class TaskExtensions.<>c__DisplayClass0_0<T> // TypeDefIndex: 15949"
"1036710","class","TaskExtensions.","15950","private sealed class TaskExtensions.<>c__DisplayClass0_1<T> // TypeDefIndex: 15950"
"1036742","class","TaskExtensions","15951","internal static class TaskExtensions // TypeDefIndex: 15951"
"1036761","class","UriPatcher.","15952","private sealed class UriPatcher.<>c__DisplayClass0_0 // TypeDefIndex: 15952"
"1036777","class","UriPatcher","15953","public static class UriPatcher // TypeDefIndex: 15953"
"1036787","class","Utilities","15954","public static class Utilities // TypeDefIndex: 15954"
"1036894","interface","IDataStore","15955","public interface IDataStore // TypeDefIndex: 15955"
"1036928","class","VisibleForTestOnly","15956","public class VisibleForTestOnly : Attribute // TypeDefIndex: 15956"
"1036939","class","RequestBuilder.","15957","private sealed class RequestBuilder.<>c // TypeDefIndex: 15957"
"1036958","class","RequestBuilder","15958","public class RequestBuilder // TypeDefIndex: 15958"
"1037045","enum","RequestError.ErrorCodes","15959","public enum RequestError.ErrorCodes // TypeDefIndex: 15959"
"1037053","class","RequestError","15960","public class RequestError // TypeDefIndex: 15960"
"1037117","class","SingleError","15961","public class SingleError // TypeDefIndex: 15961"
"1037189","class","ParameterCollection.","15962","private sealed class ParameterCollection.<GetAllMatches>d__6 : IEnumerable<string>, IEnumerable, IEnumerator<string>, IEnumerator, IDisposable // TypeDefIndex: 15962"
"1037243","class","ParameterCollection","15963","public class ParameterCollection : List<KeyValuePair<string, string>> // TypeDefIndex: 15963"
"1037284","class","ParameterUtils.","15964","private sealed class ParameterUtils.<>c__DisplayClass1_0 // TypeDefIndex: 15964"
"1037300","class","ParameterUtils.","15965","private sealed class ParameterUtils.<>c__DisplayClass2_0 // TypeDefIndex: 15965"
"1037316","class","ParameterUtils.","15966","private sealed class ParameterUtils.<>c__DisplayClass3_0 // TypeDefIndex: 15966"
"1037331","class","ParameterUtils","15967","public static class ParameterUtils // TypeDefIndex: 15967"
"1037355","class","ParameterValidator","15968","public static class ParameterValidator // TypeDefIndex: 15968"
"1037377","class","BaseLogger","15969","public abstract class BaseLogger : ILogger // TypeDefIndex: 15969"
"1037479","class","ConsoleLogger","15970","public sealed class ConsoleLogger : BaseLogger, ILogger // TypeDefIndex: 15970"
"1037508","interface","ILogger","15971","public interface ILogger // TypeDefIndex: 15971"
"1037546","enum","LogLevel","15972","public enum LogLevel // TypeDefIndex: 15972"
"1037559","class","MemoryLogger","15973","public sealed class MemoryLogger : BaseLogger, ILogger // TypeDefIndex: 15973"
"1037590","class","NullLogger","15974","public class NullLogger : ILogger // TypeDefIndex: 15974"
"1037634","interface","IJsonSerializer","15975","public interface IJsonSerializer : ISerializer // TypeDefIndex: 15975"
"1037640","class","JsonExplicitNull.ExplicitNullList","15976","private sealed class JsonExplicitNull.ExplicitNullList<T> : IList<T>, ICollection<T>, IEnumerable<T>, IEnumerable // TypeDefIndex: 15976"
"1037782","class","JsonExplicitNull","15977","public static class JsonExplicitNull // TypeDefIndex: 15977"
"1037797","class","JsonExplicitNullAttribute","15978","public class JsonExplicitNullAttribute : Attribute // TypeDefIndex: 15978"
"1037806","class","RFC3339DateTimeConverter","15979","public class RFC3339DateTimeConverter : JsonConverter // TypeDefIndex: 15979"
"1037830","class","ExplicitNullConverter","15980","public class ExplicitNullConverter : JsonConverter // TypeDefIndex: 15980"
"1037854","class","NewtonsoftJsonContractResolver","15981","public class NewtonsoftJsonContractResolver : DefaultContractResolver // TypeDefIndex: 15981"
"1037874","struct","NewtonsoftJsonSerializer.","15982","private struct NewtonsoftJsonSerializer.<DeserializeAsync>d__15<T> : IAsyncStateMachine // TypeDefIndex: 15982"
"1037912","class","NewtonsoftJsonSerializer","15983","public class NewtonsoftJsonSerializer : IJsonSerializer, ISerializer // TypeDefIndex: 15983"
"1037995","class","BackOffHandler.Initializer.","15984","private sealed class BackOffHandler.Initializer.<>c // TypeDefIndex: 15984"
"1038016","class","BackOffHandler.Initializer","15985","public class BackOffHandler.Initializer // TypeDefIndex: 15985"
"1038079","struct","BackOffHandler.","15986","private struct BackOffHandler.<HandleAsync>d__22 : IAsyncStateMachine // TypeDefIndex: 15986"
"1038103","struct","BackOffHandler.","15987","private struct BackOffHandler.<HandleExceptionAsync>d__21 : IAsyncStateMachine // TypeDefIndex: 15987"
"1038124","struct","BackOffHandler.","15988","private struct BackOffHandler.<HandleResponseAsync>d__20 : IAsyncStateMachine // TypeDefIndex: 15988"
"1038145","struct","BackOffHandler.","15989","private struct BackOffHandler.<Wait>d__23 : IAsyncStateMachine // TypeDefIndex: 15989"
"1038165","class","BackOffHandler","15990","public class BackOffHandler : IHttpUnsuccessfulResponseHandler, IHttpExceptionHandler // TypeDefIndex: 15990"
"1038245","class","ConfigurableHttpClient","15991","public class ConfigurableHttpClient : HttpClient // TypeDefIndex: 15991"
"1038273","enum","ConfigurableMessageHandler.LogEventType","15992","public enum ConfigurableMessageHandler.LogEventType // TypeDefIndex: 15992"
"1038289","struct","ConfigurableMessageHandler.","15993","private struct ConfigurableMessageHandler.<CredentialHandleResponseAsync>d__73 : IAsyncStateMachine // TypeDefIndex: 15993"
"1038310","struct","ConfigurableMessageHandler.","15994","private struct ConfigurableMessageHandler.<CredentialInterceptAsync>d__72 : IAsyncStateMachine // TypeDefIndex: 15994"
"1038332","struct","ConfigurableMessageHandler.","15995","private struct ConfigurableMessageHandler.<LogBody>d__69 : IAsyncStateMachine // TypeDefIndex: 15995"
"1038354","struct","ConfigurableMessageHandler.","15996","private struct ConfigurableMessageHandler.<SendAsync>d__70 : IAsyncStateMachine // TypeDefIndex: 15996"
"1038390","class","ConfigurableMessageHandler","15997","public class ConfigurableMessageHandler : DelegatingHandler // TypeDefIndex: 15997"
"1038588","class","StreamInterceptor","15998","public sealed class StreamInterceptor : MulticastDelegate // TypeDefIndex: 15998"
"1038607","enum","ExponentialBackOffPolicy","15999","public enum ExponentialBackOffPolicy // TypeDefIndex: 15999"
"1038617","class","ExponentialBackOffInitializer","16000","public class ExponentialBackOffInitializer : IConfigurableHttpClientInitializer // TypeDefIndex: 16000"
"1038657","class","HttpClientFactory.","16001","private sealed class HttpClientFactory.<>c // TypeDefIndex: 16001"
"1038676","class","HttpClientFactory","16002","public class HttpClientFactory : IHttpClientFactory // TypeDefIndex: 16002"
"1038714","class","HttpClientFromMessageHandlerFactory.HttpMessageHandlerOptions","16003","public sealed class HttpClientFromMessageHandlerFactory.HttpMessageHandlerOptions // TypeDefIndex: 16003"
"1038749","class","HttpClientFromMessageHandlerFactory.ConfiguredHttpMessageHandler","16004","public sealed class HttpClientFromMessageHandlerFactory.ConfiguredHttpMessageHandler // TypeDefIndex: 16004"
"1038785","class","HttpClientFromMessageHandlerFactory.","16005","private sealed class HttpClientFromMessageHandlerFactory.<>c // TypeDefIndex: 16005"
"1038804","class","HttpClientFromMessageHandlerFactory","16006","public sealed class HttpClientFromMessageHandlerFactory : IHttpClientFactory // TypeDefIndex: 16006"
"1038822","class","HttpConsts","16007","public static class HttpConsts // TypeDefIndex: 16007"
"1038834","class","HttpExtenstions","16008","public static class HttpExtenstions // TypeDefIndex: 16008"
"1038848","interface","IConfigurableHttpClientInitializer","16009","public interface IConfigurableHttpClientInitializer // TypeDefIndex: 16009"
"1038857","class","CreateHttpClientArgs","16010","public class CreateHttpClientArgs // TypeDefIndex: 16010"
"1038914","interface","IHttpClientFactory","16011","public interface IHttpClientFactory // TypeDefIndex: 16011"
"1038923","class","HandleExceptionArgs","16012","public class HandleExceptionArgs // TypeDefIndex: 16012"
"1038995","interface","IHttpExceptionHandler","16013","public interface IHttpExceptionHandler // TypeDefIndex: 16013"
"1039004","interface","IHttpExecuteInterceptor","16014","public interface IHttpExecuteInterceptor // TypeDefIndex: 16014"
"1039013","class","HandleUnsuccessfulResponseArgs","16015","public class HandleUnsuccessfulResponseArgs // TypeDefIndex: 16015"
"1039085","interface","IHttpUnsuccessfulResponseHandler","16016","public interface IHttpUnsuccessfulResponseHandler // TypeDefIndex: 16016"
"1039095","class","MaxUrlLengthInterceptor","16017","public class MaxUrlLengthInterceptor : IHttpExecuteInterceptor // TypeDefIndex: 16017"
"1039111","struct","StreamInterceptionHandler.InterceptingStream.","16018","private struct StreamInterceptionHandler.InterceptingStream.<ReadAsync>d__15 : IAsyncStateMachine // TypeDefIndex: 16018"
"1039134","class","StreamInterceptionHandler.InterceptingStream","16019","private sealed class StreamInterceptionHandler.InterceptingStream : Stream // TypeDefIndex: 16019"
"1039195","class","StreamInterceptionHandler.","16020","private sealed class StreamInterceptionHandler.<>c__DisplayClass2_0 // TypeDefIndex: 16020"
"1039211","struct","StreamInterceptionHandler.","16021","private struct StreamInterceptionHandler.<ReplaceAsync>d__2 : IAsyncStateMachine // TypeDefIndex: 16021"
"1039232","class","StreamInterceptionHandler","16022","internal sealed class StreamInterceptionHandler : DelegatingHandler // TypeDefIndex: 16022"
"1039251","class","TwoWayDelegatingHandler.AccessibleDelegatingHandler","16023","private sealed class TwoWayDelegatingHandler.AccessibleDelegatingHandler : DelegatingHandler // TypeDefIndex: 16023"
"1039263","class","TwoWayDelegatingHandler","16024","internal sealed class TwoWayDelegatingHandler : DelegatingHandler // TypeDefIndex: 16024"
"1039285","class","GzipDeflateHandler.","16025","private sealed class GzipDeflateHandler.<>c // TypeDefIndex: 16025"
"1039307","struct","GzipDeflateHandler.","16026","private struct GzipDeflateHandler.<SendAsync>d__7 : IAsyncStateMachine // TypeDefIndex: 16026"
"1039328","class","GzipDeflateHandler","16027","internal sealed class GzipDeflateHandler : DelegatingHandler // TypeDefIndex: 16027"
"1039358","struct","StreamReplacingHttpContent.","16028","private struct StreamReplacingHttpContent.<CreateContentReadStreamAsync>d__5 : IAsyncStateMachine // TypeDefIndex: 16028"
"1039378","struct","StreamReplacingHttpContent.","16029","private struct StreamReplacingHttpContent.<SerializeToStreamAsync>d__6 : IAsyncStateMachine // TypeDefIndex: 16029"
"1039400","class","StreamReplacingHttpContent","16030","internal sealed class StreamReplacingHttpContent : HttpContent // TypeDefIndex: 16030"
"1039425","enum","DiscoveryVersion","16031","public enum DiscoveryVersion // TypeDefIndex: 16031"
"1039433","enum","Features","16032","public enum Features // TypeDefIndex: 16032"
"1039442","interface","IParameter","16033","public interface IParameter // TypeDefIndex: 16033"
"1039470","class","Parameter","16034","public class Parameter : IParameter // TypeDefIndex: 16034"
"1039552","class","MaxCmpService","16037","public class MaxCmpService // TypeDefIndex: 16037"
"1039585","enum","MaxCmpError.ErrorCode","16038","public enum MaxCmpError.ErrorCode // TypeDefIndex: 16038"
"1039596","class","MaxCmpError","16039","public class MaxCmpError // TypeDefIndex: 16039"
"1039659","class","MaxEvents.AppLovin","16040","public class MaxEvents.AppLovin // TypeDefIndex: 16040"
"1039679","class","MaxEvents","16041","public static class MaxEvents // TypeDefIndex: 16041"
"1039683","class","MaxSdk","16042","public class MaxSdk : MaxSdkAndroid // TypeDefIndex: 16042"
"1039701","class","MaxSdkAndroid.BackgroundCallbackProxy","16043","internal class MaxSdkAndroid.BackgroundCallbackProxy : AndroidJavaProxy // TypeDefIndex: 16043"
"1039713","class","MaxSdkAndroid","16044","public class MaxSdkAndroid : MaxSdkBase // TypeDefIndex: 16044"
"1039963","enum","MaxSdkBase.ConsentFlowUserGeography","16045","public enum MaxSdkBase.ConsentFlowUserGeography // TypeDefIndex: 16045"
"1039973","enum","MaxSdkBase.InitializationStatus","16046","public enum MaxSdkBase.InitializationStatus // TypeDefIndex: 16046"
"1039986","enum","MaxSdkBase.AdViewPosition","16047","public enum MaxSdkBase.AdViewPosition // TypeDefIndex: 16047"
"1040002","class","MaxSdkBase.AdViewConfiguration","16048","public class MaxSdkBase.AdViewConfiguration // TypeDefIndex: 16048"
"1040073","class","MaxSdkBase.SdkConfiguration","16049","public class MaxSdkBase.SdkConfiguration // TypeDefIndex: 16049"
"1040145","struct","MaxSdkBase.Reward","16050","public struct MaxSdkBase.Reward // TypeDefIndex: 16050"
"1040161","enum","MaxSdkBase.ErrorCode","16051","public enum MaxSdkBase.ErrorCode // TypeDefIndex: 16051"
"1040181","enum","MaxSdkBase.MaxAdLoadState","16052","public enum MaxSdkBase.MaxAdLoadState // TypeDefIndex: 16052"
"1040191","class","MaxSdkBase.AdInfo","16053","public class MaxSdkBase.AdInfo // TypeDefIndex: 16053"
"1040330","class","MaxSdkBase.WaterfallInfo.","16054","private sealed class MaxSdkBase.WaterfallInfo.<>c // TypeDefIndex: 16054"
"1040349","class","MaxSdkBase.WaterfallInfo","16055","public class MaxSdkBase.WaterfallInfo // TypeDefIndex: 16055"
"1040411","class","MaxSdkBase.NetworkResponseInfo.","16056","private sealed class MaxSdkBase.NetworkResponseInfo.<>c // TypeDefIndex: 16056"
"1040430","class","MaxSdkBase.NetworkResponseInfo","16057","public class MaxSdkBase.NetworkResponseInfo // TypeDefIndex: 16057"
"1040512","class","MaxSdkBase.MediatedNetworkInfo","16058","public class MaxSdkBase.MediatedNetworkInfo // TypeDefIndex: 16058"
"1040586","class","MaxSdkBase.ErrorInfo","16059","public class MaxSdkBase.ErrorInfo // TypeDefIndex: 16059"
"1040679","class","MaxSdkBase.SafeAreaInsets","16060","public class MaxSdkBase.SafeAreaInsets // TypeDefIndex: 16060"
"1040740","enum","MaxSdkBase.BannerPosition","16061","public enum MaxSdkBase.BannerPosition // TypeDefIndex: 16061"
"1040757","enum","MaxSdkBase.ConsentDialogState","16062","public enum MaxSdkBase.ConsentDialogState // TypeDefIndex: 16062"
"1040767","class","MaxSdkBase","16063","public abstract class MaxSdkBase // TypeDefIndex: 16063"
"1040829","class","AdPositionExtenstion","16064","internal static class AdPositionExtenstion // TypeDefIndex: 16064"
"1040839","class","MaxSdkCallbacks.Interstitial","16065","public static class MaxSdkCallbacks.Interstitial // TypeDefIndex: 16065"
"1040910","class","MaxSdkCallbacks.AppOpen","16066","public static class MaxSdkCallbacks.AppOpen // TypeDefIndex: 16066"
"1040974","class","MaxSdkCallbacks.Rewarded","16067","public static class MaxSdkCallbacks.Rewarded // TypeDefIndex: 16067"
"1041052","class","MaxSdkCallbacks.Banner","16068","public static class MaxSdkCallbacks.Banner // TypeDefIndex: 16068"
"1041109","class","MaxSdkCallbacks.MRec","16069","public static class MaxSdkCallbacks.MRec // TypeDefIndex: 16069"
"1041167","class","MaxSdkCallbacks.","16070","private sealed class MaxSdkCallbacks.<>c__DisplayClass15_0<T> // TypeDefIndex: 16070"
"1041206","class","MaxSdkCallbacks.","16071","private sealed class MaxSdkCallbacks.<>c__DisplayClass16_0<T1, T2> // TypeDefIndex: 16071"
"1041240","class","MaxSdkCallbacks.","16072","private sealed class MaxSdkCallbacks.<>c__DisplayClass17_0<T1, T2, T3> // TypeDefIndex: 16072"
"1041280","class","MaxSdkCallbacks","16073","public static class MaxSdkCallbacks // TypeDefIndex: 16073"
"1041359","class","MaxSdkLogger","16074","public class MaxSdkLogger // TypeDefIndex: 16074"
"1041393","enum","MaxSdkUtils.VersionComparisonResult","16075","public enum MaxSdkUtils.VersionComparisonResult // TypeDefIndex: 16075"
"1041404","class","MaxSdkUtils.","16076","private sealed class MaxSdkUtils.<>c__DisplayClass27_0 // TypeDefIndex: 16076"
"1041422","class","MaxSdkUtils","16077","public static class MaxSdkUtils // TypeDefIndex: 16077"
"1041531","class","MaxSdkiOS.ALUnityBackgroundCallback","16078","private sealed class MaxSdkiOS.ALUnityBackgroundCallback : MulticastDelegate // TypeDefIndex: 16078"
"1041549","class","MaxSdkiOS","16079","public class MaxSdkiOS : MaxSdkBase // TypeDefIndex: 16079"
"1041561","class","MaxSegmentCollection.MaxSegmentCollectionBuilder","16080","public class MaxSegmentCollection.MaxSegmentCollectionBuilder // TypeDefIndex: 16080"
"1041580","class","MaxSegmentCollection","16081","public class MaxSegmentCollection // TypeDefIndex: 16081"
"1041600","class","MaxSegment","16082","public class MaxSegment // TypeDefIndex: 16082"
"1041621","struct","UnitySourceGeneratedAssemblyMonoScriptTypes_v1.MonoScriptData","16083","private struct UnitySourceGeneratedAssemblyMonoScriptTypes_v1.MonoScriptData // TypeDefIndex: 16083"
"1041635","class","UnitySourceGeneratedAssemblyMonoScriptTypes_v1","16084","internal class UnitySourceGeneratedAssemblyMonoScriptTypes_v1 // TypeDefIndex: 16084"
"1041647","enum","Json.Parser.TOKEN","16085","private enum Json.Parser.TOKEN // TypeDefIndex: 16085"
"1041666","class","Json.Parser","16086","private sealed class Json.Parser : IDisposable // TypeDefIndex: 16086"
"1041727","class","Json.Serializer","16087","private sealed class Json.Serializer // TypeDefIndex: 16087"
"1041759","class","Json","16088","public static class Json // TypeDefIndex: 16088"
"1041771","struct","MaxEventExecutor.MaxAction","16089","private struct MaxEventExecutor.MaxAction // TypeDefIndex: 16089"
"1041785","class","MaxEventExecutor.","16090","private sealed class MaxEventExecutor.<>c__DisplayClass6_0 // TypeDefIndex: 16090"
"1041800","class","MaxEventExecutor","16091","public class MaxEventExecutor : MonoBehaviour // TypeDefIndex: 16091"
"1041832","enum","WebRequestType","16092","public enum WebRequestType // TypeDefIndex: 16092"
"1041841","class","WebRequestConfig","16093","public class WebRequestConfig // TypeDefIndex: 16093"
"1041953","class","WebResponse","16094","public class WebResponse // TypeDefIndex: 16094"
"1041989","class","MaxWebRequest.","16095","private sealed class MaxWebRequest.<>c // TypeDefIndex: 16095"
"1042013","class","MaxWebRequest.","16096","private sealed class MaxWebRequest.<>c__DisplayClass5_0 // TypeDefIndex: 16096"
"1042029","class","MaxWebRequest.","16097","private sealed class MaxWebRequest.<>c__DisplayClass6_0 // TypeDefIndex: 16097"
"1042045","class","MaxWebRequest.","16098","private sealed class MaxWebRequest.<Send>d__5 : IEnumerator<object>, IEnumerator, IDisposable // TypeDefIndex: 16098"
"1042085","class","MaxWebRequest.","16099","private sealed class MaxWebRequest.<SendInternal>d__8 : IEnumerator<object>, IEnumerator, IDisposable // TypeDefIndex: 16099"
"1042133","class","MaxWebRequest","16100","public class MaxWebRequest // TypeDefIndex: 16100"
"1042169","class","MaxWebRequestExtension.","16101","private sealed class MaxWebRequestExtension.<SendAndWait>d__0 : IEnumerator<object>, IEnumerator, IDisposable // TypeDefIndex: 16101"
"1042208","class","MaxWebRequestExtension","16102","public static class MaxWebRequestExtension // TypeDefIndex: 16102"
"1042250","class","EmbeddedAttribute","16107","internal sealed class EmbeddedAttribute : Attribute // TypeDefIndex: 16107"
"1042261","class","IsUnmanagedAttribute","16108","internal sealed class IsUnmanagedAttribute : Attribute // TypeDefIndex: 16108"
"1042270","class","EarlyInitHelpers.EarlyInitFunction","16109","public sealed class EarlyInitHelpers.EarlyInitFunction : MulticastDelegate // TypeDefIndex: 16109"
"1042282","class","EarlyInitHelpers","16110","public class EarlyInitHelpers // TypeDefIndex: 16110"
"1042301","interface","IJobParallelForBatch","16111","public interface IJobParallelForBatch // TypeDefIndex: 16111"
"1042310","class","IJobParallelForBatchExtensions.JobParallelForBatchProducer.ExecuteJobFunction","16112","internal sealed class IJobParallelForBatchExtensions.JobParallelForBatchProducer.ExecuteJobFunction<T> : MulticastDelegate // TypeDefIndex: 16112"
"1042416","struct","IJobParallelForBatchExtensions.JobParallelForBatchProducer","16113","internal struct IJobParallelForBatchExtensions.JobParallelForBatchProducer<T> // TypeDefIndex: 16113"
"1042577","class","IJobParallelForBatchExtensions","16114","public static class IJobParallelForBatchExtensions // TypeDefIndex: 16114"
"1042786","class","DOTSCompilerGeneratedAttribute","16115","internal class DOTSCompilerGeneratedAttribute : Attribute // TypeDefIndex: 16115"
"1042796","class","AllocatorManager.TryFunction","16116","public sealed class AllocatorManager.TryFunction : MulticastDelegate // TypeDefIndex: 16116"
"1042808","struct","AllocatorManager.AllocatorHandle","16117","public struct AllocatorManager.AllocatorHandle : AllocatorManager.IAllocator, IDisposable, IEquatable<AllocatorManager.AllocatorHandle>, IComparable<AllocatorManager.AllocatorHandle> // TypeDefIndex: 16117"
"1042860","struct","AllocatorManager.Range","16118","public struct AllocatorManager.Range : IDisposable // TypeDefIndex: 16118"
"1042874","struct","AllocatorManager.Block","16119","public struct AllocatorManager.Block : IDisposable // TypeDefIndex: 16119"
"1042912","interface","AllocatorManager.IAllocator","16120","public interface AllocatorManager.IAllocator : IDisposable // TypeDefIndex: 16120"
"1042927","struct","AllocatorManager.TableEntry","16121","internal struct AllocatorManager.TableEntry // TypeDefIndex: 16121"
"1042935","struct","AllocatorManager.Array16","16122","internal struct AllocatorManager.Array16<T> // TypeDefIndex: 16122"
"1042957","struct","AllocatorManager.Array256","16123","internal struct AllocatorManager.Array256<T> // TypeDefIndex: 16123"
"1042979","struct","AllocatorManager.Array4096","16124","internal struct AllocatorManager.Array4096<T> // TypeDefIndex: 16124"
"1043001","struct","AllocatorManager.Array32768","16125","internal struct AllocatorManager.Array32768<T> : IIndexable<T> // TypeDefIndex: 16125"
"1043042","class","AllocatorManager.SharedStatics.TableEntry","16126","internal sealed class AllocatorManager.SharedStatics.TableEntry // TypeDefIndex: 16126"
"1043054","class","AllocatorManager.SharedStatics","16127","internal sealed class AllocatorManager.SharedStatics // TypeDefIndex: 16127"
"1043058","class","AllocatorManager.Managed","16128","internal static class AllocatorManager.Managed // TypeDefIndex: 16128"
"1043071","class","AllocatorManager","16129","public static class AllocatorManager // TypeDefIndex: 16129"
"1043757","struct","CollectionHelper.DummyJob","16130","public struct CollectionHelper.DummyJob : IJob // TypeDefIndex: 16130"
"1043767","class","CollectionHelper","16131","public static class CollectionHelper // TypeDefIndex: 16131"
"1043792","struct","FixedList","16132","internal struct FixedList // TypeDefIndex: 16132"
"1043838","struct","FixedList32Bytes","16133","public struct FixedList32Bytes<T> : INativeList<T>, IIndexable<T>, IEnumerable<T>, IEnumerable, IEquatable<FixedList32Bytes<T>>, IComparable<FixedList32Bytes<T>>, IEquatable<FixedList64Bytes<T>>, IComparable<FixedList64Bytes<T>>, IEquatable<FixedList128Bytes<T>>, IComparable<FixedList128Bytes<T>>, IEquatable<FixedList512Bytes<T>>, IComparable<FixedList512Bytes<T>>, IEquatable<FixedList4096Bytes<T>>, IComparable<FixedList4096Bytes<T>> // TypeDefIndex: 16133"
"1044154","class","FixedList32BytesDebugView","16134","internal sealed class FixedList32BytesDebugView<T> // TypeDefIndex: 16134"
"1044162","struct","FixedList64Bytes","16135","public struct FixedList64Bytes<T> : INativeList<T>, IIndexable<T>, IEnumerable<T>, IEnumerable, IEquatable<FixedList32Bytes<T>>, IComparable<FixedList32Bytes<T>>, IEquatable<FixedList64Bytes<T>>, IComparable<FixedList64Bytes<T>>, IEquatable<FixedList128Bytes<T>>, IComparable<FixedList128Bytes<T>>, IEquatable<FixedList512Bytes<T>>, IComparable<FixedList512Bytes<T>>, IEquatable<FixedList4096Bytes<T>>, IComparable<FixedList4096Bytes<T>> // TypeDefIndex: 16135"
"1044441","class","FixedList64BytesDebugView","16136","internal sealed class FixedList64BytesDebugView<T> // TypeDefIndex: 16136"
"1044449","struct","FixedList128Bytes","16137","public struct FixedList128Bytes<T> : INativeList<T>, IIndexable<T>, IEnumerable<T>, IEnumerable, IEquatable<FixedList32Bytes<T>>, IComparable<FixedList32Bytes<T>>, IEquatable<FixedList64Bytes<T>>, IComparable<FixedList64Bytes<T>>, IEquatable<FixedList128Bytes<T>>, IComparable<FixedList128Bytes<T>>, IEquatable<FixedList512Bytes<T>>, IComparable<FixedList512Bytes<T>>, IEquatable<FixedList4096Bytes<T>>, IComparable<FixedList4096Bytes<T>> // TypeDefIndex: 16137"
"1044728","class","FixedList128BytesDebugView","16138","internal sealed class FixedList128BytesDebugView<T> // TypeDefIndex: 16138"
"1044736","struct","FixedList512Bytes","16139","public struct FixedList512Bytes<T> : INativeList<T>, IIndexable<T>, IEnumerable<T>, IEnumerable, IEquatable<FixedList32Bytes<T>>, IComparable<FixedList32Bytes<T>>, IEquatable<FixedList64Bytes<T>>, IComparable<FixedList64Bytes<T>>, IEquatable<FixedList128Bytes<T>>, IComparable<FixedList128Bytes<T>>, IEquatable<FixedList512Bytes<T>>, IComparable<FixedList512Bytes<T>>, IEquatable<FixedList4096Bytes<T>>, IComparable<FixedList4096Bytes<T>> // TypeDefIndex: 16139"
"1045015","class","FixedList512BytesDebugView","16140","internal sealed class FixedList512BytesDebugView<T> // TypeDefIndex: 16140"
"1045023","struct","FixedList4096Bytes","16141","public struct FixedList4096Bytes<T> : INativeList<T>, IIndexable<T>, IEnumerable<T>, IEnumerable, IEquatable<FixedList32Bytes<T>>, IComparable<FixedList32Bytes<T>>, IEquatable<FixedList64Bytes<T>>, IComparable<FixedList64Bytes<T>>, IEquatable<FixedList128Bytes<T>>, IComparable<FixedList128Bytes<T>>, IEquatable<FixedList512Bytes<T>>, IComparable<FixedList512Bytes<T>>, IEquatable<FixedList4096Bytes<T>>, IComparable<FixedList4096Bytes<T>> // TypeDefIndex: 16141"
"1045302","class","FixedList4096BytesDebugView","16142","internal sealed class FixedList4096BytesDebugView<T> // TypeDefIndex: 16142"
"1045308","struct","FixedBytes16Align8","16143","internal struct FixedBytes16Align8 // TypeDefIndex: 16143"
"1045320","struct","FixedBytes32Align8","16144","internal struct FixedBytes32Align8 // TypeDefIndex: 16144"
"1045332","struct","FixedBytes64Align8","16145","internal struct FixedBytes64Align8 // TypeDefIndex: 16145"
"1045348","struct","FixedBytes128Align8","16146","internal struct FixedBytes128Align8 // TypeDefIndex: 16146"
"1045372","struct","FixedBytes512Align8","16147","internal struct FixedBytes512Align8 // TypeDefIndex: 16147"
"1045444","struct","FixedBytes4096Align8","16148","internal struct FixedBytes4096Align8 // TypeDefIndex: 16148"
"1045967","class","FixedStringMethods","16149","public static class FixedStringMethods // TypeDefIndex: 16149"
"1045986","interface","IUTF8Bytes","16150","public interface IUTF8Bytes // TypeDefIndex: 16150"
"1045996","class","GenerateTestsForBurstCompatibilityAttribute","16151","public class GenerateTestsForBurstCompatibilityAttribute : Attribute // TypeDefIndex: 16151"
"1046018","class","ExcludeFromBurstCompatTestingAttribute","16152","public class ExcludeFromBurstCompatTestingAttribute : Attribute // TypeDefIndex: 16152"
"1046039","struct","Memory.Unmanaged.Array","16153","internal struct Memory.Unmanaged.Array // TypeDefIndex: 16153"
"1046103","struct","Memory.Unmanaged","16154","internal struct Memory.Unmanaged // TypeDefIndex: 16154"
"1046164","struct","Memory","16155","internal struct Memory // TypeDefIndex: 16155"
"1046170","class","NativeArrayExtensions","16156","public static class NativeArrayExtensions // TypeDefIndex: 16156"
"1046216","struct","NativeBitArrayDispose","16157","internal struct NativeBitArrayDispose // TypeDefIndex: 16157"
"1046231","struct","NativeBitArrayDisposeJob","16158","internal struct NativeBitArrayDisposeJob : IJob // TypeDefIndex: 16158"
"1046245","struct","NativeHashMapDispose","16159","internal struct NativeHashMapDispose // TypeDefIndex: 16159"
"1046260","struct","NativeHashMapDisposeJob","16160","internal struct NativeHashMapDisposeJob : IJob // TypeDefIndex: 16160"
"1046274","struct","KVPair","16161","public struct KVPair<TKey, TValue> // TypeDefIndex: 16161"
"1046287","struct","NativeHashMap","16162","public struct NativeHashMap<TKey, TValue> : IDisposable, IEnumerable<KVPair<TKey, TValue>>, IEnumerable // TypeDefIndex: 16162"
"1046413","class","NativeHashMapDebuggerTypeProxy","16163","internal sealed class NativeHashMapDebuggerTypeProxy<TKey, TValue> // TypeDefIndex: 16163"
"1046420","struct","NativeHashSet.ReadOnly","16164","public struct NativeHashSet.ReadOnly<T> : IEnumerable<T>, IEnumerable // TypeDefIndex: 16164"
"1046478","struct","NativeHashSet","16165","public struct NativeHashSet<T> : IDisposable, IEnumerable<T>, IEnumerable // TypeDefIndex: 16165"
"1046582","class","NativeHashSetDebuggerTypeProxy","16166","internal sealed class NativeHashSetDebuggerTypeProxy<T> // TypeDefIndex: 16166"
"1046586","interface","IIndexable","16167","public interface IIndexable<T> // TypeDefIndex: 16167"
"1046605","interface","INativeList","16168","public interface INativeList<T> : IIndexable<T> // TypeDefIndex: 16168"
"1046612","struct","NativeList.ParallelWriter","16169","public struct NativeList.ParallelWriter<T> // TypeDefIndex: 16169"
"1046859","struct","NativeList","16170","public struct NativeList<T> : IDisposable, INativeList<T>, IIndexable<T>, IEnumerable<T>, IEnumerable // TypeDefIndex: 16170"
"1050247","struct","NativeListDispose","16171","internal struct NativeListDispose // TypeDefIndex: 16171"
"1050262","struct","NativeListDisposeJob","16172","internal struct NativeListDisposeJob : IJob // TypeDefIndex: 16172"
"1050274","class","NativeListDebugView","16173","internal sealed class NativeListDebugView<T> // TypeDefIndex: 16173"
"1050280","class","NativeListExtensions","16174","public static class NativeListExtensions // TypeDefIndex: 16174"
"1050305","struct","NativeParallelHashMap.ReadOnly","16175","public struct NativeParallelHashMap.ReadOnly<TKey, TValue> : IEnumerable<KeyValue<TKey, TValue>>, IEnumerable // TypeDefIndex: 16175"
"1050480","struct","NativeParallelHashMap.ParallelWriter","16176","public struct NativeParallelHashMap.ParallelWriter<TKey, TValue> // TypeDefIndex: 16176"
"1050523","struct","NativeParallelHashMap.Enumerator","16177","public struct NativeParallelHashMap.Enumerator<TKey, TValue> : IEnumerator<KeyValue<TKey, TValue>>, IEnumerator, IDisposable // TypeDefIndex: 16177"
"1050701","struct","NativeParallelHashMap","16178","public struct NativeParallelHashMap<TKey, TValue> : IDisposable, IEnumerable<KeyValue<TKey, TValue>>, IEnumerable // TypeDefIndex: 16178"
"1051293","class","NativeParallelHashMapDebuggerTypeProxy","16179","internal sealed class NativeParallelHashMapDebuggerTypeProxy<TKey, TValue> // TypeDefIndex: 16179"
"1051298","struct","NativeParallelMultiHashMapIterator","16180","public struct NativeParallelMultiHashMapIterator<TKey> // TypeDefIndex: 16180"
"1051310","struct","NativeParallelMultiHashMap","16181","public struct NativeParallelMultiHashMap<TKey, TValue> : IDisposable, IEnumerable<KeyValue<TKey, TValue>>, IEnumerable // TypeDefIndex: 16181"
"1051445","class","NativeParallelMultiHashMapDebuggerTypeProxy","16182","internal sealed class NativeParallelMultiHashMapDebuggerTypeProxy<TKey, TValue> // TypeDefIndex: 16182"
"1051451","struct","NativeQueue","16183","public struct NativeQueue<T> : IDisposable // TypeDefIndex: 16183"
"1051580","struct","NativeQueueDispose","16184","internal struct NativeQueueDispose // TypeDefIndex: 16184"
"1051594","struct","NativeQueueDisposeJob","16185","internal struct NativeQueueDisposeJob : IJob // TypeDefIndex: 16185"
"1051607","struct","NativeReferenceDispose","16186","internal struct NativeReferenceDispose // TypeDefIndex: 16186"
"1051622","struct","NativeReferenceDisposeJob","16187","internal struct NativeReferenceDisposeJob : IJob // TypeDefIndex: 16187"
"1051636","struct","NativeRingQueueDispose","16188","internal struct NativeRingQueueDispose // TypeDefIndex: 16188"
"1051650","struct","NativeRingQueueDisposeJob","16189","internal struct NativeRingQueueDisposeJob : IJob // TypeDefIndex: 16189"
"1051663","struct","NativeSortExtension.DefaultComparer","16190","public struct NativeSortExtension.DefaultComparer<T> : IComparer<T> // TypeDefIndex: 16190"
"1051688","class","NativeSortExtension","16191","public static class NativeSortExtension // TypeDefIndex: 16191"
"1051904","struct","SortJob.SegmentSort","16192","public struct SortJob.SegmentSort<T, U> : IJobParallelFor // TypeDefIndex: 16192"
"1051929","struct","SortJob.SegmentSortMerge","16193","public struct SortJob.SegmentSortMerge<T, U> : IJob // TypeDefIndex: 16193"
"1051954","struct","SortJob","16194","public struct SortJob<T, U> // TypeDefIndex: 16194"
"1051977","struct","NativeStream.ConstructJobList","16195","private struct NativeStream.ConstructJobList : IJob // TypeDefIndex: 16195"
"1051993","struct","NativeStream.ConstructJob","16196","private struct NativeStream.ConstructJob : IJob // TypeDefIndex: 16196"
"1052009","struct","NativeStream","16197","public struct NativeStream : IDisposable // TypeDefIndex: 16197"
"1052033","struct","NativeStreamDispose","16198","internal struct NativeStreamDispose // TypeDefIndex: 16198"
"1052046","struct","NativeStreamDisposeJob","16199","internal struct NativeStreamDisposeJob : IJob // TypeDefIndex: 16199"
"1052060","struct","NativeTextDispose","16200","internal struct NativeTextDispose // TypeDefIndex: 16200"
"1052074","struct","NativeTextDisposeJob","16201","internal struct NativeTextDisposeJob : IJob // TypeDefIndex: 16201"
"1052086","enum","ConversionError","16202","public enum ConversionError // TypeDefIndex: 16202"
"1052098","struct","Unicode.Rune","16203","public struct Unicode.Rune // TypeDefIndex: 16203"
"1052115","struct","Unicode","16204","public struct Unicode // TypeDefIndex: 16204"
"1052142","struct","UnsafeQueueBlockHeader","16205","internal struct UnsafeQueueBlockHeader // TypeDefIndex: 16205"
"1052151","struct","UnsafeQueueData","16206","internal struct UnsafeQueueData // TypeDefIndex: 16206"
"1052210","struct","UnsafeQueue","16207","public struct UnsafeQueue<T> : IDisposable // TypeDefIndex: 16207"
"1052398","struct","UnsafeQueueDispose","16208","internal struct UnsafeQueueDispose // TypeDefIndex: 16208"
"1052413","struct","UnsafeQueueDisposeJob","16209","internal struct UnsafeQueueDisposeJob : IJob // TypeDefIndex: 16209"
"1052427","class","NativeListUnsafeUtility","16210","public static class NativeListUnsafeUtility // TypeDefIndex: 16210"
"1052490","struct","UnsafeAtomicCounter32","16211","public struct UnsafeAtomicCounter32 // TypeDefIndex: 16211"
"1052508","struct","UnsafeBitArray","16212","public struct UnsafeBitArray : IDisposable // TypeDefIndex: 16212"
"1052534","class","UnsafeBitArrayDebugView","16213","internal sealed class UnsafeBitArrayDebugView // TypeDefIndex: 16213"
"1052539","struct","HashMapHelper","16214","internal struct HashMapHelper<TKey> // TypeDefIndex: 16214"
"1052736","struct","UnsafeHashMap","16215","public struct UnsafeHashMap<TKey, TValue> : IDisposable, IEnumerable<KVPair<TKey, TValue>>, IEnumerable // TypeDefIndex: 16215"
"1052794","class","UnsafeHashMapDebuggerTypeProxy","16216","internal sealed class UnsafeHashMapDebuggerTypeProxy<TKey, TValue> // TypeDefIndex: 16216"
"1052799","struct","UnsafeDisposeJob","16217","internal struct UnsafeDisposeJob : IJob // TypeDefIndex: 16217"
"1052813","struct","UntypedUnsafeList","16218","internal struct UntypedUnsafeList // TypeDefIndex: 16218"
"1052829","struct","UnsafeList","16219","public struct UnsafeList<T> : IDisposable, INativeList<T>, IIndexable<T>, IEnumerable<T>, IEnumerable // TypeDefIndex: 16219"
"1055897","class","UnsafeListTDebugView","16220","internal sealed class UnsafeListTDebugView<T> // TypeDefIndex: 16220"
"1055902","struct","UnsafeParallelHashMapData","16221","internal struct UnsafeParallelHashMapData // TypeDefIndex: 16221"
"1056051","struct","UnsafeParallelHashMapDataDispose","16222","internal struct UnsafeParallelHashMapDataDispose // TypeDefIndex: 16222"
"1056066","struct","UnsafeParallelHashMapDataDisposeJob","16223","internal struct UnsafeParallelHashMapDataDisposeJob : IJob // TypeDefIndex: 16223"
"1056079","struct","UnsafeParallelHashMapBase","16224","internal struct UnsafeParallelHashMapBase<TKey, TValue> // TypeDefIndex: 16224"
"1056437","struct","KeyValue","16225","public struct KeyValue<TKey, TValue> // TypeDefIndex: 16225"
"1056522","struct","UnsafeParallelHashMapDataEnumerator","16226","internal struct UnsafeParallelHashMapDataEnumerator // TypeDefIndex: 16226"
"1056577","struct","UnsafeParallelHashMap.ParallelWriter","16227","public struct UnsafeParallelHashMap.ParallelWriter<TKey, TValue> // TypeDefIndex: 16227"
"1056625","struct","UnsafeParallelHashMap","16228","public struct UnsafeParallelHashMap<TKey, TValue> : IDisposable, IEnumerable<KeyValue<TKey, TValue>>, IEnumerable // TypeDefIndex: 16228"
"1057093","struct","UnsafeParallelHashMapDisposeJob","16229","internal struct UnsafeParallelHashMapDisposeJob : IJob // TypeDefIndex: 16229"
"1057107","class","UnsafeParallelHashMapDebuggerTypeProxy","16230","internal sealed class UnsafeParallelHashMapDebuggerTypeProxy<TKey, TValue> // TypeDefIndex: 16230"
"1057113","struct","UnsafeParallelMultiHashMap","16231","public struct UnsafeParallelMultiHashMap<TKey, TValue> : IDisposable, IEnumerable<KeyValue<TKey, TValue>>, IEnumerable // TypeDefIndex: 16231"
"1057251","class","UnsafeParallelMultiHashMapDebuggerTypeProxy","16232","internal sealed class UnsafeParallelMultiHashMapDebuggerTypeProxy<TKey, TValue> // TypeDefIndex: 16232"
"1057258","struct","UnsafeRingQueue","16233","public struct UnsafeRingQueue<T> : IDisposable // TypeDefIndex: 16233"
"1057310","class","UnsafeRingQueueDebugView","16234","internal sealed class UnsafeRingQueueDebugView<T> // TypeDefIndex: 16234"
"1057316","struct","UnsafeStreamBlock.","16235","public struct UnsafeStreamBlock.<Data>e__FixedBuffer // TypeDefIndex: 16235"
"1057324","struct","UnsafeStreamBlock","16236","internal struct UnsafeStreamBlock // TypeDefIndex: 16236"
"1057334","struct","UnsafeStreamRange","16237","internal struct UnsafeStreamRange // TypeDefIndex: 16237"
"1057346","struct","UnsafeStreamBlockData","16238","internal struct UnsafeStreamBlockData // TypeDefIndex: 16238"
"1057363","struct","UnsafeStream.DisposeJob","16239","private struct UnsafeStream.DisposeJob : IJob // TypeDefIndex: 16239"
"1057376","struct","UnsafeStream.ConstructJobList","16240","private struct UnsafeStream.ConstructJobList : IJob // TypeDefIndex: 16240"
"1057392","struct","UnsafeStream.ConstructJob","16241","private struct UnsafeStream.ConstructJob : IJob // TypeDefIndex: 16241"
"1057407","struct","UnsafeStream","16242","public struct UnsafeStream : IDisposable // TypeDefIndex: 16242"
"1057434","class","UnsafeTextExtensions","16243","internal static class UnsafeTextExtensions // TypeDefIndex: 16243"
"1057451","struct","UnsafeText","16244","public struct UnsafeText : IDisposable, IUTF8Bytes, INativeList<byte>, IIndexable<byte> // TypeDefIndex: 16244"
"1057486","class","__JobReflectionRegistrationOutput__1652832624114795843","16245","internal class __JobReflectionRegistrationOutput__1652832624114795843 // TypeDefIndex: 16245"
"1057499","class","$BurstDirectCallInitializer","16246","internal static class $BurstDirectCallInitializer // TypeDefIndex: 16246"
"1057513","struct","UnitySourceGeneratedAssemblyMonoScriptTypes_v1.MonoScriptData","16248","private struct UnitySourceGeneratedAssemblyMonoScriptTypes_v1.MonoScriptData // TypeDefIndex: 16248"
"1057527","class","UnitySourceGeneratedAssemblyMonoScriptTypes_v1","16249","internal class UnitySourceGeneratedAssemblyMonoScriptTypes_v1 // TypeDefIndex: 16249"
"1057540","class","CanvasExtensions","16250","internal static class CanvasExtensions // TypeDefIndex: 16250"
"1057575","class","Color32Extensions","16251","internal static class Color32Extensions // TypeDefIndex: 16251"
"1057606","class","ComponentExtensions","16252","internal static class ComponentExtensions // TypeDefIndex: 16252"
"1057685","class","GraphicExtensions","16253","internal static class GraphicExtensions // TypeDefIndex: 16253"
"1057722","class","ListExtensions","16254","internal static class ListExtensions // TypeDefIndex: 16254"
"1057742","class","MeshExtensions.","16255","private sealed class MeshExtensions.<>c // TypeDefIndex: 16255"
"1057767","class","MeshExtensions","16256","internal static class MeshExtensions // TypeDefIndex: 16256"
"1057798","class","SpriteExtensions","16257","internal static class SpriteExtensions // TypeDefIndex: 16257"
"1057809","class","TransformExtensions","16258","internal static class TransformExtensions // TypeDefIndex: 16258"
"1057846","class","Vector3Extensions","16259","internal static class Vector3Extensions // TypeDefIndex: 16259"
"1057876","class","PreloadedProjectSettings","16260","public abstract class PreloadedProjectSettings : ScriptableObject // TypeDefIndex: 16260"
"1057885","class","PreloadedProjectSettings","16261","public abstract class PreloadedProjectSettings<T> : PreloadedProjectSettings // TypeDefIndex: 16261"
"1057931","class","FastActionBase.","16262","private sealed class FastActionBase.<>c<T> // TypeDefIndex: 16262"
"1057995","class","FastActionBase","16263","internal class FastActionBase<T> // TypeDefIndex: 16263"
"1058073","class","FastAction.","16264","private sealed class FastAction.<>c // TypeDefIndex: 16264"
"1058092","class","FastAction","16265","internal class FastAction : FastActionBase<Action> // TypeDefIndex: 16265"
"1058104","interface","FrameCache.IFrameCache","16266","private interface FrameCache.IFrameCache // TypeDefIndex: 16266"
"1058113","class","FrameCache.FrameCacheContainer","16267","private class FrameCache.FrameCacheContainer<T> : FrameCache.IFrameCache // TypeDefIndex: 16267"
"1058178","class","FrameCache","16268","internal static class FrameCache // TypeDefIndex: 16268"
"1058263","class","GraphicDuplicator","16269","internal static class GraphicDuplicator // TypeDefIndex: 16269"
"1058278","class","Logging","16270","internal static class Logging // TypeDefIndex: 16270"
"1058324","class","MaterialRepository.","16271","private sealed class MaterialRepository.<>c // TypeDefIndex: 16271"
"1058348","class","MaterialRepository","16272","internal static class MaterialRepository // TypeDefIndex: 16272"
"1058393","struct","MinMax01","16273","public struct MinMax01 // TypeDefIndex: 16273"
"1058431","class","Misc","16274","internal static class Misc // TypeDefIndex: 16274"
"1058459","class","InternalObjectPool","16275","internal class InternalObjectPool<T> // TypeDefIndex: 16275"
"1058493","class","InternalListPool","16276","internal static class InternalListPool<T> // TypeDefIndex: 16276"
"1058545","class","ObjectRepository.Entry","16277","private class ObjectRepository.Entry<T> // TypeDefIndex: 16277"
"1058582","class","ObjectRepository.","16278","private sealed class ObjectRepository.<>c<T> // TypeDefIndex: 16278"
"1058616","class","ObjectRepository","16279","internal class ObjectRepository<T> // TypeDefIndex: 16279"
"1058726","class","PowerRangeAttribute","16280","public sealed class PowerRangeAttribute : PropertyAttribute // TypeDefIndex: 16280"
"1058740","class","RenderTextureRepository","16281","internal static class RenderTextureRepository // TypeDefIndex: 16281"
"1058790","class","ShaderVariantRegistry.StringPair","16282","internal class ShaderVariantRegistry.StringPair : IEquatable<ShaderVariantRegistry.StringPair> // TypeDefIndex: 16282"
"1058813","class","ShaderVariantRegistry","16283","public class ShaderVariantRegistry // TypeDefIndex: 16283"
"1058838","enum","TransformSensitivity","16284","public enum TransformSensitivity // TypeDefIndex: 16284"
"1058849","class","TransformExtensionsForTransformSensitivity","16285","internal static class TransformExtensionsForTransformSensitivity // TypeDefIndex: 16285"
"1058876","class","UIExtraCallbacks","16286","internal static class UIExtraCallbacks // TypeDefIndex: 16286"
"1058933","class","AlphaHitTestTarget","16287","public class AlphaHitTestTarget : MonoBehaviour, ICanvasRaycastFilter // TypeDefIndex: 16287"
"1058960","enum","MaskingShape.MaskingMethod","16288","public enum MaskingShape.MaskingMethod // TypeDefIndex: 16288"
"1058972","class","MaskingShape","16289","public class MaskingShape : UIBehaviour, IMeshModifier, IMaterialModifier, IComparable<MaskingShape>, IMaskable // TypeDefIndex: 16289"
"1059132","interface","IMaskingShapeContainerOwner","16290","public interface IMaskingShapeContainerOwner // TypeDefIndex: 16290"
"1059143","class","MaskingShapeContainer.","16291","private sealed class MaskingShapeContainer.<>c // TypeDefIndex: 16291"
"1059165","class","MaskingShapeContainer","16292","public class MaskingShapeContainer : MonoBehaviour, ICanvasRaycastFilter, IMaterialModifier // TypeDefIndex: 16292"
"1059227","class","TerminalMaskingShape","16293","public class TerminalMaskingShape : MaskableGraphic, ILayoutElement, ILayoutIgnorer, IMaskable // TypeDefIndex: 16293"
"1059310","class","UISoftMaskProjectSettings.","16294","private sealed class UISoftMaskProjectSettings.<>c // TypeDefIndex: 16294"
"1059329","class","UISoftMaskProjectSettings","16295","public class UISoftMaskProjectSettings : PreloadedProjectSettings<UISoftMaskProjectSettings> // TypeDefIndex: 16295"
"1059407","enum","RectTransformFitter.RectTransformProperties","16296","public enum RectTransformFitter.RectTransformProperties // TypeDefIndex: 16296"
"1059430","class","RectTransformFitter","16297","public sealed class RectTransformFitter : MonoBehaviour, ILayoutElement, ILayoutIgnorer // TypeDefIndex: 16297"
"1059519","enum","SoftMask.DownSamplingRate","16298","public enum SoftMask.DownSamplingRate // TypeDefIndex: 16298"
"1059531","enum","SoftMask.MaskingMode","16299","public enum SoftMask.MaskingMode // TypeDefIndex: 16299"
"1059543","class","SoftMask.","16300","private sealed class SoftMask.<>c // TypeDefIndex: 16300"
"1059568","class","SoftMask","16301","public class SoftMask : Mask, IMeshModifier, IMaskable, IMaskingShapeContainerOwner, ISerializationCallbackReceiver // TypeDefIndex: 16301"
"1059842","class","SoftMaskable.","16302","private sealed class SoftMaskable.<>c // TypeDefIndex: 16302"
"1059863","class","SoftMaskable","16303","public class SoftMaskable : MonoBehaviour, IMaterialModifier, IMaskable // TypeDefIndex: 16303"
"1059971","class","SoftMaskableShaderGraphSupportFeature","16304","public class SoftMaskableShaderGraphSupportFeature : ScriptableRendererFeature // TypeDefIndex: 16304"
"1059989","class","CanvasViewChangeTrigger","16305","public class CanvasViewChangeTrigger : MonoBehaviour // TypeDefIndex: 16305"
"1060031","class","SoftMaskUtils.","16306","private sealed class SoftMaskUtils.<>c // TypeDefIndex: 16306"
"1060072","class","SoftMaskUtils","16307","internal static class SoftMaskUtils // TypeDefIndex: 16307"
"1060122","class","Utils","16308","internal static class Utils // TypeDefIndex: 16308"
"1060167","enum","DependencyStatus","16313","public enum DependencyStatus // TypeDefIndex: 16313"
"1060182","class","FirebaseException","16314","public sealed class FirebaseException : Exception // TypeDefIndex: 16314"
"1060203","class","InitializationException","16315","public sealed class InitializationException : Exception // TypeDefIndex: 16315"
"1060231","class","ErrorMessages","16316","internal class ErrorMessages // TypeDefIndex: 16316"
"1060258","class","LogUtil.LogMessageDelegate","16317","internal sealed class LogUtil.LogMessageDelegate : MulticastDelegate // TypeDefIndex: 16317"
"1060270","class","LogUtil","16318","internal sealed class LogUtil : IDisposable // TypeDefIndex: 16318"
"1060314","class","MonoPInvokeCallbackAttribute","16319","internal sealed class MonoPInvokeCallbackAttribute : Attribute // TypeDefIndex: 16319"
"1060323","enum","FutureStatus","16320","internal enum FutureStatus // TypeDefIndex: 16320"
"1060333","class","FutureBase","16321","internal class FutureBase : IDisposable // TypeDefIndex: 16321"
"1060364","class","StringStringMap.StringStringMapEnumerator","16322","public sealed class StringStringMap.StringStringMapEnumerator : IEnumerator, IEnumerator<KeyValuePair<string, string>>, IDisposable // TypeDefIndex: 16322"
"1060400","class","StringStringMap","16323","internal class StringStringMap : IDisposable, IDictionary<string, string>, ICollection<KeyValuePair<string, string>>, IEnumerable<KeyValuePair<string, string>>, IEnumerable // TypeDefIndex: 16323"
"1060507","class","StringList.StringListEnumerator","16324","public sealed class StringList.StringListEnumerator : IEnumerator, IEnumerator<string>, IDisposable // TypeDefIndex: 16324"
"1060542","class","StringList","16325","internal class StringList : IDisposable, IEnumerable, IList<string>, ICollection<string>, IEnumerable<string> // TypeDefIndex: 16325"
"1060632","class","CharVector.CharVectorEnumerator","16326","public sealed class CharVector.CharVectorEnumerator : IEnumerator, IEnumerator<byte>, IDisposable // TypeDefIndex: 16326"
"1060667","class","CharVector","16327","internal class CharVector : IDisposable, IEnumerable, IList<byte>, ICollection<byte>, IEnumerable<byte> // TypeDefIndex: 16327"
"1060754","class","FutureVoid.Action","16328","public sealed class FutureVoid.Action : MulticastDelegate // TypeDefIndex: 16328"
"1060766","class","FutureVoid.SWIG_CompletionDelegate","16329","internal sealed class FutureVoid.SWIG_CompletionDelegate : MulticastDelegate // TypeDefIndex: 16329"
"1060779","class","FutureVoid.","16330","private sealed class FutureVoid.<>c__DisplayClass5_0 // TypeDefIndex: 16330"
"1060795","class","FutureVoid","16331","internal class FutureVoid : FutureBase // TypeDefIndex: 16331"
"1060840","enum","InitResult","16332","public enum InitResult // TypeDefIndex: 16332"
"1060849","class","FirebaseApp.EnableModuleParams","16333","public class FirebaseApp.EnableModuleParams // TypeDefIndex: 16333"
"1060898","class","FirebaseApp.CreateDelegate","16334","private sealed class FirebaseApp.CreateDelegate : MulticastDelegate // TypeDefIndex: 16334"
"1060912","class","FirebaseApp.","16335","private sealed class FirebaseApp.<>c // TypeDefIndex: 16335"
"1060952","class","FirebaseApp.","16336","private sealed class FirebaseApp.<>c__DisplayClass58_0 // TypeDefIndex: 16336"
"1060968","class","FirebaseApp.","16337","private sealed class FirebaseApp.<>c__DisplayClass60_0 // TypeDefIndex: 16337"
"1060983","class","FirebaseApp","16338","public sealed class FirebaseApp : IDisposable // TypeDefIndex: 16338"
"1061125","enum","LogLevel","16339","public enum LogLevel // TypeDefIndex: 16339"
"1061138","enum","GooglePlayServicesAvailability","16340","internal enum GooglePlayServicesAvailability // TypeDefIndex: 16340"
"1061153","class","VariantVariantMap.VariantVariantMapEnumerator","16341","public sealed class VariantVariantMap.VariantVariantMapEnumerator : IEnumerator, IEnumerator<KeyValuePair<Variant, Variant>>, IDisposable // TypeDefIndex: 16341"
"1061189","class","VariantVariantMap","16342","internal class VariantVariantMap : IDisposable, IDictionary<Variant, Variant>, ICollection<KeyValuePair<Variant, Variant>>, IEnumerable<KeyValuePair<Variant, Variant>>, IEnumerable // TypeDefIndex: 16342"
"1061290","class","VariantList.VariantListEnumerator","16343","public sealed class VariantList.VariantListEnumerator : IEnumerator, IEnumerator<Variant>, IDisposable // TypeDefIndex: 16343"
"1061325","class","VariantList","16344","internal class VariantList : IDisposable, IEnumerable, IEnumerable<Variant> // TypeDefIndex: 16344"
"1061378","class","Variant","16345","internal class Variant : IDisposable // TypeDefIndex: 16345"
"1061442","class","AppUtilPINVOKE.SWIGExceptionHelper.ExceptionDelegate","16346","public sealed class AppUtilPINVOKE.SWIGExceptionHelper.ExceptionDelegate : MulticastDelegate // TypeDefIndex: 16346"
"1061454","class","AppUtilPINVOKE.SWIGExceptionHelper.ExceptionArgumentDelegate","16347","public sealed class AppUtilPINVOKE.SWIGExceptionHelper.ExceptionArgumentDelegate : MulticastDelegate // TypeDefIndex: 16347"
"1061466","class","AppUtilPINVOKE.SWIGExceptionHelper","16348","protected class AppUtilPINVOKE.SWIGExceptionHelper // TypeDefIndex: 16348"
"1061556","class","AppUtilPINVOKE.SWIGPendingException","16349","public class AppUtilPINVOKE.SWIGPendingException // TypeDefIndex: 16349"
"1061583","class","AppUtilPINVOKE.SWIGStringHelper.SWIGStringDelegate","16350","public sealed class AppUtilPINVOKE.SWIGStringHelper.SWIGStringDelegate : MulticastDelegate // TypeDefIndex: 16350"
"1061595","class","AppUtilPINVOKE.SWIGStringHelper","16351","protected class AppUtilPINVOKE.SWIGStringHelper // TypeDefIndex: 16351"
"1061617","class","AppUtilPINVOKE","16352","internal class AppUtilPINVOKE // TypeDefIndex: 16352"
"1061903","class","AppUtil","16353","internal class AppUtil // TypeDefIndex: 16353"
"1061939","class","VersionInfo","16354","internal class VersionInfo // TypeDefIndex: 16354"
"1061955","class","FirebaseAppUtils","16355","internal class FirebaseAppUtils : IFirebaseAppUtils // TypeDefIndex: 16355"
"1061985","class","FirebaseAppPlatform","16356","internal class FirebaseAppPlatform // TypeDefIndex: 16356"
"1061998","struct","UnitySourceGeneratedAssemblyMonoScriptTypes_v1.MonoScriptData","16358","private struct UnitySourceGeneratedAssemblyMonoScriptTypes_v1.MonoScriptData // TypeDefIndex: 16358"
"1062012","class","UnitySourceGeneratedAssemblyMonoScriptTypes_v1","16359","internal class UnitySourceGeneratedAssemblyMonoScriptTypes_v1 // TypeDefIndex: 16359"
"1062025","class","CanvasExtensions","16360","internal static class CanvasExtensions // TypeDefIndex: 16360"
"1062060","class","Color32Extensions","16361","internal static class Color32Extensions // TypeDefIndex: 16361"
"1062091","class","ComponentExtensions","16362","internal static class ComponentExtensions // TypeDefIndex: 16362"
"1062170","class","SpriteExtensions","16363","internal static class SpriteExtensions // TypeDefIndex: 16363"
"1062181","class","Vector3Extensions","16364","internal static class Vector3Extensions // TypeDefIndex: 16364"
"1062211","class","PreloadedProjectSettings","16365","public abstract class PreloadedProjectSettings : ScriptableObject // TypeDefIndex: 16365"
"1062220","class","PreloadedProjectSettings","16366","public abstract class PreloadedProjectSettings<T> : PreloadedProjectSettings // TypeDefIndex: 16366"
"1062266","class","FastActionBase.","16367","private sealed class FastActionBase.<>c<T> // TypeDefIndex: 16367"
"1062330","class","FastActionBase","16368","internal class FastActionBase<T> // TypeDefIndex: 16368"
"1062408","class","FastAction.","16369","private sealed class FastAction.<>c // TypeDefIndex: 16369"
"1062427","class","FastAction","16370","internal class FastAction : FastActionBase<Action> // TypeDefIndex: 16370"
"1062439","interface","FrameCache.IFrameCache","16371","private interface FrameCache.IFrameCache // TypeDefIndex: 16371"
"1062448","class","FrameCache.FrameCacheContainer","16372","private class FrameCache.FrameCacheContainer<T> : FrameCache.IFrameCache // TypeDefIndex: 16372"
"1062501","class","FrameCache","16373","internal static class FrameCache // TypeDefIndex: 16373"
"1062571","class","Logging","16374","internal static class Logging // TypeDefIndex: 16374"
"1062617","class","MaterialRepository.","16375","private sealed class MaterialRepository.<>c // TypeDefIndex: 16375"
"1062641","class","MaterialRepository","16376","internal static class MaterialRepository // TypeDefIndex: 16376"
"1062685","class","Misc","16377","internal static class Misc // TypeDefIndex: 16377"
"1062713","class","InternalObjectPool","16378","internal class InternalObjectPool<T> // TypeDefIndex: 16378"
"1062747","class","InternalListPool","16379","internal static class InternalListPool<T> // TypeDefIndex: 16379"
"1062775","class","ObjectRepository.Entry","16380","private class ObjectRepository.Entry<T> // TypeDefIndex: 16380"
"1062812","class","ObjectRepository.","16381","private sealed class ObjectRepository.<>c<T> // TypeDefIndex: 16381"
"1062846","class","ObjectRepository","16382","internal class ObjectRepository<T> // TypeDefIndex: 16382"
"1062948","class","UIExtraCallbacks","16383","internal static class UIExtraCallbacks // TypeDefIndex: 16383"
"1063003","class","ParticleSystemExtensions.","16384","private sealed class ParticleSystemExtensions.<>c__DisplayClass7_0 // TypeDefIndex: 16384"
"1063021","class","ParticleSystemExtensions","16385","internal static class ParticleSystemExtensions // TypeDefIndex: 16385"
"1063079","enum","AnimatableProperty.ShaderPropertyType","16386","public enum AnimatableProperty.ShaderPropertyType // TypeDefIndex: 16386"
"1063092","class","AnimatableProperty","16387","public class AnimatableProperty : ISerializationCallbackReceiver // TypeDefIndex: 16387"
"1063133","enum","UIParticle.AutoScalingMode","16388","public enum UIParticle.AutoScalingMode // TypeDefIndex: 16388"
"1063143","enum","UIParticle.MeshSharing","16389","public enum UIParticle.MeshSharing // TypeDefIndex: 16389"
"1063155","enum","UIParticle.PositionMode","16390","public enum UIParticle.PositionMode // TypeDefIndex: 16390"
"1063166","class","UIParticle.","16391","private sealed class UIParticle.<>c // TypeDefIndex: 16391"
"1063212","class","UIParticle","16392","public class UIParticle : MaskableGraphic, ISerializationCallbackReceiver // TypeDefIndex: 16392"
"1063523","enum","UIParticleAttractor.Movement","16393","public enum UIParticleAttractor.Movement // TypeDefIndex: 16393"
"1063533","enum","UIParticleAttractor.UpdateMode","16394","public enum UIParticleAttractor.UpdateMode // TypeDefIndex: 16394"
"1063543","class","UIParticleAttractor","16395","public class UIParticleAttractor : MonoBehaviour, ISerializationCallbackReceiver // TypeDefIndex: 16395"
"1063662","class","UIParticleProjectSettings","16396","public class UIParticleProjectSettings : PreloadedProjectSettings<UIParticleProjectSettings> // TypeDefIndex: 16396"
"1063697","class","UIParticleRenderer.","16397","private sealed class UIParticleRenderer.<>c // TypeDefIndex: 16397"
"1063721","class","UIParticleRenderer","16398","internal class UIParticleRenderer : MaskableGraphic // TypeDefIndex: 16398"
"1063818","class","UIParticleUpdater","16399","internal static class UIParticleUpdater // TypeDefIndex: 16399"
"1063885","class","WrapLayoutGroup","16404","public class WrapLayoutGroup : LayoutGroup // TypeDefIndex: 16404"
"1063954","struct","UnitySourceGeneratedAssemblyMonoScriptTypes_v1.MonoScriptData","16405","private struct UnitySourceGeneratedAssemblyMonoScriptTypes_v1.MonoScriptData // TypeDefIndex: 16405"
"1063968","class","UnitySourceGeneratedAssemblyMonoScriptTypes_v1","16406","internal class UnitySourceGeneratedAssemblyMonoScriptTypes_v1 // TypeDefIndex: 16406"
"1063980","class","GpmUi","16407","public static class GpmUi // TypeDefIndex: 16407"
"1063994","class","ContentSizeSetter","16408","public class ContentSizeSetter : UIBehaviour // TypeDefIndex: 16408"
"1064024","class","DragaEventHandler.DragEvent","16409","public class DragaEventHandler.DragEvent : UnityEvent<PointerEventData> // TypeDefIndex: 16409"
"1064033","class","DragaEventHandler","16410","public class DragaEventHandler : UIBehaviour, IBeginDragHandler, IEventSystemHandler, IDragHandler, IEndDragHandler // TypeDefIndex: 16410"
"1064056","class","DraggableRect","16411","public class DraggableRect : DragaEventHandler // TypeDefIndex: 16411"
"1064087","enum","InfiniteScroll.CurveType","16412","public enum InfiniteScroll.CurveType // TypeDefIndex: 16412"
"1064098","class","InfiniteScroll.Curve","16413","public class InfiniteScroll.Curve // TypeDefIndex: 16413"
"1064111","class","InfiniteScroll.CurveFromType","16414","public class InfiniteScroll.CurveFromType : InfiniteScroll.Curve // TypeDefIndex: 16414"
"1064129","class","InfiniteScroll.DataContext","16415","public class InfiniteScroll.DataContext // TypeDefIndex: 16415"
"1064162","class","InfiniteScroll.LineLayout","16416","public class InfiniteScroll.LineLayout // TypeDefIndex: 16416"
"1064186","class","InfiniteScroll.CachedScrollData","16417","public class InfiniteScroll.CachedScrollData // TypeDefIndex: 16417"
"1064215","enum","InfiniteScroll.MoveToType","16418","public enum InfiniteScroll.MoveToType // TypeDefIndex: 16418"
"1064225","class","InfiniteScroll.Control","16419","public static class InfiniteScroll.Control // TypeDefIndex: 16419"
"1064244","class","InfiniteScroll.ChangeValueEvent","16420","public class InfiniteScroll.ChangeValueEvent : UnityEvent<int, int, bool, bool> // TypeDefIndex: 16420"
"1064254","class","InfiniteScroll.ItemActiveEvent","16421","public class InfiniteScroll.ItemActiveEvent : UnityEvent<int, bool> // TypeDefIndex: 16421"
"1064264","class","InfiniteScroll.StateChangeEvent","16422","public class InfiniteScroll.StateChangeEvent : UnityEvent<bool> // TypeDefIndex: 16422"
"1064274","class","InfiniteScroll.","16423","private sealed class InfiniteScroll.<>c__DisplayClass25_0 // TypeDefIndex: 16423"
"1064290","class","InfiniteScroll.","16424","private sealed class InfiniteScroll.<>c__DisplayClass35_0 // TypeDefIndex: 16424"
"1064305","class","InfiniteScroll","16425","public class InfiniteScroll : MonoBehaviour, IMoveScroll // TypeDefIndex: 16425"
"1064716","class","InfiniteScrollData","16426","public class InfiniteScrollData // TypeDefIndex: 16426"
"1064725","class","InfiniteScrollItem","16427","public class InfiniteScrollItem : MonoBehaviour // TypeDefIndex: 16427"
"1064817","class","LayoutUpdater","16428","public class LayoutUpdater : UIBehaviour // TypeDefIndex: 16428"
"1064845","class","MultiLayout.Info","16429","public class MultiLayout.Info // TypeDefIndex: 16429"
"1064873","class","MultiLayout.Target","16430","public class MultiLayout.Target // TypeDefIndex: 16430"
"1064905","class","MultiLayout.Layout","16431","public class MultiLayout.Layout // TypeDefIndex: 16431"
"1064943","class","MultiLayout","16432","public class MultiLayout : MonoBehaviour // TypeDefIndex: 16432"
"1064960","class","ResizeLayoutHandler.ResizeLayoutHandlerEvent","16433","public class ResizeLayoutHandler.ResizeLayoutHandlerEvent : UnityEvent<RectTransform> // TypeDefIndex: 16433"
"1064969","class","ResizeLayoutHandler","16434","public class ResizeLayoutHandler : UIBehaviour // TypeDefIndex: 16434"
"1064984","enum","ScrollAxis","16435","public enum ScrollAxis // TypeDefIndex: 16435"
"1064998","enum","ScrollLayout.LayoutValue.ValueType","16436","public enum ScrollLayout.LayoutValue.ValueType // TypeDefIndex: 16436"
"1065008","class","ScrollLayout.LayoutValue","16437","public class ScrollLayout.LayoutValue // TypeDefIndex: 16437"
"1065023","class","ScrollLayout","16438","public class ScrollLayout // TypeDefIndex: 16438"
"1065136","interface","IMoveScroll","16439","public interface IMoveScroll // TypeDefIndex: 16439"
"1065154","enum","ScrollMoveTo.ScrollType","16440","public enum ScrollMoveTo.ScrollType // TypeDefIndex: 16440"
"1065164","class","ScrollMoveTo","16441","public class ScrollMoveTo : MonoBehaviour // TypeDefIndex: 16441"
"1065200","interface","ITabData","16442","public interface ITabData // TypeDefIndex: 16442"
"1065205","class","Tab.UpdateDataEvent","16443","public class Tab.UpdateDataEvent : UnityEvent<ITabData> // TypeDefIndex: 16443"
"1065215","class","Tab.ChangeValueEvent","16444","public class Tab.ChangeValueEvent : UnityEvent<bool> // TypeDefIndex: 16444"
"1065225","class","Tab.TabEvent","16445","public class Tab.TabEvent : UnityEvent<Tab> // TypeDefIndex: 16445"
"1065234","class","Tab","16446","public class Tab : TabLinkObject // TypeDefIndex: 16446"
"1065305","class","TabButton","16447","public class TabButton : Tab, IPointerClickHandler, IEventSystemHandler // TypeDefIndex: 16447"
"1065318","class","TabController.TabEvent","16448","public class TabController.TabEvent : UnityEvent<Tab> // TypeDefIndex: 16448"
"1065328","class","TabController","16449","public class TabController : MonoBehaviour // TypeDefIndex: 16449"
"1065387","interface","ITabPage","16450","public interface ITabPage // TypeDefIndex: 16450"
"1065397","class","TabPage.NotifyTabPageEvent","16451","public class TabPage.NotifyTabPageEvent : UnityEvent<Tab> // TypeDefIndex: 16451"
"1065406","class","TabPage","16452","public class TabPage : TabLinkObject, ITabPage // TypeDefIndex: 16452"
"1065425","class","WebCacheImage.LoadTextureEvent","16453","public class WebCacheImage.LoadTextureEvent : UnityEvent<Texture> // TypeDefIndex: 16453"
"1065435","class","WebCacheImage","16454","public class WebCacheImage : MonoBehaviour // TypeDefIndex: 16454"
"1065552","class","TabGroup","16455","public class TabGroup : ISerializationCallbackReceiver // TypeDefIndex: 16455"
"1065614","class","TabLink","16456","public class TabLink // TypeDefIndex: 16456"
"1065651","class","TabLinkObject","16457","public class TabLinkObject : MonoBehaviour // TypeDefIndex: 16457"
"1065696","struct","TabRoot","16458","public struct TabRoot // TypeDefIndex: 16458"
"1065732","class","HashHelpers","16463","internal static class HashHelpers // TypeDefIndex: 16463"
"1065747","enum","KnownColor","16464","public enum KnownColor // TypeDefIndex: 16464"
"1065928","class","KnownColorTable","16465","internal static class KnownColorTable // TypeDefIndex: 16465"
"1065962","struct","Color","16466","public struct Color : IEquatable<Color> // TypeDefIndex: 16466"
"1066020","struct","Point","16467","public struct Point : IEquatable<Point> // TypeDefIndex: 16467"
"1066056","struct","PointF","16468","public struct PointF : IEquatable<PointF> // TypeDefIndex: 16468"
"1066092","struct","Rectangle","16469","public struct Rectangle : IEquatable<Rectangle> // TypeDefIndex: 16469"
"1066138","struct","RectangleF","16470","public struct RectangleF : IEquatable<RectangleF> // TypeDefIndex: 16470"
"1066184","struct","Size","16471","public struct Size : IEquatable<Size> // TypeDefIndex: 16471"
"1066220","struct","SizeF","16472","public struct SizeF : IEquatable<SizeF> // TypeDefIndex: 16472"
"1066259","struct","UnitySourceGeneratedAssemblyMonoScriptTypes_v1.MonoScriptData","16474","private struct UnitySourceGeneratedAssemblyMonoScriptTypes_v1.MonoScriptData // TypeDefIndex: 16474"
"1066273","class","UnitySourceGeneratedAssemblyMonoScriptTypes_v1","16475","internal class UnitySourceGeneratedAssemblyMonoScriptTypes_v1 // TypeDefIndex: 16475"
"1066286","class","CacheControl","16476","public class CacheControl // TypeDefIndex: 16476"
"1066312","enum","CacheInfo.State","16477","public enum CacheInfo.State // TypeDefIndex: 16477"
"1066325","class","CacheInfo","16478","public class CacheInfo : IComparable<CacheInfo> // TypeDefIndex: 16478"
"1066466","enum","CacheRequestType","16479","public enum CacheRequestType // TypeDefIndex: 16479"
"1066477","enum","CacheValidType","16480","public enum CacheValidType // TypeDefIndex: 16480"
"1066488","enum","CacheUpdateType","16481","public enum CacheUpdateType // TypeDefIndex: 16481"
"1066499","class","CachePackage.","16482","private sealed class CachePackage.<>c__DisplayClass14_0 // TypeDefIndex: 16482"
"1066518","class","CachePackage","16483","public class CachePackage // TypeDefIndex: 16483"
"1066641","class","CacheRequestConfiguration","16484","public class CacheRequestConfiguration // TypeDefIndex: 16484"
"1066702","class","CacheRequestOperation","16485","public class CacheRequestOperation : CustomYieldInstruction // TypeDefIndex: 16485"
"1066728","class","CacheStorageConfig","16486","internal class CacheStorageConfig // TypeDefIndex: 16486"
"1066750","class","CacheValidTime","16487","public class CacheValidTime // TypeDefIndex: 16487"
"1066771","class","CachedTexture","16488","public class CachedTexture // TypeDefIndex: 16488"
"1066792","class","CachedTextureManager","16489","public static class CachedTextureManager // TypeDefIndex: 16489"
"1066820","class","GpmCacheCallback","16490","internal static class GpmCacheCallback // TypeDefIndex: 16490"
"1066841","struct","GpmCacheResult","16491","public struct GpmCacheResult // TypeDefIndex: 16491"
"1066919","class","GpmCacheStorage","16492","public static class GpmCacheStorage // TypeDefIndex: 16492"
"1067028","class","HttpElement","16493","public static class HttpElement // TypeDefIndex: 16493"
"1067050","class","StringToValue","16494","public class StringToValue<T> // TypeDefIndex: 16494"
"1067300","class","StringToValueHttpTime","16495","public class StringToValueHttpTime : StringToValue<DateTime> // TypeDefIndex: 16495"
"1067336","class","Utility","16496","public static class Utility // TypeDefIndex: 16496"
"1067348","class","CacheControlFormatter","16497","public sealed class CacheControlFormatter : IMessagePackFormatter<CacheControl>, IMessagePackFormatter // TypeDefIndex: 16497"
"1067363","class","CacheInfoFormatter","16498","public sealed class CacheInfoFormatter : IMessagePackFormatter<CacheInfo>, IMessagePackFormatter // TypeDefIndex: 16498"
"1067378","class","CachePackageFormatter","16499","public sealed class CachePackageFormatter : IMessagePackFormatter<CachePackage>, IMessagePackFormatter // TypeDefIndex: 16499"
"1067393","class","StringToValueIntFormatter","16500","public class StringToValueIntFormatter : IMessagePackFormatter<StringToValue<int>>, IMessagePackFormatter // TypeDefIndex: 16500"
"1067408","class","StringToValueHttpTimeFormatter","16501","public class StringToValueHttpTimeFormatter : IMessagePackFormatter<StringToValueHttpTime>, IMessagePackFormatter // TypeDefIndex: 16501"
"1067423","class","CacheStorageResolver.FormatterCache","16502","private static class CacheStorageResolver.FormatterCache<T> // TypeDefIndex: 16502"
"1067596","class","CacheStorageResolver","16503","public class CacheStorageResolver : IFormatterResolver // TypeDefIndex: 16503"
"1067775","class","CacheStorageGetFormatterHelper","16504","internal static class CacheStorageGetFormatterHelper // TypeDefIndex: 16504"
"1067791","class","CacheStorageImplement.","16505","private sealed class CacheStorageImplement.<>c__DisplayClass23_0 // TypeDefIndex: 16505"
"1067807","class","CacheStorageImplement.","16506","private sealed class CacheStorageImplement.<>c__DisplayClass24_0 // TypeDefIndex: 16506"
"1067824","class","CacheStorageImplement.","16507","private sealed class CacheStorageImplement.<UpdateRoutine>d__27 : IEnumerator<object>, IEnumerator, IDisposable // TypeDefIndex: 16507"
"1067861","class","CacheStorageImplement","16508","internal static class CacheStorageImplement // TypeDefIndex: 16508"
"1067972","class","CacheStorageInternal","16509","public static class CacheStorageInternal // TypeDefIndex: 16509"
"1068015","class","CacheStorageSample.","16510","private sealed class CacheStorageSample.<>c__DisplayClass34_0 // TypeDefIndex: 16510"
"1068032","class","CacheStorageSample.","16511","private sealed class CacheStorageSample.<>c__DisplayClass35_0 // TypeDefIndex: 16511"
"1068054","class","CacheStorageSample.","16512","private sealed class CacheStorageSample.<TestUnityWebRequest>d__33 : IEnumerator<object>, IEnumerator, IDisposable // TypeDefIndex: 16512"
"1068098","class","CacheStorageSample","16513","public class CacheStorageSample : MonoBehaviour // TypeDefIndex: 16513"
"1068200","class","SR","16518","internal static class SR // TypeDefIndex: 16518"
"1068209","enum","BigInteger.GetBytesMode","16519","private enum BigInteger.GetBytesMode // TypeDefIndex: 16519"
"1068221","struct","BigInteger","16520","public struct BigInteger : IFormattable, IComparable, IComparable<BigInteger>, IEquatable<BigInteger> // TypeDefIndex: 16520"
"1068478","struct","BigIntegerCalculator.BitsBuffer","16521","internal struct BigIntegerCalculator.BitsBuffer // TypeDefIndex: 16521"
"1068509","class","BigIntegerCalculator","16522","internal static class BigIntegerCalculator // TypeDefIndex: 16522"
"1068611","struct","BigNumber.BigNumberBuffer","16523","private struct BigNumber.BigNumberBuffer // TypeDefIndex: 16523"
"1068626","class","BigNumber","16524","internal static class BigNumber // TypeDefIndex: 16524"
"1068663","struct","Complex","16525","public struct Complex : IEquatable<Complex>, IFormattable // TypeDefIndex: 16525"
"1068710","struct","DoubleUlong","16526","internal struct DoubleUlong // TypeDefIndex: 16526"
"1068718","class","NumericsHelpers","16527","internal static class NumericsHelpers // TypeDefIndex: 16527"
"1068751","struct","FormatProvider.Number.NumberBuffer","16528","internal struct FormatProvider.Number.NumberBuffer // TypeDefIndex: 16528"
"1068769","class","FormatProvider.Number","16529","private class FormatProvider.Number // TypeDefIndex: 16529"
"1068846","class","FormatProvider","16530","internal class FormatProvider // TypeDefIndex: 16530"
"1068861","struct","ValueStringBuilder","16531","internal struct ValueStringBuilder // TypeDefIndex: 16531"
"1068923","struct","FaceInfo","16533","public struct FaceInfo // TypeDefIndex: 16533"
"1069093","enum","GlyphClassDefinitionType","16534","public enum GlyphClassDefinitionType // TypeDefIndex: 16534"
"1069107","struct","GlyphRect","16535","public struct GlyphRect : IEquatable<GlyphRect> // TypeDefIndex: 16535"
"1069167","struct","GlyphMetrics","16536","public struct GlyphMetrics : IEquatable<GlyphMetrics> // TypeDefIndex: 16536"
"1069226","class","Glyph","16537","public class Glyph // TypeDefIndex: 16537"
"1069300","enum","GlyphLoadFlags","16538","public enum GlyphLoadFlags // TypeDefIndex: 16538"
"1069320","enum","GlyphRasterModes","16539","internal enum GlyphRasterModes // TypeDefIndex: 16539"
"1069341","enum","FontEngineError","16540","public enum FontEngineError // TypeDefIndex: 16540"
"1069364","enum","GlyphRenderMode","16541","public enum GlyphRenderMode // TypeDefIndex: 16541"
"1069385","enum","GlyphPackingMode","16542","public enum GlyphPackingMode // TypeDefIndex: 16542"
"1069400","struct","FontReference","16543","internal struct FontReference // TypeDefIndex: 16543"
"1069411","class","FontEngine","16544","public sealed class FontEngine // TypeDefIndex: 16544"
"1069727","struct","FontEngineUtilities","16545","internal struct FontEngineUtilities // TypeDefIndex: 16545"
"1069737","struct","GlyphMarshallingStruct","16546","internal struct GlyphMarshallingStruct // TypeDefIndex: 16546"
"1069750","enum","FontFeatureLookupFlags","16547","public enum FontFeatureLookupFlags // TypeDefIndex: 16547"
"1069762","struct","GlyphValueRecord","16548","public struct GlyphValueRecord : IEquatable<GlyphValueRecord> // TypeDefIndex: 16548"
"1069826","struct","GlyphAdjustmentRecord","16549","public struct GlyphAdjustmentRecord : IEquatable<GlyphAdjustmentRecord> // TypeDefIndex: 16549"
"1069868","struct","GlyphPairAdjustmentRecord","16550","public struct GlyphPairAdjustmentRecord : IEquatable<GlyphPairAdjustmentRecord> // TypeDefIndex: 16550"
"1069919","struct","GlyphAnchorPoint","16551","internal struct GlyphAnchorPoint // TypeDefIndex: 16551"
"1069952","struct","MarkPositionAdjustment","16552","internal struct MarkPositionAdjustment // TypeDefIndex: 16552"
"1069985","struct","MarkToBaseAdjustmentRecord","16553","internal struct MarkToBaseAdjustmentRecord // TypeDefIndex: 16553"
"1070038","struct","MarkToMarkAdjustmentRecord","16554","internal struct MarkToMarkAdjustmentRecord // TypeDefIndex: 16554"
"1070091","struct","MultipleSubstitutionRecord","16555","internal struct MultipleSubstitutionRecord // TypeDefIndex: 16555"
"1070106","struct","LigatureSubstitutionRecord","16556","internal struct LigatureSubstitutionRecord : IEquatable<LigatureSubstitutionRecord> // TypeDefIndex: 16556"
"1070152","class","WebRequestUtils","16558","internal static class WebRequestUtils // TypeDefIndex: 16558"
"1070177","class","WWWForm","16559","public class WWWForm // TypeDefIndex: 16559"
"1070236","class","WWWTranscoder","16560","internal class WWWTranscoder // TypeDefIndex: 16560"
"1070292","class","CertificateHandler.BindingsMarshaller","16561","internal static class CertificateHandler.BindingsMarshaller // TypeDefIndex: 16561"
"1070302","class","CertificateHandler","16562","public class CertificateHandler : IDisposable // TypeDefIndex: 16562"
"1070337","class","DownloadHandler.BindingsMarshaller","16563","internal static class DownloadHandler.BindingsMarshaller // TypeDefIndex: 16563"
"1070347","class","DownloadHandler","16564","public class DownloadHandler : IDisposable // TypeDefIndex: 16564"
"1070463","class","DownloadHandlerBuffer","16565","public sealed class DownloadHandlerBuffer : DownloadHandler // TypeDefIndex: 16565"
"1070488","class","DownloadHandlerFile","16566","public sealed class DownloadHandlerFile : DownloadHandler // TypeDefIndex: 16566"
"1070516","class","UnityWebRequestAsyncOperation.BindingsMarshaller","16567","internal static class UnityWebRequestAsyncOperation.BindingsMarshaller // TypeDefIndex: 16567"
"1070528","class","UnityWebRequestAsyncOperation","16568","public class UnityWebRequestAsyncOperation : AsyncOperation // TypeDefIndex: 16568"
"1070553","enum","UnityWebRequest.UnityWebRequestMethod","16569","internal enum UnityWebRequest.UnityWebRequestMethod // TypeDefIndex: 16569"
"1070565","enum","UnityWebRequest.UnityWebRequestError","16570","internal enum UnityWebRequest.UnityWebRequestError // TypeDefIndex: 16570"
"1070613","enum","UnityWebRequest.Result","16571","public enum UnityWebRequest.Result // TypeDefIndex: 16571"
"1070625","class","UnityWebRequest.BindingsMarshaller","16572","internal static class UnityWebRequest.BindingsMarshaller // TypeDefIndex: 16572"
"1070635","class","UnityWebRequest","16573","public class UnityWebRequest : IDisposable // TypeDefIndex: 16573"
"1070999","class","UploadHandler.BindingsMarshaller","16574","internal static class UploadHandler.BindingsMarshaller // TypeDefIndex: 16574"
"1071009","class","UploadHandler","16575","public class UploadHandler : IDisposable // TypeDefIndex: 16575"
"1071035","class","UploadHandlerRaw","16576","public sealed class UploadHandlerRaw : UploadHandler // TypeDefIndex: 16576"
"1071060","enum","CommandEvent.Type","16578","public enum CommandEvent.Type // TypeDefIndex: 16578"
"1071069","enum","CommandEvent.Command","16579","public enum CommandEvent.Command // TypeDefIndex: 16579"
"1071101","struct","CommandEvent","16580","internal struct CommandEvent : IEventProperties // TypeDefIndex: 16580"
"1071158","enum","Event.Type","16581","public enum Event.Type // TypeDefIndex: 16581"
"1071172","interface","Event.IMapFn","16582","private interface Event.IMapFn<TOutputType> // TypeDefIndex: 16582"
"1071186","struct","Event.MapAsObject","16583","private struct Event.MapAsObject : Event.IMapFn<IEventProperties> // TypeDefIndex: 16583"
"1071218","struct","Event.MapAsEventSource","16584","private struct Event.MapAsEventSource : Event.IMapFn<EventSource> // TypeDefIndex: 16584"
"1071250","struct","Event.MapAsEventModifiers","16585","private struct Event.MapAsEventModifiers : Event.IMapFn<EventModifiers> // TypeDefIndex: 16585"
"1071283","struct","Event","16586","internal struct Event : IEventProperties // TypeDefIndex: 16586"
"1071403","enum","EventModifiers.Modifiers","16587","public enum EventModifiers.Modifiers // TypeDefIndex: 16587"
"1071427","struct","EventModifiers","16588","internal struct EventModifiers // TypeDefIndex: 16588"
"1071482","enum","EventSource","16589","internal enum EventSource // TypeDefIndex: 16589"
"1071495","interface","IEventProperties","16590","internal interface IEventProperties // TypeDefIndex: 16590"
"1071512","struct","IMECompositionEvent","16591","internal struct IMECompositionEvent : IEventProperties // TypeDefIndex: 16591"
"1071568","enum","KeyEvent.Type","16592","public enum KeyEvent.Type // TypeDefIndex: 16592"
"1071580","class","KeyEvent.ButtonsState.","16593","private sealed class KeyEvent.ButtonsState.<GetAllPressed>d__8 : IEnumerable<KeyCode>, IEnumerable, IEnumerator<KeyCode>, IEnumerator, IDisposable // TypeDefIndex: 16593"
"1071631","struct","KeyEvent.ButtonsState.","16594","public struct KeyEvent.ButtonsState.<buttons>e__FixedBuffer // TypeDefIndex: 16594"
"1071638","struct","KeyEvent.ButtonsState","16595","public struct KeyEvent.ButtonsState // TypeDefIndex: 16595"
"1071677","struct","KeyEvent","16596","internal struct KeyEvent : IEventProperties // TypeDefIndex: 16596"
"1071735","enum","NavigationEvent.Type","16597","public enum NavigationEvent.Type // TypeDefIndex: 16597"
"1071745","enum","NavigationEvent.Direction","16598","public enum NavigationEvent.Direction // TypeDefIndex: 16598"
"1071760","struct","NavigationEvent","16599","internal struct NavigationEvent : IEventProperties // TypeDefIndex: 16599"
"1071821","enum","PointerEvent.Type","16600","public enum PointerEvent.Type // TypeDefIndex: 16600"
"1071835","enum","PointerEvent.Button","16601","public enum PointerEvent.Button // TypeDefIndex: 16601"
"1071853","struct","PointerEvent.ButtonsState","16602","public struct PointerEvent.ButtonsState // TypeDefIndex: 16602"
"1071875","struct","PointerEvent","16603","internal struct PointerEvent : IEventProperties // TypeDefIndex: 16603"
"1071964","struct","TextInputEvent","16604","internal struct TextInputEvent : IEventProperties // TypeDefIndex: 16604"
"1072020","struct","EventProvider.Registration","16605","private struct EventProvider.Registration // TypeDefIndex: 16605"
"1072032","class","EventProvider.","16606","private sealed class EventProvider.<>c // TypeDefIndex: 16606"
"1072052","class","EventProvider.","16607","private sealed class EventProvider.<>c__DisplayClass6_0 // TypeDefIndex: 16607"
"1072068","class","EventProvider","16608","internal static class EventProvider // TypeDefIndex: 16608"
"1072115","class","EventConsumer","16609","internal sealed class EventConsumer : MulticastDelegate // TypeDefIndex: 16609"
"1072127","interface","IEventProviderImpl","16610","internal interface IEventProviderImpl // TypeDefIndex: 16610"
"1072145","class","InputEventPartialProvider","16611","internal class InputEventPartialProvider : IEventProviderImpl // TypeDefIndex: 16611"
"1072192","struct","InputManagerProvider.ButtonEventsIterator","16612","private struct InputManagerProvider.ButtonEventsIterator : IEnumerator // TypeDefIndex: 16612"
"1072221","struct","InputManagerProvider.Configuration","16613","public struct InputManagerProvider.Configuration // TypeDefIndex: 16613"
"1072240","interface","InputManagerProvider.IInput","16614","internal interface InputManagerProvider.IInput // TypeDefIndex: 16614"
"1072296","class","InputManagerProvider.Input","16615","private class InputManagerProvider.Input : InputManagerProvider.IInput // TypeDefIndex: 16615"
"1072355","interface","InputManagerProvider.ITime","16616","internal interface InputManagerProvider.ITime // TypeDefIndex: 16616"
"1072367","class","InputManagerProvider.Time","16617","private class InputManagerProvider.Time : InputManagerProvider.ITime // TypeDefIndex: 16617"
"1072382","class","InputManagerProvider","16618","internal class InputManagerProvider : IEventProviderImpl // TypeDefIndex: 16618"
"1072498","class","NavigationEventRepeatHelper","16619","internal class NavigationEventRepeatHelper // TypeDefIndex: 16619"
"1072520","struct","PointerState","16620","internal struct PointerState // TypeDefIndex: 16620"
"1072632","interface","EventSanitizer.IEventSanitizer","16621","private interface EventSanitizer.IEventSanitizer // TypeDefIndex: 16621"
"1072650","struct","EventSanitizer","16622","internal struct EventSanitizer // TypeDefIndex: 16622"
"1072689","class","EmbeddedAttribute","16626","internal sealed class EmbeddedAttribute : Attribute // TypeDefIndex: 16626"
"1072701","class","NullableAttribute","16627","internal sealed class NullableAttribute : Attribute // TypeDefIndex: 16627"
"1072716","class","NullableContextAttribute","16628","internal sealed class NullableContextAttribute : Attribute // TypeDefIndex: 16628"
"1072728","interface","IUtil","16629","internal interface IUtil // TypeDefIndex: 16629"
"1072749","class","AnalyticsClient","16630","internal class AnalyticsClient : IAnalyticsClient // TypeDefIndex: 16630"
"1072768","class","EmptyAnalyticsAdapter","16631","internal class EmptyAnalyticsAdapter : IAnalyticsAdapter // TypeDefIndex: 16631"
"1072783","interface","IAnalyticsAdapter","16632","internal interface IAnalyticsAdapter // TypeDefIndex: 16632"
"1072795","interface","IAnalyticsClient","16633","internal interface IAnalyticsClient // TypeDefIndex: 16633"
"1072807","interface","ILegacyUnityAnalytics","16634","internal interface ILegacyUnityAnalytics // TypeDefIndex: 16634"
"1072819","class","LegacyAnalyticsAdapter","16635","internal class LegacyAnalyticsAdapter : IAnalyticsAdapter // TypeDefIndex: 16635"
"1072837","class","LegacyAnalyticsWrapper","16636","internal class LegacyAnalyticsWrapper : IAnalyticsAdapter, ICoreServicesEnvironmentObserver // TypeDefIndex: 16636"
"1072866","class","LegacyUnityAnalytics","16637","internal class LegacyUnityAnalytics : ILegacyUnityAnalytics // TypeDefIndex: 16637"
"1072881","class","IDs","16638","public class IDs : IEnumerable<KeyValuePair<string, string>>, IEnumerable // TypeDefIndex: 16638"
"1072899","class","ConfigurationBuilder","16639","public class ConfigurationBuilder // TypeDefIndex: 16639"
"1072952","class","CoreServicesEnvironmentSubject","16640","internal class CoreServicesEnvironmentSubject // TypeDefIndex: 16640"
"1072981","interface","ICoreServicesEnvironmentObserver","16641","internal interface ICoreServicesEnvironmentObserver // TypeDefIndex: 16641"
"1072990","interface","IUnityServicesInitializationChecker","16642","internal interface IUnityServicesInitializationChecker // TypeDefIndex: 16642"
"1072999","class","UnityServicesInitializationChecker","16643","internal class UnityServicesInitializationChecker : IUnityServicesInitializationChecker // TypeDefIndex: 16643"
"1073020","interface","IStoreExtension","16644","public interface IStoreExtension // TypeDefIndex: 16644"
"1073024","interface","IDetailedStoreListener","16645","public interface IDetailedStoreListener : IStoreListener // TypeDefIndex: 16645"
"1073033","interface","IExtensionProvider","16646","public interface IExtensionProvider // TypeDefIndex: 16646"
"1073048","interface","IInternalStoreListener","16647","internal interface IInternalStoreListener // TypeDefIndex: 16647"
"1073070","interface","IStoreController","16648","public interface IStoreController // TypeDefIndex: 16648"
"1073088","interface","IStoreListener","16649","public interface IStoreListener // TypeDefIndex: 16649"
"1073107","enum","InitializationFailureReason","16650","public enum InitializationFailureReason // TypeDefIndex: 16650"
"1073118","class","PayoutDefinition","16651","public class PayoutDefinition // TypeDefIndex: 16651"
"1073133","class","Product","16652","public class Product // TypeDefIndex: 16652"
"1073234","class","ProductCollection.","16653","private sealed class ProductCollection.<>c // TypeDefIndex: 16653"
"1073257","class","ProductCollection","16654","public class ProductCollection // TypeDefIndex: 16654"
"1073299","class","ProductDefinition","16655","public class ProductDefinition // TypeDefIndex: 16655"
"1073379","class","ProductMetadata","16656","public class ProductMetadata // TypeDefIndex: 16656"
"1073453","enum","ProductType","16657","public enum ProductType // TypeDefIndex: 16657"
"1073463","class","PurchaseEventArgs","16658","public class PurchaseEventArgs // TypeDefIndex: 16658"
"1073487","enum","PurchaseFailureReason","16659","public enum PurchaseFailureReason // TypeDefIndex: 16659"
"1073502","enum","PurchaseProcessingResult","16660","public enum PurchaseProcessingResult // TypeDefIndex: 16660"
"1073511","class","PurchasingFactory","16661","internal class PurchasingFactory : IPurchasingBinder, IExtensionProvider // TypeDefIndex: 16661"
"1073587","class","PurchasingManager.","16662","private sealed class PurchasingManager.<>c // TypeDefIndex: 16662"
"1073610","class","PurchasingManager.","16663","private sealed class PurchasingManager.<>c__DisplayClass27_0 // TypeDefIndex: 16663"
"1073629","class","PurchasingManager","16664","internal class PurchasingManager : IStoreCallback, IStoreController // TypeDefIndex: 16664"
"1073743","class","StoreListenerProxy","16665","internal class StoreListenerProxy : IInternalStoreListener // TypeDefIndex: 16665"
"1073773","class","TransactionLog","16666","internal class TransactionLog // TypeDefIndex: 16666"
"1073800","class","UnifiedReceipt","16667","public class UnifiedReceipt // TypeDefIndex: 16667"
"1073815","class","UnityPurchasing.","16668","private sealed class UnityPurchasing.<>c__DisplayClass5_0 // TypeDefIndex: 16668"
"1073832","class","UnityPurchasing.","16669","private sealed class UnityPurchasing.<>c__DisplayClass6_0 // TypeDefIndex: 16669"
"1073848","class","UnityPurchasing","16670","public abstract class UnityPurchasing // TypeDefIndex: 16670"
"1073870","class","LoggerExtensions","16671","internal static class LoggerExtensions // TypeDefIndex: 16671"
"1073884","class","ProductPurchaseUpdater","16672","internal static class ProductPurchaseUpdater // TypeDefIndex: 16672"
"1073893","class","UnifiedReceiptFormatter","16673","internal static class UnifiedReceiptFormatter // TypeDefIndex: 16673"
"1073902","interface","ITelemetryDiagnostics","16674","internal interface ITelemetryDiagnostics // TypeDefIndex: 16674"
"1073911","interface","ITelemetryDiagnosticsInstanceWrapper","16675","internal interface ITelemetryDiagnosticsInstanceWrapper // TypeDefIndex: 16675"
"1073923","struct","TelemetryDiagnosticParams","16676","internal struct TelemetryDiagnosticParams // TypeDefIndex: 16676"
"1073936","class","TelemetryDiagnostics","16677","internal class TelemetryDiagnostics : ITelemetryDiagnostics // TypeDefIndex: 16677"
"1073952","class","TelemetryDiagnosticsInstanceWrapper.","16678","private sealed class TelemetryDiagnosticsInstanceWrapper.<>c__DisplayClass7_0 // TypeDefIndex: 16678"
"1073968","class","TelemetryDiagnosticsInstanceWrapper","16679","internal class TelemetryDiagnosticsInstanceWrapper : ITelemetryDiagnosticsInstanceWrapper // TypeDefIndex: 16679"
"1073995","class","IapTelemetryException","16680","internal class IapTelemetryException : Exception // TypeDefIndex: 16680"
"1074004","interface","ITelemetryMetricEvent","16681","internal interface ITelemetryMetricEvent // TypeDefIndex: 16681"
"1074016","interface","ITelemetryMetricsInstanceWrapper","16682","internal interface ITelemetryMetricsInstanceWrapper // TypeDefIndex: 16682"
"1074028","interface","ITelemetryMetricsService","16683","internal interface ITelemetryMetricsService // TypeDefIndex: 16683"
"1074037","struct","TelemetryMetricDefinition","16684","internal struct TelemetryMetricDefinition // TypeDefIndex: 16684"
"1074069","class","TelemetryMetricDefinitions","16685","internal static class TelemetryMetricDefinitions // TypeDefIndex: 16685"
"1074095","class","TelemetryMetricEvent","16686","internal class TelemetryMetricEvent : ITelemetryMetricEvent // TypeDefIndex: 16686"
"1074116","struct","TelemetryMetricParams","16687","internal struct TelemetryMetricParams // TypeDefIndex: 16687"
"1074130","enum","TelemetryMetricTypes","16688","internal enum TelemetryMetricTypes // TypeDefIndex: 16688"
"1074141","class","TelemetryMetricsInstanceWrapper.","16689","private sealed class TelemetryMetricsInstanceWrapper.<>c__DisplayClass7_0 // TypeDefIndex: 16689"
"1074157","class","TelemetryMetricsInstanceWrapper","16690","internal class TelemetryMetricsInstanceWrapper : ITelemetryMetricsInstanceWrapper // TypeDefIndex: 16690"
"1074187","class","TelemetryMetricsService","16691","internal class TelemetryMetricsService : ITelemetryMetricsService // TypeDefIndex: 16691"
"1074205","class","TelemetryQueue","16692","internal class TelemetryQueue<TTelemetryEventParams> // TypeDefIndex: 16692"
"1074257","class","AbstractPurchasingModule","16693","public abstract class AbstractPurchasingModule : IPurchasingModule // TypeDefIndex: 16693"
"1074300","class","AbstractStore","16694","public abstract class AbstractStore : IStore // TypeDefIndex: 16694"
"1074321","interface","ICatalogProvider","16695","public interface ICatalogProvider // TypeDefIndex: 16695"
"1074330","interface","IPurchasingBinder","16696","public interface IPurchasingBinder // TypeDefIndex: 16696"
"1074355","interface","IPurchasingModule","16697","public interface IPurchasingModule // TypeDefIndex: 16697"
"1074364","interface","IStore","16698","public interface IStore // TypeDefIndex: 16698"
"1074382","interface","IStoreCallback","16699","public interface IStoreCallback // TypeDefIndex: 16699"
"1074409","interface","IStoreConfiguration","16700","public interface IStoreConfiguration // TypeDefIndex: 16700"
"1074413","class","ProductDescription","16701","public class ProductDescription // TypeDefIndex: 16701"
"1074477","class","PurchaseFailureDescription","16702","public class PurchaseFailureDescription // TypeDefIndex: 16702"
"1074527","class","SR","16704","internal static class SR // TypeDefIndex: 16704"
"1074539","class","BaseUriAnnotation","16705","internal class BaseUriAnnotation // TypeDefIndex: 16705"
"1074551","class","LineInfoAnnotation","16706","internal class LineInfoAnnotation // TypeDefIndex: 16706"
"1074564","class","LineInfoEndElementAnnotation","16707","internal class LineInfoEndElementAnnotation : LineInfoAnnotation // TypeDefIndex: 16707"
"1074573","class","XAttribute","16708","public class XAttribute : XObject // TypeDefIndex: 16708"
"1074617","class","XCData","16709","public class XCData : XText // TypeDefIndex: 16709"
"1074641","class","XComment","16710","public class XComment : XNode // TypeDefIndex: 16710"
"1074672","class","XContainer.ContentReader","16711","private sealed class XContainer.ContentReader // TypeDefIndex: 16711"
"1074698","class","XContainer.","16712","private sealed class XContainer.<Nodes>d__18 : IEnumerable<XNode>, IEnumerable, IEnumerator<XNode>, IDisposable, IEnumerator // TypeDefIndex: 16712"
"1074747","class","XContainer.","16713","private sealed class XContainer.<GetElements>d__39 : IEnumerable<XElement>, IEnumerable, IEnumerator<XElement>, IDisposable, IEnumerator // TypeDefIndex: 16713"
"1074797","class","XContainer","16714","public abstract class XContainer : XNode // TypeDefIndex: 16714"
"1074886","class","XDeclaration","16715","public class XDeclaration // TypeDefIndex: 16715"
"1074920","class","XDocument","16716","public class XDocument : XContainer // TypeDefIndex: 16716"
"1074984","class","XDocumentType","16717","public class XDocumentType : XNode // TypeDefIndex: 16717"
"1075031","class","XElement.","16718","private sealed class XElement.<GetAttributes>d__116 : IEnumerable<XAttribute>, IEnumerable, IEnumerator<XAttribute>, IDisposable, IEnumerator // TypeDefIndex: 16718"
"1075083","class","XElement","16719","public class XElement : XContainer, IXmlSerializable // TypeDefIndex: 16719"
"1075179","class","XHashtable.ExtractKeyDelegate","16720","public sealed class XHashtable.ExtractKeyDelegate<TValue> : MulticastDelegate // TypeDefIndex: 16720"
"1075207","struct","XHashtable.XHashtableState.Entry","16721","private struct XHashtable.XHashtableState.Entry<TValue> // TypeDefIndex: 16721"
"1075216","class","XHashtable.XHashtableState","16722","private sealed class XHashtable.XHashtableState<TValue> // TypeDefIndex: 16722"
"1075294","class","XHashtable","16723","internal sealed class XHashtable<TValue> // TypeDefIndex: 16723"
"1075336","struct","NamespaceCache","16724","internal struct NamespaceCache // TypeDefIndex: 16724"
"1075349","struct","ElementWriter","16725","internal struct ElementWriter // TypeDefIndex: 16725"
"1075383","class","NamespaceResolver.NamespaceDeclaration","16726","private class NamespaceResolver.NamespaceDeclaration // TypeDefIndex: 16726"
"1075398","struct","NamespaceResolver","16727","internal struct NamespaceResolver // TypeDefIndex: 16727"
"1075424","enum","XObjectChange","16728","public enum XObjectChange // TypeDefIndex: 16728"
"1075436","enum","LoadOptions","16729","public enum LoadOptions // TypeDefIndex: 16729"
"1075448","enum","SaveOptions","16730","public enum SaveOptions // TypeDefIndex: 16730"
"1075459","class","XName","16731","public sealed class XName : IEquatable<XName>, ISerializable // TypeDefIndex: 16731"
"1075518","class","XNamespace","16732","public sealed class XNamespace // TypeDefIndex: 16732"
"1075594","class","XNode","16733","public abstract class XNode : XObject // TypeDefIndex: 16733"
"1075624","class","XObject","16734","public abstract class XObject : IXmlLineInfo // TypeDefIndex: 16734"
"1075698","class","XObjectChangeAnnotation","16735","internal class XObjectChangeAnnotation // TypeDefIndex: 16735"
"1075706","class","XObjectChangeEventArgs","16736","public class XObjectChangeEventArgs : EventArgs // TypeDefIndex: 16736"
"1075725","class","XProcessingInstruction","16737","public class XProcessingInstruction : XNode // TypeDefIndex: 16737"
"1075764","class","XStreamingElement","16738","public class XStreamingElement // TypeDefIndex: 16738"
"1075772","class","XText","16739","public class XText : XNode // TypeDefIndex: 16739"
"1075809","class","StringBuilderCache","16740","internal static class StringBuilderCache // TypeDefIndex: 16740"
"1075828","class","ThrowStub","16741","internal sealed class ThrowStub : ObjectDisposedException // TypeDefIndex: 16741"
"1075843","class","EmbeddedAttribute","16743","internal sealed class EmbeddedAttribute : Attribute // TypeDefIndex: 16743"
"1075854","class","IsUnmanagedAttribute","16744","internal sealed class IsUnmanagedAttribute : Attribute // TypeDefIndex: 16744"
"1075863","struct","HierarchyFlattenedNodeChildren.Enumerator","16745","public struct HierarchyFlattenedNodeChildren.Enumerator // TypeDefIndex: 16745"
"1075892","struct","HierarchyFlattenedNodeChildren","16746","public struct HierarchyFlattenedNodeChildren // TypeDefIndex: 16746"
"1075913","struct","HierarchyNodeChildren.Enumerator","16747","public struct HierarchyNodeChildren.Enumerator // TypeDefIndex: 16747"
"1075938","struct","HierarchyNodeChildren","16748","public struct HierarchyNodeChildren // TypeDefIndex: 16748"
"1075961","struct","HierarchyNodeChildrenAlloc.","16749","public struct HierarchyNodeChildrenAlloc.<Reserved>e__FixedBuffer // TypeDefIndex: 16749"
"1075968","struct","HierarchyNodeChildrenAlloc","16750","internal struct HierarchyNodeChildrenAlloc // TypeDefIndex: 16750"
"1075980","class","HierarchyNodeTypeHandlerBase.BindingsMarshaller","16751","internal static class HierarchyNodeTypeHandlerBase.BindingsMarshaller // TypeDefIndex: 16751"
"1075989","struct","HierarchyNodeTypeHandlerBase.ConstructorScope","16752","private struct HierarchyNodeTypeHandlerBase.ConstructorScope : IDisposable // TypeDefIndex: 16752"
"1076026","class","HierarchyNodeTypeHandlerBase","16753","public abstract class HierarchyNodeTypeHandlerBase // TypeDefIndex: 16753"
"1076145","struct","HierarchyNodeTypeHandlerBaseEnumerable.Enumerator","16754","public struct HierarchyNodeTypeHandlerBaseEnumerable.Enumerator : IDisposable // TypeDefIndex: 16754"
"1076172","struct","HierarchyNodeTypeHandlerBaseEnumerable","16755","public struct HierarchyNodeTypeHandlerBaseEnumerable // TypeDefIndex: 16755"
"1076188","struct","HierarchyPropertyUnmanaged","16756","public struct HierarchyPropertyUnmanaged<T> : IEquatable<HierarchyPropertyUnmanaged<T>>, IHierarchyProperty<T> // TypeDefIndex: 16756"
"1076302","interface","IHierarchySearchQueryParser","16757","internal interface IHierarchySearchQueryParser // TypeDefIndex: 16757"
"1076306","class","DefaultHierarchySearchQueryParser","16758","internal class DefaultHierarchySearchQueryParser : IHierarchySearchQueryParser // TypeDefIndex: 16758"
"1076321","class","HierarchyViewNodesEnumerable.Predicate","16759","internal sealed class HierarchyViewNodesEnumerable.Predicate : MulticastDelegate // TypeDefIndex: 16759"
"1076333","struct","HierarchyViewNodesEnumerable.Enumerator","16760","public struct HierarchyViewNodesEnumerable.Enumerator // TypeDefIndex: 16760"
"1076365","struct","HierarchyViewNodesEnumerable","16761","public struct HierarchyViewNodesEnumerable // TypeDefIndex: 16761"
"1076382","interface","IHierarchyProperty","16762","public interface IHierarchyProperty<T> // TypeDefIndex: 16762"
"1076404","class","Hierarchy.BindingsMarshaller","16763","internal static class Hierarchy.BindingsMarshaller // TypeDefIndex: 16763"
"1076417","class","Hierarchy","16764","public sealed class Hierarchy : IDisposable // TypeDefIndex: 16764"
"1076609","class","HierarchyCommandList.BindingsMarshaller","16765","internal static class HierarchyCommandList.BindingsMarshaller // TypeDefIndex: 16765"
"1076621","class","HierarchyCommandList","16766","public sealed class HierarchyCommandList : IDisposable // TypeDefIndex: 16766"
"1076654","class","HierarchyFlattened.BindingsMarshaller","16767","internal static class HierarchyFlattened.BindingsMarshaller // TypeDefIndex: 16767"
"1076663","struct","HierarchyFlattened.Enumerator","16768","public struct HierarchyFlattened.Enumerator // TypeDefIndex: 16768"
"1076693","class","HierarchyFlattened","16769","public sealed class HierarchyFlattened : IDisposable // TypeDefIndex: 16769"
"1076815","struct","HierarchyFlattenedNode","16770","public struct HierarchyFlattenedNode : IEquatable<HierarchyFlattenedNode> // TypeDefIndex: 16770"
"1076874","struct","HierarchyNode","16771","public struct HierarchyNode : IEquatable<HierarchyNode> // TypeDefIndex: 16771"
"1076929","enum","HierarchyNodeFlags","16772","public enum HierarchyNodeFlags // TypeDefIndex: 16772"
"1076943","struct","HierarchyNodeType","16773","public struct HierarchyNodeType : IEquatable<HierarchyNodeType> // TypeDefIndex: 16773"
"1076985","struct","HierarchyPropertyDescriptor","16774","public struct HierarchyPropertyDescriptor // TypeDefIndex: 16774"
"1077007","struct","HierarchyPropertyId","16775","internal struct HierarchyPropertyId : IEquatable<HierarchyPropertyId> // TypeDefIndex: 16775"
"1077047","enum","HierarchyPropertyStorageType","16776","public enum HierarchyPropertyStorageType // TypeDefIndex: 16776"
"1077059","enum","HierarchySearchFilterOperator","16777","public enum HierarchySearchFilterOperator // TypeDefIndex: 16777"
"1077077","struct","HierarchySearchFilter","16778","public struct HierarchySearchFilter // TypeDefIndex: 16778"
"1077148","class","HierarchySearchQueryDescriptor.","16779","private sealed class HierarchySearchQueryDescriptor.<>c // TypeDefIndex: 16779"
"1077175","class","HierarchySearchQueryDescriptor","16780","public sealed class HierarchySearchQueryDescriptor // TypeDefIndex: 16780"
"1077273","class","HierarchyViewModel.BindingsMarshaller","16781","internal static class HierarchyViewModel.BindingsMarshaller // TypeDefIndex: 16781"
"1077282","struct","HierarchyViewModel.Enumerator","16782","public struct HierarchyViewModel.Enumerator // TypeDefIndex: 16782"
"1077313","class","HierarchyViewModel","16783","public sealed class HierarchyViewModel : IDisposable // TypeDefIndex: 16783"
"1077577","struct","BigQueryBigNumeric","16788","public struct BigQueryBigNumeric : IEquatable<BigQueryBigNumeric>, IComparable<BigQueryBigNumeric>, IComparable // TypeDefIndex: 16788"
"1077619","class","BigQueryClient","16789","public abstract class BigQueryClient : IDisposable // TypeDefIndex: 16789"
"1077672","class","BigQueryClientBuilder","16790","public sealed class BigQueryClientBuilder : ClientBuilderBase<BigQueryClient> // TypeDefIndex: 16790"
"1077730","class","BigQueryClientImpl.RawRowList","16791","internal sealed class BigQueryClientImpl.RawRowList : IList<TableDataInsertAllRequest.RowsData>, ICollection<TableDataInsertAllRequest.RowsData>, IEnumerable<TableDataInsertAllRequest.RowsData>, IEnumerable // TypeDefIndex: 16791"
"1077796","class","BigQueryClientImpl.","16792","private sealed class BigQueryClientImpl.<>c // TypeDefIndex: 16792"
"1077816","struct","BigQueryClientImpl.","16793","private struct BigQueryClientImpl.<InsertRowsAsync>d__75 : IAsyncStateMachine // TypeDefIndex: 16793"
"1077840","class","BigQueryClientImpl","16794","public sealed class BigQueryClientImpl : BigQueryClient // TypeDefIndex: 16794"
"1077892","class","BigQueryGeography","16795","public sealed class BigQueryGeography : IEquatable<BigQueryGeography> // TypeDefIndex: 16795"
"1077914","class","BigQueryInsertResults.","16796","private sealed class BigQueryInsertResults.<>c // TypeDefIndex: 16796"
"1077946","class","BigQueryInsertResults.","16797","private sealed class BigQueryInsertResults.<>c__DisplayClass13_0 // TypeDefIndex: 16797"
"1077966","class","BigQueryInsertResults","16798","public sealed class BigQueryInsertResults // TypeDefIndex: 16798"
"1078012","class","BigQueryInsertRow.","16799","private sealed class BigQueryInsertRow.<>c // TypeDefIndex: 16799"
"1078039","class","BigQueryInsertRow.","16800","private sealed class BigQueryInsertRow.<>c__DisplayClass21_0 // TypeDefIndex: 16800"
"1078055","class","BigQueryInsertRow","16801","public sealed class BigQueryInsertRow : IEnumerable // TypeDefIndex: 16801"
"1078110","class","BigQueryInsertRowErrors.","16802","private sealed class BigQueryInsertRowErrors.<>c // TypeDefIndex: 16802"
"1078142","class","BigQueryInsertRowErrors.","16803","private sealed class BigQueryInsertRowErrors.<>c__DisplayClass8_0 // TypeDefIndex: 16803"
"1078157","class","BigQueryInsertRowErrors","16804","public sealed class BigQueryInsertRowErrors : IEnumerable<SingleError>, IEnumerable // TypeDefIndex: 16804"
"1078183","enum","BigQueryInsertStatus","16805","public enum BigQueryInsertStatus // TypeDefIndex: 16805"
"1078193","struct","BigQueryNumeric","16806","public struct BigQueryNumeric : IEquatable<BigQueryNumeric>, IComparable<BigQueryNumeric>, IComparable // TypeDefIndex: 16806"
"1078235","class","InsertOptions","16807","public sealed class InsertOptions // TypeDefIndex: 16807"
"1078283","class","NumericType.Parameters","16808","private sealed class NumericType.Parameters // TypeDefIndex: 16808"
"1078325","class","NumericType.","16809","private sealed class NumericType.<>c // TypeDefIndex: 16809"
"1078343","class","NumericType","16810","internal sealed class NumericType // TypeDefIndex: 16810"
"1078418","class","NumericValue.","16811","private sealed class NumericValue.<>c // TypeDefIndex: 16811"
"1078437","struct","NumericValue","16812","internal struct NumericValue : IEquatable<NumericValue>, IComparable<NumericValue>, IComparable // TypeDefIndex: 16812"
"1078485","class","RetryHandler.","16813","private sealed class RetryHandler.<>c // TypeDefIndex: 16813"
"1078505","struct","RetryHandler.","16814","private struct RetryHandler.<HandleResponseAsync>d__5 : IAsyncStateMachine // TypeDefIndex: 16814"
"1078526","struct","RetryHandler.","16815","private struct RetryHandler.<IsRetriableResponse>d__4 : IAsyncStateMachine // TypeDefIndex: 16815"
"1078545","class","RetryHandler","16816","internal sealed class RetryHandler : IHttpUnsuccessfulResponseHandler // TypeDefIndex: 16816"
"1078580","class","TableSchemaBuilder","16817","public sealed class TableSchemaBuilder // TypeDefIndex: 16817"
"1078596","struct","ContactPoint","16819","public struct ContactPoint // TypeDefIndex: 16819"
"1078620","class","Collision","16820","public class Collision // TypeDefIndex: 16820"
"1078663","enum","ForceMode","16821","public enum ForceMode // TypeDefIndex: 16821"
"1078674","struct","JointLimits","16822","public struct JointLimits // TypeDefIndex: 16822"
"1078705","class","BoxCollider","16823","public class BoxCollider : Collider // TypeDefIndex: 16823"
"1078727","enum","CollisionFlags","16824","public enum CollisionFlags // TypeDefIndex: 16824"
"1078742","class","ControllerColliderHit","16825","public class ControllerColliderHit // TypeDefIndex: 16825"
"1078756","class","CharacterController","16826","public class CharacterController : Collider // TypeDefIndex: 16826"
"1078782","class","Collider","16827","public class Collider : Component // TypeDefIndex: 16827"
"1078827","class","Physics.ContactEventDelegate","16828","public sealed class Physics.ContactEventDelegate : MulticastDelegate // TypeDefIndex: 16828"
"1078842","class","Physics","16829","public class Physics // TypeDefIndex: 16829"
"1079106","struct","ModifiableContactPair","16830","public struct ModifiableContactPair // TypeDefIndex: 16830"
"1079125","class","HingeJoint","16831","public class HingeJoint : Joint // TypeDefIndex: 16831"
"1079149","class","Joint","16832","public class Joint : Component // TypeDefIndex: 16832"
"1079202","class","MeshCollider","16833","public class MeshCollider : Collider // TypeDefIndex: 16833"
"1079223","enum","QueryTriggerInteraction","16834","public enum QueryTriggerInteraction // TypeDefIndex: 16834"
"1079235","struct","ContactPairHeader","16835","public struct ContactPairHeader // TypeDefIndex: 16835"
"1079271","struct","ContactPair","16836","public struct ContactPair // TypeDefIndex: 16836"
"1079323","struct","ContactPairPoint","16837","public struct ContactPairPoint // TypeDefIndex: 16837"
"1079355","enum","CollisionPairHeaderFlags","16838","internal enum CollisionPairHeaderFlags // TypeDefIndex: 16838"
"1079364","enum","CollisionPairFlags","16839","internal enum CollisionPairFlags // TypeDefIndex: 16839"
"1079377","enum","CollisionPairEventFlags","16840","internal enum CollisionPairEventFlags // TypeDefIndex: 16840"
"1079404","struct","PhysicsScene","16841","public struct PhysicsScene : IEquatable<PhysicsScene> // TypeDefIndex: 16841"
"1079479","struct","RaycastHit","16842","public struct RaycastHit // TypeDefIndex: 16842"
"1079525","enum","RigidbodyConstraints","16843","public enum RigidbodyConstraints // TypeDefIndex: 16843"
"1079544","class","Rigidbody","16844","public class Rigidbody : Component // TypeDefIndex: 16844"
"1079685","class","SphereCollider","16845","public class SphereCollider : Collider // TypeDefIndex: 16845"
"1079710","enum","Asn1EndOfIndefiniteLengthNodeType","16847","public enum Asn1EndOfIndefiniteLengthNodeType // TypeDefIndex: 16847"
"1079720","class","Asn1Node","16848","internal class Asn1Node // TypeDefIndex: 16848"
"1079921","class","Asn1Parser","16849","internal class Asn1Parser // TypeDefIndex: 16849"
"1079952","class","Asn1Util","16850","internal class Asn1Util // TypeDefIndex: 16850"
"1079991","class","Oid","16851","internal class Oid // TypeDefIndex: 16851"
"1080015","class","RelativeOid","16852","internal class RelativeOid : Oid // TypeDefIndex: 16852"
"1080027","class","AppleValidator","16853","public class AppleValidator // TypeDefIndex: 16853"
"1080043","class","AppleReceiptParser","16854","public class AppleReceiptParser // TypeDefIndex: 16854"
"1080093","class","DistinguishedName","16855","internal class DistinguishedName // TypeDefIndex: 16855"
"1080185","class","X509Cert","16856","internal class X509Cert // TypeDefIndex: 16856"
"1080305","class","InvalidTimeFormat","16857","public class InvalidTimeFormat : IAPSecurityException // TypeDefIndex: 16857"
"1080314","class","InvalidX509Data","16858","public class InvalidX509Data : IAPSecurityException // TypeDefIndex: 16858"
"1080323","class","StoreNotSupportedException","16859","public class StoreNotSupportedException : IAPSecurityException // TypeDefIndex: 16859"
"1080332","class","InvalidBundleIdException","16860","public class InvalidBundleIdException : IAPSecurityException // TypeDefIndex: 16860"
"1080341","class","InvalidReceiptDataException","16861","public class InvalidReceiptDataException : IAPSecurityException // TypeDefIndex: 16861"
"1080350","class","MissingStoreSecretException","16862","public class MissingStoreSecretException : IAPSecurityException // TypeDefIndex: 16862"
"1080359","class","InvalidPublicKeyException","16863","public class InvalidPublicKeyException : IAPSecurityException // TypeDefIndex: 16863"
"1080368","class","GenericValidationException","16864","public class GenericValidationException : IAPSecurityException // TypeDefIndex: 16864"
"1080377","class","CrossPlatformValidator","16865","public class CrossPlatformValidator // TypeDefIndex: 16865"
"1080398","enum","GooglePurchaseState","16866","public enum GooglePurchaseState // TypeDefIndex: 16866"
"1080409","class","GooglePlayReceipt","16867","public class GooglePlayReceipt : IPurchaseReceipt // TypeDefIndex: 16867"
"1080476","class","GooglePlayValidator","16868","internal class GooglePlayValidator // TypeDefIndex: 16868"
"1080492","class","Obfuscator.","16869","private sealed class Obfuscator.<>c__DisplayClass0_0 // TypeDefIndex: 16869"
"1080507","class","Obfuscator","16870","public static class Obfuscator // TypeDefIndex: 16870"
"1080516","class","PKCS7","16871","internal class PKCS7 // TypeDefIndex: 16871"
"1080585","class","SignerInfo","16872","internal class SignerInfo // TypeDefIndex: 16872"
"1080631","class","InvalidPKCS7Data","16873","public class InvalidPKCS7Data : IAPSecurityException // TypeDefIndex: 16873"
"1080640","class","UnsupportedSignerInfoVersion","16874","public class UnsupportedSignerInfoVersion : IAPSecurityException // TypeDefIndex: 16874"
"1080649","class","RSAKey","16875","internal class RSAKey // TypeDefIndex: 16875"
"1080688","class","InvalidRSAData","16876","public class InvalidRSAData : IAPSecurityException // TypeDefIndex: 16876"
"1080718","struct","UnitySourceGeneratedAssemblyMonoScriptTypes_v1.MonoScriptData","16880","private struct UnitySourceGeneratedAssemblyMonoScriptTypes_v1.MonoScriptData // TypeDefIndex: 16880"
"1080732","class","UnitySourceGeneratedAssemblyMonoScriptTypes_v1","16881","internal class UnitySourceGeneratedAssemblyMonoScriptTypes_v1 // TypeDefIndex: 16881"
"1080744","class","Attributes","16882","public static class Attributes // TypeDefIndex: 16882"
"1080783","class","ConversionValuesParams","16883","public class ConversionValuesParams // TypeDefIndex: 16883"
"1080823","class","Events","16884","public static class Events // TypeDefIndex: 16884"
"1080853","class","ShortLinkParams","16885","public class ShortLinkParams // TypeDefIndex: 16885"
"1080884","class","SingularAdData.AdPlatforms","16886","public static class SingularAdData.AdPlatforms // TypeDefIndex: 16886"
"1080896","class","SingularAdData","16887","public class SingularAdData : Dictionary<string, object> // TypeDefIndex: 16887"
"1080969","interface","SingularConversionValueUpdatedHandler","16888","public interface SingularConversionValueUpdatedHandler // TypeDefIndex: 16888"
"1080978","interface","SingularConversionValuesUpdatedHandler","16889","public interface SingularConversionValuesUpdatedHandler // TypeDefIndex: 16889"
"1080987","interface","SingularDeferredDeepLinkHandler","16890","public interface SingularDeferredDeepLinkHandler // TypeDefIndex: 16890"
"1080996","interface","SingularDeviceAttributionCallbackHandler","16891","public interface SingularDeviceAttributionCallbackHandler // TypeDefIndex: 16891"
"1081005","interface","SingularLinkHandler","16892","public interface SingularLinkHandler // TypeDefIndex: 16892"
"1081015","class","SingularLinkParams","16893","public class SingularLinkParams // TypeDefIndex: 16893"
"1081064","class","ShortLinkCallback","16894","public sealed class ShortLinkCallback : MulticastDelegate // TypeDefIndex: 16894"
"1081082","enum","SingularSDK.NSType","16895","private enum SingularSDK.NSType // TypeDefIndex: 16895"
"1081097","class","SingularSDK.SingularConfig","16896","private class SingularSDK.SingularConfig // TypeDefIndex: 16896"
"1081115","class","SingularSDK.SingularGlobalProperty","16897","private class SingularSDK.SingularGlobalProperty // TypeDefIndex: 16897"
"1081161","class","SingularSDK","16898","public class SingularSDK : MonoBehaviour // TypeDefIndex: 16898"
"1081478","interface","SingularSdidAccessorHandler","16899","public interface SingularSdidAccessorHandler // TypeDefIndex: 16899"
"1081490","enum","SingularUnityLogger.LogLevel","16900","public enum SingularUnityLogger.LogLevel // TypeDefIndex: 16900"
"1081503","class","SingularUnityLogger","16901","internal class SingularUnityLogger // TypeDefIndex: 16901"
"1081544","class","Utilities","16902","public static class Utilities // TypeDefIndex: 16902"
"1081577","enum","NotificationStyle","16907","public enum NotificationStyle // TypeDefIndex: 16907"
"1081587","enum","GroupAlertBehaviours","16908","public enum GroupAlertBehaviours // TypeDefIndex: 16908"
"1081597","struct","BigPictureStyle","16909","public struct BigPictureStyle // TypeDefIndex: 16909"
"1081679","struct","AndroidNotification","16910","public struct AndroidNotification // TypeDefIndex: 16910"
"1081921","class","NotificationCallback","16911","internal class NotificationCallback : AndroidJavaProxy // TypeDefIndex: 16911"
"1081936","struct","NotificationManagerJni","16912","internal struct NotificationManagerJni // TypeDefIndex: 16912"
"1082024","struct","NotificationJni","16913","internal struct NotificationJni // TypeDefIndex: 16913"
"1082075","struct","NotificationBuilderJni","16914","internal struct NotificationBuilderJni // TypeDefIndex: 16914"
"1082130","struct","BundleJni","16915","internal struct BundleJni // TypeDefIndex: 16915"
"1082180","struct","JniApi","16916","internal struct JniApi // TypeDefIndex: 16916"
"1082201","class","AndroidNotificationCenter.NotificationReceivedCallback","16917","public sealed class AndroidNotificationCenter.NotificationReceivedCallback : MulticastDelegate // TypeDefIndex: 16917"
"1082215","class","AndroidNotificationCenter.","16918","private sealed class AndroidNotificationCenter.<>c // TypeDefIndex: 16918"
"1082234","class","AndroidNotificationCenter.","16919","private sealed class AndroidNotificationCenter.<>c__DisplayClass31_0 // TypeDefIndex: 16919"
"1082249","class","AndroidNotificationCenter","16920","public class AndroidNotificationCenter // TypeDefIndex: 16920"
"1082326","enum","Importance","16921","public enum Importance // TypeDefIndex: 16921"
"1082337","enum","LockScreenVisibility","16922","public enum LockScreenVisibility // TypeDefIndex: 16922"
"1082347","struct","AndroidNotificationChannel","16923","public struct AndroidNotificationChannel // TypeDefIndex: 16923"
"1082490","class","AndroidNotificationExtensions","16924","internal static class AndroidNotificationExtensions // TypeDefIndex: 16924"
"1082532","class","AndroidNotificationIntentData","16925","public class AndroidNotificationIntentData // TypeDefIndex: 16925"
"1082563","class","AndroidReceivedNotificationMainThreadDispatcher","16926","public class AndroidReceivedNotificationMainThreadDispatcher : MonoBehaviour // TypeDefIndex: 16926"
"1082592","enum","PermissionStatus","16927","public enum PermissionStatus // TypeDefIndex: 16927"
"1082605","class","PermissionRequest","16928","public class PermissionRequest // TypeDefIndex: 16928"
"1082647","interface","IUnityThreadUtils","16930","public interface IUnityThreadUtils : IServiceComponent // TypeDefIndex: 16930"
"1082651","interface","IDiagnostics","16931","public interface IDiagnostics // TypeDefIndex: 16931"
"1082660","interface","IDiagnosticsComponentProvider","16932","internal interface IDiagnosticsComponentProvider // TypeDefIndex: 16932"
"1082664","interface","IDiagnosticsFactory","16933","public interface IDiagnosticsFactory : IServiceComponent // TypeDefIndex: 16933"
"1082673","interface","IMetrics","16934","public interface IMetrics // TypeDefIndex: 16934"
"1082688","interface","IMetricsFactory","16935","public interface IMetricsFactory : IServiceComponent // TypeDefIndex: 16935"
"1082697","interface","IActionScheduler","16936","public interface IActionScheduler : IServiceComponent // TypeDefIndex: 16936"
"1082701","interface","IEnvironments","16937","public interface IEnvironments : IServiceComponent // TypeDefIndex: 16937"
"1082713","interface","IInstallationId","16938","public interface IInstallationId : IServiceComponent // TypeDefIndex: 16938"
"1082717","interface","ICloudProjectId","16939","public interface ICloudProjectId : IServiceComponent // TypeDefIndex: 16939"
"1082726","interface","IExternalUserId","16940","public interface IExternalUserId : IServiceComponent // TypeDefIndex: 16940"
"1082730","interface","IProjectConfiguration","16941","public interface IProjectConfiguration : IServiceComponent // TypeDefIndex: 16941"
"1082739","interface","IAnalyticsStandardEventComponent","16942","public interface IAnalyticsStandardEventComponent : IServiceComponent // TypeDefIndex: 16942"
"1082743","class","AsyncOperationBase","16943","internal abstract class AsyncOperationBase : CustomYieldInstruction // TypeDefIndex: 16943"
"1082759","class","TaskAsyncOperation","16944","internal class TaskAsyncOperation : AsyncOperationBase // TypeDefIndex: 16944"
"1082779","class","CoreLogger","16945","internal static class CoreLogger // TypeDefIndex: 16945"
"1082794","class","CircularDependencyException","16946","public class CircularDependencyException : ServicesInitializationException // TypeDefIndex: 16946"
"1082803","class","ComponentRegistry","16947","internal class ComponentRegistry : IComponentRegistry // TypeDefIndex: 16947"
"1082852","interface","IComponentRegistry","16948","internal interface IComponentRegistry // TypeDefIndex: 16948"
"1082877","class","LockedComponentRegistry","16949","internal class LockedComponentRegistry : IComponentRegistry // TypeDefIndex: 16949"
"1082923","class","CorePackageRegistry","16950","public sealed class CorePackageRegistry // TypeDefIndex: 16950"
"1082973","struct","CoreRegistration","16951","public struct CoreRegistration // TypeDefIndex: 16951"
"1083019","class","CoreRegistry","16952","public sealed class CoreRegistry // TypeDefIndex: 16952"
"1083135","struct","CoreRegistryInitializer.","16953","private struct CoreRegistryInitializer.<>c__DisplayClass3_0.<<InitializeRegistryAsync>g__InitializePackageAsync|2>d : IAsyncStateMachine // TypeDefIndex: 16953"
"1083155","struct","CoreRegistryInitializer.","16954","private struct CoreRegistryInitializer.<>c__DisplayClass3_0.<<InitializeRegistryAsync>g__TryInitializePackageAsync|0>d : IAsyncStateMachine // TypeDefIndex: 16954"
"1083176","class","CoreRegistryInitializer.","16955","private sealed class CoreRegistryInitializer.<>c__DisplayClass3_0 // TypeDefIndex: 16955"
"1083207","struct","CoreRegistryInitializer.","16956","private struct CoreRegistryInitializer.<InitializeRegistryAsync>d__3 : IAsyncStateMachine // TypeDefIndex: 16956"
"1083228","class","CoreRegistryInitializer","16957","internal class CoreRegistryInitializer // TypeDefIndex: 16957"
"1083247","class","DependencyTree","16958","internal class DependencyTree // TypeDefIndex: 16958"
"1083265","class","DependencyTreeSortFailedException","16959","internal class DependencyTreeSortFailedException : Exception // TypeDefIndex: 16959"
"1083278","class","DependencyTreeExtensions","16960","internal static class DependencyTreeExtensions // TypeDefIndex: 16960"
"1083305","enum","DependencyTreeInitializeOrderSorter.ExplorationMark","16961","private enum DependencyTreeInitializeOrderSorter.ExplorationMark // TypeDefIndex: 16961"
"1083315","struct","DependencyTreeInitializeOrderSorter","16962","internal struct DependencyTreeInitializeOrderSorter // TypeDefIndex: 16962"
"1083356","class","HashException","16963","internal class HashException : Exception // TypeDefIndex: 16963"
"1083379","class","DependencyTreePackageHashException","16964","internal class DependencyTreePackageHashException : HashException // TypeDefIndex: 16964"
"1083391","class","DependencyTreeComponentHashException","16965","internal class DependencyTreeComponentHashException : HashException // TypeDefIndex: 16965"
"1083400","interface","IInitializablePackage","16966","public interface IInitializablePackage // TypeDefIndex: 16966"
"1083409","interface","IInitializablePackageV2","16967","public interface IInitializablePackageV2 : IInitializablePackage // TypeDefIndex: 16967"
"1083418","interface","IServiceComponent","16968","public interface IServiceComponent // TypeDefIndex: 16968"
"1083422","class","MissingComponent","16969","internal class MissingComponent : IServiceComponent // TypeDefIndex: 16969"
"1083442","class","PackageInitializationInfo","16970","internal class PackageInitializationInfo // TypeDefIndex: 16970"
"1083455","interface","IPackageRegistry","16971","internal interface IPackageRegistry // TypeDefIndex: 16971"
"1083500","class","LockedPackageRegistry","16972","internal class LockedPackageRegistry : IPackageRegistry // TypeDefIndex: 16972"
"1083569","class","PackageRegistry","16973","internal class PackageRegistry : IPackageRegistry // TypeDefIndex: 16973"
"1083640","interface","IServiceRegistry","16974","internal interface IServiceRegistry // TypeDefIndex: 16974"
"1083644","class","ServiceRegistry","16975","internal class ServiceRegistry : IServiceRegistry // TypeDefIndex: 16975"
"1083657","enum","ServicesType","16976","internal enum ServicesType // TypeDefIndex: 16976"
"1083666","class","CoreDiagnostics","16977","internal class CoreDiagnostics // TypeDefIndex: 16977"
"1083699","class","CoreMetrics","16978","internal class CoreMetrics // TypeDefIndex: 16978"
"1083726","struct","UnityServicesInitializer.","16979","private struct UnityServicesInitializer.<EnableServicesInitializationAsync>d__2 : IAsyncStateMachine // TypeDefIndex: 16979"
"1083744","class","UnityServicesInitializer","16980","internal static class UnityServicesInitializer // TypeDefIndex: 16980"
"1083765","struct","UnityServicesInternal.","16981","private struct UnityServicesInternal.<>c__DisplayClass33_0.<<InitializeServicesAsync>g__InitializePackagesAsync|1>d : IAsyncStateMachine // TypeDefIndex: 16981"
"1083785","class","UnityServicesInternal.","16982","private sealed class UnityServicesInternal.<>c__DisplayClass33_0 // TypeDefIndex: 16982"
"1083814","struct","UnityServicesInternal.","16983","private struct UnityServicesInternal.<EnableInitializationAsync>d__36 : IAsyncStateMachine // TypeDefIndex: 16983"
"1083834","struct","UnityServicesInternal.","16984","private struct UnityServicesInternal.<InitializeAsync>d__27 : IAsyncStateMachine // TypeDefIndex: 16984"
"1083856","struct","UnityServicesInternal.","16985","private struct UnityServicesInternal.<InitializeServicesAsync>d__33 : IAsyncStateMachine // TypeDefIndex: 16985"
"1083876","class","UnityServicesInternal","16986","internal class UnityServicesInternal : IUnityServices // TypeDefIndex: 16986"
"1083947","class","DictionaryExtensions","16987","internal static class DictionaryExtensions // TypeDefIndex: 16987"
"1083990","class","UnityWebRequestUtils.","16988","private sealed class UnityWebRequestUtils.<>c__DisplayClass2_0 // TypeDefIndex: 16988"
"1084006","class","UnityWebRequestUtils","16989","internal static class UnityWebRequestUtils // TypeDefIndex: 16989"
"1084019","interface","IJsonSerializer","16990","internal interface IJsonSerializer // TypeDefIndex: 16990"
"1084034","class","NewtonsoftSerializer","16991","internal class NewtonsoftSerializer : IJsonSerializer // TypeDefIndex: 16991"
"1084065","class","Il2CppEagerStaticClassConstructionAttribute","16993","internal class Il2CppEagerStaticClassConstructionAttribute : Attribute // TypeDefIndex: 16993"
"1084074","struct","math.LongDoubleUnion","16994","internal struct math.LongDoubleUnion // TypeDefIndex: 16994"
"1084083","class","math","16995","public static class math // TypeDefIndex: 16995"
"1084506","class","bool2.DebuggerProxy","16996","internal sealed class bool2.DebuggerProxy // TypeDefIndex: 16996"
"1084514","struct","bool2","16997","public struct bool2 : IEquatable<bool2> // TypeDefIndex: 16997"
"1084539","class","bool4.DebuggerProxy","16998","internal sealed class bool4.DebuggerProxy // TypeDefIndex: 16998"
"1084547","struct","bool4","16999","public struct bool4 : IEquatable<bool4> // TypeDefIndex: 16999"
"1084580","class","double2.DebuggerProxy","17000","internal sealed class double2.DebuggerProxy // TypeDefIndex: 17000"
"1084588","struct","double2","17001","public struct double2 : IEquatable<double2>, IFormattable // TypeDefIndex: 17001"
"1084626","class","float2.DebuggerProxy","17002","internal sealed class float2.DebuggerProxy // TypeDefIndex: 17002"
"1084634","struct","float2","17003","public struct float2 : IEquatable<float2>, IFormattable // TypeDefIndex: 17003"
"1084717","struct","float2x2","17004","public struct float2x2 : IEquatable<float2x2>, IFormattable // TypeDefIndex: 17004"
"1084752","class","float3.DebuggerProxy","17005","internal sealed class float3.DebuggerProxy // TypeDefIndex: 17005"
"1084760","struct","float3","17006","public struct float3 : IEquatable<float3>, IFormattable // TypeDefIndex: 17006"
"1084890","struct","float3x3","17007","public struct float3x3 : IEquatable<float3x3>, IFormattable // TypeDefIndex: 17007"
"1084932","class","float4.DebuggerProxy","17008","internal sealed class float4.DebuggerProxy // TypeDefIndex: 17008"
"1084940","struct","float4","17009","public struct float4 : IEquatable<float4>, IFormattable // TypeDefIndex: 17009"
"1085084","struct","float4x4","17010","public struct float4x4 : IEquatable<float4x4>, IFormattable // TypeDefIndex: 17010"
"1085142","struct","half","17011","public struct half : IEquatable<half>, IFormattable // TypeDefIndex: 17011"
"1085172","class","int2.DebuggerProxy","17012","internal sealed class int2.DebuggerProxy // TypeDefIndex: 17012"
"1085180","struct","int2","17013","public struct int2 : IEquatable<int2>, IFormattable // TypeDefIndex: 17013"
"1085243","class","int3.DebuggerProxy","17014","internal sealed class int3.DebuggerProxy // TypeDefIndex: 17014"
"1085251","struct","int3","17015","public struct int3 : IEquatable<int3>, IFormattable // TypeDefIndex: 17015"
"1085280","class","int4.DebuggerProxy","17016","internal sealed class int4.DebuggerProxy // TypeDefIndex: 17016"
"1085288","struct","int4","17017","public struct int4 : IEquatable<int4>, IFormattable // TypeDefIndex: 17017"
"1085342","struct","quaternion","17018","public struct quaternion : IEquatable<quaternion>, IFormattable // TypeDefIndex: 17018"
"1085385","class","uint2.DebuggerProxy","17019","internal sealed class uint2.DebuggerProxy // TypeDefIndex: 17019"
"1085393","struct","uint2","17020","public struct uint2 : IEquatable<uint2>, IFormattable // TypeDefIndex: 17020"
"1085427","class","uint3.DebuggerProxy","17021","internal sealed class uint3.DebuggerProxy // TypeDefIndex: 17021"
"1085435","struct","uint3","17022","public struct uint3 : IEquatable<uint3>, IFormattable // TypeDefIndex: 17022"
"1085476","class","uint4.DebuggerProxy","17023","internal sealed class uint4.DebuggerProxy // TypeDefIndex: 17023"
"1085484","struct","uint4","17024","public struct uint4 : IEquatable<uint4>, IFormattable // TypeDefIndex: 17024"
"1085545","class","SharedBetweenAnimatorsAttribute","17026","public sealed class SharedBetweenAnimatorsAttribute : Attribute // TypeDefIndex: 17026"
"1085550","class","StateMachineBehaviour","17027","public abstract class StateMachineBehaviour : ScriptableObject // TypeDefIndex: 17027"
"1085601","enum","PlayMode","17028","public enum PlayMode // TypeDefIndex: 17028"
"1085610","enum","AnimationEventSource","17029","internal enum AnimationEventSource // TypeDefIndex: 17029"
"1085620","class","Animation.Enumerator","17030","private sealed class Animation.Enumerator : IEnumerator // TypeDefIndex: 17030"
"1085647","class","Animation","17031","public sealed class Animation : Behaviour, IEnumerable // TypeDefIndex: 17031"
"1085765","class","AnimationState.BindingsMarshaller","17032","internal static class AnimationState.BindingsMarshaller // TypeDefIndex: 17032"
"1085776","class","AnimationState","17033","public sealed class AnimationState : TrackedReference // TypeDefIndex: 17033"
"1085830","struct","AnimationEventBlittable","17034","internal struct AnimationEventBlittable : IDisposable // TypeDefIndex: 17034"
"1085863","class","AnimationEvent","17035","public sealed class AnimationEvent // TypeDefIndex: 17035"
"1085887","class","AnimationClip","17036","public sealed class AnimationClip : Motion // TypeDefIndex: 17036"
"1085918","class","GCHandlePool","17037","internal class GCHandlePool // TypeDefIndex: 17037"
"1085934","enum","StateInfoIndex","17038","internal enum StateInfoIndex // TypeDefIndex: 17038"
"1085948","struct","AnimatorClipInfo","17039","public struct AnimatorClipInfo // TypeDefIndex: 17039"
"1085977","struct","AnimatorStateInfo","17040","public struct AnimatorStateInfo // TypeDefIndex: 17040"
"1086018","struct","AnimatorTransitionInfo","17041","public struct AnimatorTransitionInfo // TypeDefIndex: 17041"
"1086044","class","Animator","17042","public class Animator : Behaviour // TypeDefIndex: 17042"
"1086166","class","AnimatorOverrideController.OnOverrideControllerDirtyCallback","17043","internal sealed class AnimatorOverrideController.OnOverrideControllerDirtyCallback : MulticastDelegate // TypeDefIndex: 17043"
"1086183","class","AnimatorOverrideController","17044","public class AnimatorOverrideController : RuntimeAnimatorController // TypeDefIndex: 17044"
"1086200","struct","SkeletonBone","17045","public struct SkeletonBone // TypeDefIndex: 17045"
"1086219","struct","HumanLimit","17046","public struct HumanLimit // TypeDefIndex: 17046"
"1086233","struct","HumanBone","17047","public struct HumanBone // TypeDefIndex: 17047"
"1086244","class","Motion","17048","public class Motion : Object // TypeDefIndex: 17048"
"1086271","class","RuntimeAnimatorController","17049","public class RuntimeAnimatorController : Object // TypeDefIndex: 17049"
"1086282","class","DiscreteEvaluationAttribute","17050","public class DiscreteEvaluationAttribute : Attribute // TypeDefIndex: 17050"
"1086288","class","NotKeyableAttribute","17051","public class NotKeyableAttribute : Attribute // TypeDefIndex: 17051"
"1086296","struct","AnimationClipPlayable","17052","public struct AnimationClipPlayable : IEquatable<AnimationClipPlayable> // TypeDefIndex: 17052"
"1086315","struct","AnimationHumanStream","17053","public struct AnimationHumanStream // TypeDefIndex: 17053"
"1086327","struct","AnimationLayerMixerPlayable","17054","public struct AnimationLayerMixerPlayable : IEquatable<AnimationLayerMixerPlayable> // TypeDefIndex: 17054"
"1086358","struct","AnimationMixerPlayable","17055","public struct AnimationMixerPlayable : IEquatable<AnimationMixerPlayable> // TypeDefIndex: 17055"
"1086383","struct","AnimationMotionXToDeltaPlayable","17056","internal struct AnimationMotionXToDeltaPlayable : IEquatable<AnimationMotionXToDeltaPlayable> // TypeDefIndex: 17056"
"1086410","struct","AnimationOffsetPlayable","17057","internal struct AnimationOffsetPlayable : IEquatable<AnimationOffsetPlayable> // TypeDefIndex: 17057"
"1086439","struct","AnimationPlayableOutput","17058","public struct AnimationPlayableOutput // TypeDefIndex: 17058"
"1086451","struct","AnimationPosePlayable","17059","internal struct AnimationPosePlayable : IEquatable<AnimationPosePlayable> // TypeDefIndex: 17059"
"1086478","struct","AnimationRemoveScalePlayable","17060","internal struct AnimationRemoveScalePlayable : IEquatable<AnimationRemoveScalePlayable> // TypeDefIndex: 17060"
"1086506","struct","AnimationScriptPlayable","17061","public struct AnimationScriptPlayable : IEquatable<AnimationScriptPlayable> // TypeDefIndex: 17061"
"1086532","struct","AnimationStream","17062","public struct AnimationStream // TypeDefIndex: 17062"
"1086552","struct","AnimatorControllerPlayable","17063","public struct AnimatorControllerPlayable : IEquatable<AnimatorControllerPlayable> // TypeDefIndex: 17063"
"1086581","enum","ETagAction","17065","public enum ETagAction // TypeDefIndex: 17065"
"1086592","class","FileDataStore","17066","public class FileDataStore : IDataStore // TypeDefIndex: 17066"
"1086650","class","ResumableUpload","17067","public abstract class ResumableUpload // TypeDefIndex: 17067"
"1086689","class","ResumableUpload","17068","public class ResumableUpload<TRequest> : ResumableUpload // TypeDefIndex: 17068"
"1086785","class","ResumableUpload","17069","public class ResumableUpload<TRequest, TResponse> : ResumableUpload<TRequest> // TypeDefIndex: 17069"
"1086802","class","ResumableUploadOptions","17070","public sealed class ResumableUploadOptions // TypeDefIndex: 17070"
"1086846","class","BaseClientService.Initializer.","17071","private sealed class BaseClientService.Initializer.<>c // TypeDefIndex: 17071"
"1086865","class","BaseClientService.Initializer","17072","public class BaseClientService.Initializer // TypeDefIndex: 17072"
"1086995","struct","BaseClientService.","17073","private struct BaseClientService.<DeserializeResponse>d__39<T> : IAsyncStateMachine // TypeDefIndex: 17073"
"1087031","class","BaseClientService","17074","public abstract class BaseClientService : IClientService, IDisposable // TypeDefIndex: 17074"
"1087182","interface","IClientService","17075","public interface IClientService : IDisposable // TypeDefIndex: 17075"
"1087233","struct","HttpResponseMessageExtensions.","17076","private struct HttpResponseMessageExtensions.<DeserializeErrorAsync>d__0 : IAsyncStateMachine // TypeDefIndex: 17076"
"1087255","class","HttpResponseMessageExtensions","17077","internal static class HttpResponseMessageExtensions // TypeDefIndex: 17077"
"1087266","class","ClientServiceRequest","17078","public abstract class ClientServiceRequest // TypeDefIndex: 17078"
"1087297","struct","ClientServiceRequest.","17079","private struct ClientServiceRequest.<ExecuteAsync>d__31<TResponse> : IAsyncStateMachine // TypeDefIndex: 17079"
"1087336","struct","ClientServiceRequest.","17080","private struct ClientServiceRequest.<ExecuteUnparsedAsync>d__34<TResponse> : IAsyncStateMachine // TypeDefIndex: 17080"
"1087374","struct","ClientServiceRequest.","17081","private struct ClientServiceRequest.<ParseResponse>d__35<TResponse> : IAsyncStateMachine // TypeDefIndex: 17081"
"1087411","class","ClientServiceRequest","17082","public abstract class ClientServiceRequest<TResponse> : ClientServiceRequest // TypeDefIndex: 17082"
"1087671","class","HttpRequestMessageExtenstions","17083","internal static class HttpRequestMessageExtenstions // TypeDefIndex: 17083"
"1087687","interface","IDirectResponseSchema","17084","public interface IDirectResponseSchema // TypeDefIndex: 17084"
"1087704","class","VersionHeaderBuilder.","17085","private sealed class VersionHeaderBuilder.<>c // TypeDefIndex: 17085"
"1087727","class","VersionHeaderBuilder","17086","public sealed class VersionHeaderBuilder // TypeDefIndex: 17086"
"1087785","struct","PhysicsScene2D","17088","public struct PhysicsScene2D : IEquatable<PhysicsScene2D> // TypeDefIndex: 17088"
"1087879","class","Physics2D","17089","public class Physics2D // TypeDefIndex: 17089"
"1088010","enum","RigidbodyConstraints2D","17090","public enum RigidbodyConstraints2D // TypeDefIndex: 17090"
"1088023","enum","RigidbodyType2D","17091","public enum RigidbodyType2D // TypeDefIndex: 17091"
"1088033","enum","ForceMode2D","17092","public enum ForceMode2D // TypeDefIndex: 17092"
"1088042","enum","PhysicsShapeType2D","17093","public enum PhysicsShapeType2D // TypeDefIndex: 17093"
"1088055","struct","PhysicsShape2D","17094","public struct PhysicsShape2D // TypeDefIndex: 17094"
"1088090","struct","PhysicsShapeGroup2D.GroupState","17095","internal struct PhysicsShapeGroup2D.GroupState // TypeDefIndex: 17095"
"1088107","class","PhysicsShapeGroup2D","17096","public class PhysicsShapeGroup2D // TypeDefIndex: 17096"
"1088140","struct","ContactFilter2D","17097","public struct ContactFilter2D // TypeDefIndex: 17097"
"1088183","class","Collision2D","17098","public class Collision2D // TypeDefIndex: 17098"
"1088221","struct","ContactPoint2D","17099","public struct ContactPoint2D // TypeDefIndex: 17099"
"1088261","struct","JointAngleLimits2D","17100","public struct JointAngleLimits2D // TypeDefIndex: 17100"
"1088284","struct","RaycastHit2D","17101","public struct RaycastHit2D // TypeDefIndex: 17101"
"1088332","class","Rigidbody2D","17102","public sealed class Rigidbody2D : Component // TypeDefIndex: 17102"
"1088470","enum","Collider2D.CompositeOperation","17103","public enum Collider2D.CompositeOperation // TypeDefIndex: 17103"
"1088485","class","Collider2D","17104","public class Collider2D : Behaviour // TypeDefIndex: 17104"
"1088577","class","CircleCollider2D","17105","public sealed class CircleCollider2D : Collider2D // TypeDefIndex: 17105"
"1088593","class","CapsuleCollider2D","17106","public sealed class CapsuleCollider2D : Collider2D // TypeDefIndex: 17106"
"1088598","class","BoxCollider2D","17107","public sealed class BoxCollider2D : Collider2D // TypeDefIndex: 17107"
"1088623","class","PolygonCollider2D","17108","public sealed class PolygonCollider2D : Collider2D // TypeDefIndex: 17108"
"1088654","class","Joint2D","17109","public class Joint2D : Behaviour // TypeDefIndex: 17109"
"1088679","class","AnchoredJoint2D","17110","public class AnchoredJoint2D : Joint2D // TypeDefIndex: 17110"
"1088704","class","HingeJoint2D","17111","public sealed class HingeJoint2D : AnchoredJoint2D // TypeDefIndex: 17111"
"1088730","class","Effector2D","17112","public class Effector2D : Behaviour // TypeDefIndex: 17112"
"1088740","class","BuoyancyEffector2D","17113","public class BuoyancyEffector2D : Effector2D // TypeDefIndex: 17113"
"1088759","class","PhysicsMaterial2D","17114","public sealed class PhysicsMaterial2D : Object // TypeDefIndex: 17114"
"1088767","enum","OptimizeFor","17116","public enum OptimizeFor // TypeDefIndex: 17116"
"1088779","enum","FloatMode","17117","public enum FloatMode // TypeDefIndex: 17117"
"1088790","enum","FloatPrecision","17118","public enum FloatPrecision // TypeDefIndex: 17118"
"1088802","class","BurstCompileAttribute","17119","public class BurstCompileAttribute : Attribute // TypeDefIndex: 17119"
"1088857","class","BurstCompiler.BurstCompilerHelper.IsBurstEnabledDelegate","17120","private sealed class BurstCompiler.BurstCompilerHelper.IsBurstEnabledDelegate : MulticastDelegate // TypeDefIndex: 17120"
"1088870","class","BurstCompiler.BurstCompilerHelper.IsBurstEnabled_00000145$PostfixBurstDelegate","17121","internal sealed class BurstCompiler.BurstCompilerHelper.IsBurstEnabled_00000145$PostfixBurstDelegate : MulticastDelegate // TypeDefIndex: 17121"
"1088882","class","BurstCompiler.BurstCompilerHelper.IsBurstEnabled_00000145$BurstDirectCall","17122","internal static class BurstCompiler.BurstCompilerHelper.IsBurstEnabled_00000145$BurstDirectCall // TypeDefIndex: 17122"
"1088902","class","BurstCompiler.BurstCompilerHelper","17123","internal static class BurstCompiler.BurstCompilerHelper // TypeDefIndex: 17123"
"1088932","class","BurstCompiler.FakeDelegate","17124","private class BurstCompiler.FakeDelegate // TypeDefIndex: 17124"
"1088952","class","BurstCompiler.","17125","private sealed class BurstCompiler.<>c // TypeDefIndex: 17125"
"1088971","class","BurstCompiler","17126","public static class BurstCompiler // TypeDefIndex: 17126"
"1089008","class","BurstCompilerOptions","17127","public sealed class BurstCompilerOptions // TypeDefIndex: 17127"
"1089072","struct","BurstRuntime.HashCode64","17128","private struct BurstRuntime.HashCode64<T> // TypeDefIndex: 17128"
"1089131","class","BurstRuntime.PreserveAttribute","17129","internal class BurstRuntime.PreserveAttribute : Attribute // TypeDefIndex: 17129"
"1089140","class","BurstRuntime","17130","public static class BurstRuntime // TypeDefIndex: 17130"
"1089213","struct","BurstString.tBigInt.","17131","public struct BurstString.tBigInt.<m_blocks>e__FixedBuffer // TypeDefIndex: 17131"
"1089220","struct","BurstString.tBigInt","17132","public struct BurstString.tBigInt // TypeDefIndex: 17132"
"1089246","enum","BurstString.CutoffMode","17133","public enum BurstString.CutoffMode // TypeDefIndex: 17133"
"1089256","struct","BurstString.tFloatUnion32","17134","public struct BurstString.tFloatUnion32 // TypeDefIndex: 17134"
"1089275","struct","BurstString.tFloatUnion64","17135","public struct BurstString.tFloatUnion64 // TypeDefIndex: 17135"
"1089294","class","BurstString.PreserveAttribute","17136","internal class BurstString.PreserveAttribute : Attribute // TypeDefIndex: 17136"
"1089303","enum","BurstString.NumberBufferKind","17137","private enum BurstString.NumberBufferKind // TypeDefIndex: 17137"
"1089312","struct","BurstString.NumberBuffer","17138","private struct BurstString.NumberBuffer // TypeDefIndex: 17138"
"1089331","enum","BurstString.NumberFormatKind","17139","public enum BurstString.NumberFormatKind // TypeDefIndex: 17139"
"1089342","struct","BurstString.FormatOptions","17140","public struct BurstString.FormatOptions // TypeDefIndex: 17140"
"1089369","class","BurstString","17141","internal static class BurstString // TypeDefIndex: 17141"
"1089538","struct","FunctionPointer","17142","public struct FunctionPointer<T> // TypeDefIndex: 17142"
"1089586","class","NoAliasAttribute","17143","public class NoAliasAttribute : Attribute // TypeDefIndex: 17143"
"1089596","struct","SharedStatic","17144","public struct SharedStatic<T> // TypeDefIndex: 17144"
"1089700","class","SharedStatic.PreserveAttribute","17145","internal class SharedStatic.PreserveAttribute : Attribute // TypeDefIndex: 17145"
"1089709","class","SharedStatic","17146","internal static class SharedStatic // TypeDefIndex: 17146"
"1089721","class","BurstTargetCpuAttribute","17147","internal sealed class BurstTargetCpuAttribute : Attribute // TypeDefIndex: 17147"
"1089726","class","AssumeRangeAttribute","17148","public class AssumeRangeAttribute : Attribute // TypeDefIndex: 17148"
"1089758","class","$BurstDirectCallInitializer","17153","internal static class $BurstDirectCallInitializer // TypeDefIndex: 17153"
"1089772","interface","ICanvasRaycastFilter","17155","public interface ICanvasRaycastFilter // TypeDefIndex: 17155"
"1089783","class","CanvasGroup","17156","public sealed class CanvasGroup : Behaviour, ICanvasRaycastFilter // TypeDefIndex: 17156"
"1089843","class","CanvasRenderer","17157","public sealed class CanvasRenderer : Component // TypeDefIndex: 17157"
"1090056","class","RectTransformUtility","17158","public sealed class RectTransformUtility // TypeDefIndex: 17158"
"1090116","enum","RenderMode","17159","public enum RenderMode // TypeDefIndex: 17159"
"1090127","enum","AdditionalCanvasShaderChannels","17160","public enum AdditionalCanvasShaderChannels // TypeDefIndex: 17160"
"1090140","class","Canvas.WillRenderCanvases","17161","public sealed class Canvas.WillRenderCanvases : MulticastDelegate // TypeDefIndex: 17161"
"1090157","class","Canvas","17162","public sealed class Canvas : Behaviour // TypeDefIndex: 17162"
"1090422","enum","UISystemProfilerApi.SampleType","17163","public enum UISystemProfilerApi.SampleType // TypeDefIndex: 17163"
"1090434","class","UISystemProfilerApi","17164","public static class UISystemProfilerApi // TypeDefIndex: 17164"
"1090456","struct","ParticleSystem.MainModule","17166","public struct ParticleSystem.MainModule // TypeDefIndex: 17166"
"1090530","struct","ParticleSystem.EmissionModule","17167","public struct ParticleSystem.EmissionModule // TypeDefIndex: 17167"
"1090568","struct","ParticleSystem.ShapeModule","17168","public struct ParticleSystem.ShapeModule // TypeDefIndex: 17168"
"1090597","struct","ParticleSystem.SubEmittersModule","17169","public struct ParticleSystem.SubEmittersModule // TypeDefIndex: 17169"
"1090622","struct","ParticleSystem.TextureSheetAnimationModule","17170","public struct ParticleSystem.TextureSheetAnimationModule // TypeDefIndex: 17170"
"1090696","struct","ParticleSystem.Particle","17171","public struct ParticleSystem.Particle // TypeDefIndex: 17171"
"1090790","struct","ParticleSystem.MinMaxCurve","17172","public struct ParticleSystem.MinMaxCurve // TypeDefIndex: 17172"
"1090827","struct","ParticleSystem.MinMaxCurveBlittable","17173","internal struct ParticleSystem.MinMaxCurveBlittable // TypeDefIndex: 17173"
"1090848","struct","ParticleSystem.MinMaxGradient","17174","public struct ParticleSystem.MinMaxGradient // TypeDefIndex: 17174"
"1090875","struct","ParticleSystem.MinMaxGradientBlittable","17175","internal struct ParticleSystem.MinMaxGradientBlittable // TypeDefIndex: 17175"
"1090894","struct","ParticleSystem.EmitParams","17176","public struct ParticleSystem.EmitParams // TypeDefIndex: 17176"
"1090924","struct","ParticleSystem.ColorOverLifetimeModule","17177","public struct ParticleSystem.ColorOverLifetimeModule // TypeDefIndex: 17177"
"1090951","struct","ParticleSystem.TrailModule","17178","public struct ParticleSystem.TrailModule // TypeDefIndex: 17178"
"1090983","class","ParticleSystem","17179","public sealed class ParticleSystem : Component // TypeDefIndex: 17179"
"1091184","enum","ParticleSystemRenderMode","17180","public enum ParticleSystemRenderMode // TypeDefIndex: 17180"
"1091197","enum","ParticleSystemCurveMode","17181","public enum ParticleSystemCurveMode // TypeDefIndex: 17181"
"1091208","enum","ParticleSystemGradientMode","17182","public enum ParticleSystemGradientMode // TypeDefIndex: 17182"
"1091220","enum","ParticleSystemAnimationMode","17183","public enum ParticleSystemAnimationMode // TypeDefIndex: 17183"
"1091229","enum","ParticleSystemAnimationType","17184","public enum ParticleSystemAnimationType // TypeDefIndex: 17184"
"1091238","enum","ParticleSystemSimulationSpace","17185","public enum ParticleSystemSimulationSpace // TypeDefIndex: 17185"
"1091248","enum","ParticleSystemStopBehavior","17186","public enum ParticleSystemStopBehavior // TypeDefIndex: 17186"
"1091257","enum","ParticleSystemScalingMode","17187","public enum ParticleSystemScalingMode // TypeDefIndex: 17187"
"1091268","enum","ParticleSystemBakeMeshOptions","17188","public enum ParticleSystemBakeMeshOptions // TypeDefIndex: 17188"
"1091282","class","ParticleSystemRenderer","17189","public sealed class ParticleSystemRenderer : Renderer // TypeDefIndex: 17189"
"1091343","enum","UVChannelFlags","17190","public enum UVChannelFlags // TypeDefIndex: 17190"
"1091358","struct","UnitySourceGeneratedAssemblyMonoScriptTypes_v1.MonoScriptData","17192","private struct UnitySourceGeneratedAssemblyMonoScriptTypes_v1.MonoScriptData // TypeDefIndex: 17192"
"1091372","class","UnitySourceGeneratedAssemblyMonoScriptTypes_v1","17193","internal class UnitySourceGeneratedAssemblyMonoScriptTypes_v1 // TypeDefIndex: 17193"
"1091384","class","GroupShopSampleScrollItemData","17194","public class GroupShopSampleScrollItemData : InfiniteScrollData // TypeDefIndex: 17194"
"1091397","class","GroupShopSampleScrollltem","17195","public class GroupShopSampleScrollltem : InfiniteScrollItem // TypeDefIndex: 17195"
"1091419","class","ShopSampleScrollItemData","17196","public class ShopSampleScrollItemData : InfiniteScrollData // TypeDefIndex: 17196"
"1091436","class","ShopSampleScrollItem","17197","public class ShopSampleScrollItem : InfiniteScrollItem // TypeDefIndex: 17197"
"1091460","class","TabPageSample","17198","public class TabPageSample : TabPage // TypeDefIndex: 17198"
"1091469","class","ContentSizeSetterSample","17199","public class ContentSizeSetterSample : MonoBehaviour // TypeDefIndex: 17199"
"1091486","class","Entity","17200","public class Entity : MonoBehaviour // TypeDefIndex: 17200"
"1091520","class","DragSort","17201","public class DragSort : MonoBehaviour // TypeDefIndex: 17201"
"1091534","class","InfiniteScrollSample.","17202","private sealed class InfiniteScrollSample.<>c // TypeDefIndex: 17202"
"1091558","class","InfiniteScrollSample.","17203","private sealed class InfiniteScrollSample.<>c__DisplayClass20_0 // TypeDefIndex: 17203"
"1091573","class","InfiniteScrollSample","17204","public class InfiniteScrollSample : MonoBehaviour // TypeDefIndex: 17204"
"1091667","class","TestItemData","17205","public class TestItemData : InfiniteScrollData // TypeDefIndex: 17205"
"1091680","class","TestItem","17206","public class TestItem : InfiniteScrollItem // TypeDefIndex: 17206"
"1091702","class","MultiLayoutSample","17207","public class MultiLayoutSample : MonoBehaviour // TypeDefIndex: 17207"
"1091721","class","CustomTabSample","17208","public class CustomTabSample : Tab // TypeDefIndex: 17208"
"1091741","class","CustumTabButtonSample","17209","public class CustumTabButtonSample : TabButton // TypeDefIndex: 17209"
"1091761","class","DynamicTabPage","17210","public class DynamicTabPage : MonoBehaviour // TypeDefIndex: 17210"
"1091789","class","DynamicTabSample","17211","public class DynamicTabSample : MonoBehaviour // TypeDefIndex: 17211"
"1091828","class","GroupShopSampleScrollPage","17212","public class GroupShopSampleScrollPage : MonoBehaviour // TypeDefIndex: 17212"
"1091848","class","ShopSampleScrollPage","17213","public class ShopSampleScrollPage : MonoBehaviour // TypeDefIndex: 17213"
"1091869","class","TabDataSettingButtonSample","17214","public class TabDataSettingButtonSample : MonoBehaviour // TypeDefIndex: 17214"
"1091884","class","TabDataSettingPageSample","17215","public class TabDataSettingPageSample : MonoBehaviour // TypeDefIndex: 17215"
"1091899","class","TabDataSettingSampleData","17216","public class TabDataSettingSampleData : ITabData // TypeDefIndex: 17216"
"1091913","class","TabDataSettingSample","17217","public class TabDataSettingSample : MonoBehaviour // TypeDefIndex: 17217"
"1091944","class","CustumTabDataSample","17218","public class CustumTabDataSample : ITabData // TypeDefIndex: 17218"
"1091956","class","CategoryGroupData","17219","public class CategoryGroupData : CustumTabDataSample // TypeDefIndex: 17219"
"1091968","class","ItemGroupData","17220","public class ItemGroupData : CustumTabDataSample // TypeDefIndex: 17220"
"1091984","class","ItemData","17221","public class ItemData // TypeDefIndex: 17221"
"1091999","class","TabSamplePage","17222","public class TabSamplePage : MonoBehaviour // TypeDefIndex: 17222"
"1092030","class","TabSampleScrollPage","17223","public class TabSampleScrollPage : MonoBehaviour // TypeDefIndex: 17223"
"1092045","enum","SampleMessageBox.State","17224","private enum SampleMessageBox.State // TypeDefIndex: 17224"
"1092056","class","SampleMessageBox","17225","public class SampleMessageBox : MonoBehaviour // TypeDefIndex: 17225"
"1092080","class","WebCacheImageSample","17226","public class WebCacheImageSample : MonoBehaviour // TypeDefIndex: 17226"
"1092111","class","WebCacheImageSampleData","17227","public class WebCacheImageSampleData : InfiniteScrollData // TypeDefIndex: 17227"
"1092123","class","WebCacheImageSampleItem","17228","public class WebCacheImageSampleItem : InfiniteScrollItem // TypeDefIndex: 17228"
"1092163","class","Crashlytics.PlatformAccessor","17233","internal static class Crashlytics.PlatformAccessor // TypeDefIndex: 17233"
"1092194","class","Crashlytics","17234","public static class Crashlytics // TypeDefIndex: 17234"
"1092222","class","ExceptionHandler","17235","internal class ExceptionHandler // TypeDefIndex: 17235"
"1092249","class","Impl","17236","internal class Impl // TypeDefIndex: 17236"
"1092285","class","LoggedException","17237","internal class LoggedException : Exception // TypeDefIndex: 17237"
"1092337","class","Metadata","17238","internal class Metadata // TypeDefIndex: 17238"
"1092368","class","MetadataBuilder","17239","internal class MetadataBuilder // TypeDefIndex: 17239"
"1092383","class","StackTraceParser","17240","internal class StackTraceParser // TypeDefIndex: 17240"
"1092405","class","IOSImpl","17241","internal class IOSImpl : Impl // TypeDefIndex: 17241"
"1092415","class","AndroidImpl.","17242","private sealed class AndroidImpl.<>c__DisplayClass10_0 // TypeDefIndex: 17242"
"1092433","class","AndroidImpl.","17243","private sealed class AndroidImpl.<>c__DisplayClass12_0 // TypeDefIndex: 17243"
"1092451","class","AndroidImpl.","17244","private sealed class AndroidImpl.<>c__DisplayClass13_0 // TypeDefIndex: 17244"
"1092468","class","AndroidImpl","17245","internal class AndroidImpl : Impl // TypeDefIndex: 17245"
"1092505","class","StackFrames.StackFramesEnumerator","17246","public sealed class StackFrames.StackFramesEnumerator : IEnumerator, IEnumerator<FirebaseCrashlyticsFrame>, IDisposable // TypeDefIndex: 17246"
"1092540","class","StackFrames","17247","internal class StackFrames : IDisposable, IEnumerable, IEnumerable<FirebaseCrashlyticsFrame> // TypeDefIndex: 17247"
"1092593","class","FirebaseCrashlyticsFrame","17248","public class FirebaseCrashlyticsFrame : IDisposable // TypeDefIndex: 17248"
"1092639","class","FirebaseCrashlyticsInternal","17249","internal class FirebaseCrashlyticsInternal : IDisposable // TypeDefIndex: 17249"
"1092679","class","CrashlyticsInternalPINVOKE.SWIGExceptionHelper.ExceptionDelegate","17250","public sealed class CrashlyticsInternalPINVOKE.SWIGExceptionHelper.ExceptionDelegate : MulticastDelegate // TypeDefIndex: 17250"
"1092691","class","CrashlyticsInternalPINVOKE.SWIGExceptionHelper.ExceptionArgumentDelegate","17251","public sealed class CrashlyticsInternalPINVOKE.SWIGExceptionHelper.ExceptionArgumentDelegate : MulticastDelegate // TypeDefIndex: 17251"
"1092703","class","CrashlyticsInternalPINVOKE.SWIGExceptionHelper","17252","protected class CrashlyticsInternalPINVOKE.SWIGExceptionHelper // TypeDefIndex: 17252"
"1092793","class","CrashlyticsInternalPINVOKE.SWIGPendingException","17253","public class CrashlyticsInternalPINVOKE.SWIGPendingException // TypeDefIndex: 17253"
"1092814","class","CrashlyticsInternalPINVOKE.SWIGStringHelper.SWIGStringDelegate","17254","public sealed class CrashlyticsInternalPINVOKE.SWIGStringHelper.SWIGStringDelegate : MulticastDelegate // TypeDefIndex: 17254"
"1092826","class","CrashlyticsInternalPINVOKE.SWIGStringHelper","17255","protected class CrashlyticsInternalPINVOKE.SWIGStringHelper // TypeDefIndex: 17255"
"1092848","class","CrashlyticsInternalPINVOKE","17256","internal class CrashlyticsInternalPINVOKE // TypeDefIndex: 17256"
"1092910","class","FirebaseMessage","17258","public sealed class FirebaseMessage // TypeDefIndex: 17258"
"1093046","class","FirebaseMessaging","17259","public static class FirebaseMessaging // TypeDefIndex: 17259"
"1093070","class","AndroidNotificationParams","17260","public sealed class AndroidNotificationParams // TypeDefIndex: 17260"
"1093094","class","FirebaseNotification","17261","public sealed class FirebaseNotification // TypeDefIndex: 17261"
"1093214","class","MessageReceivedEventArgs","17262","public sealed class MessageReceivedEventArgs : EventArgs // TypeDefIndex: 17262"
"1093239","class","TokenReceivedEventArgs","17263","public sealed class TokenReceivedEventArgs : EventArgs // TypeDefIndex: 17263"
"1093264","class","AndroidNotificationParamsInternal","17264","internal class AndroidNotificationParamsInternal : IDisposable // TypeDefIndex: 17264"
"1093292","class","FirebaseNotificationInternal","17265","internal class FirebaseNotificationInternal : IDisposable // TypeDefIndex: 17265"
"1093368","class","FirebaseMessageInternal","17266","internal class FirebaseMessageInternal : IDisposable // TypeDefIndex: 17266"
"1093448","class","FirebaseMessagingInternalPINVOKE.SWIGExceptionHelper.ExceptionDelegate","17267","public sealed class FirebaseMessagingInternalPINVOKE.SWIGExceptionHelper.ExceptionDelegate : MulticastDelegate // TypeDefIndex: 17267"
"1093460","class","FirebaseMessagingInternalPINVOKE.SWIGExceptionHelper.ExceptionArgumentDelegate","17268","public sealed class FirebaseMessagingInternalPINVOKE.SWIGExceptionHelper.ExceptionArgumentDelegate : MulticastDelegate // TypeDefIndex: 17268"
"1093472","class","FirebaseMessagingInternalPINVOKE.SWIGExceptionHelper","17269","protected class FirebaseMessagingInternalPINVOKE.SWIGExceptionHelper // TypeDefIndex: 17269"
"1093562","class","FirebaseMessagingInternalPINVOKE.SWIGPendingException","17270","public class FirebaseMessagingInternalPINVOKE.SWIGPendingException // TypeDefIndex: 17270"
"1093583","class","FirebaseMessagingInternalPINVOKE.SWIGStringHelper.SWIGStringDelegate","17271","public sealed class FirebaseMessagingInternalPINVOKE.SWIGStringHelper.SWIGStringDelegate : MulticastDelegate // TypeDefIndex: 17271"
"1093595","class","FirebaseMessagingInternalPINVOKE.SWIGStringHelper","17272","protected class FirebaseMessagingInternalPINVOKE.SWIGStringHelper // TypeDefIndex: 17272"
"1093617","class","FirebaseMessagingInternalPINVOKE","17273","internal class FirebaseMessagingInternalPINVOKE // TypeDefIndex: 17273"
"1093738","class","FirebaseMessagingInternal.Listener.MessageReceivedDelegate","17274","internal sealed class FirebaseMessagingInternal.Listener.MessageReceivedDelegate : MulticastDelegate // TypeDefIndex: 17274"
"1093750","class","FirebaseMessagingInternal.Listener.TokenReceivedDelegate","17275","internal sealed class FirebaseMessagingInternal.Listener.TokenReceivedDelegate : MulticastDelegate // TypeDefIndex: 17275"
"1093763","class","FirebaseMessagingInternal.Listener.","17276","private sealed class FirebaseMessagingInternal.Listener.<>c__DisplayClass13_0 // TypeDefIndex: 17276"
"1093780","class","FirebaseMessagingInternal.Listener.","17277","private sealed class FirebaseMessagingInternal.Listener.<>c__DisplayClass14_0 // TypeDefIndex: 17277"
"1093795","class","FirebaseMessagingInternal.Listener","17278","internal class FirebaseMessagingInternal.Listener : IDisposable // TypeDefIndex: 17278"
"1093830","class","FirebaseMessagingInternal","17279","internal sealed class FirebaseMessagingInternal // TypeDefIndex: 17279"
"1093898","class","ExceptionAggregator","17281","internal class ExceptionAggregator // TypeDefIndex: 17281"
"1093937","class","Dispatcher.CallbackStorage","17282","private class Dispatcher.CallbackStorage<TResult> // TypeDefIndex: 17282"
"1094030","class","Dispatcher.","17283","private sealed class Dispatcher.<>c__DisplayClass4_0<TResult> // TypeDefIndex: 17283"
"1094070","class","Dispatcher.","17284","private sealed class Dispatcher.<>c__DisplayClass5_0<TResult> // TypeDefIndex: 17284"
"1094102","class","Dispatcher","17285","internal class Dispatcher // TypeDefIndex: 17285"
"1094157","class","UnityLoggingService","17286","internal class UnityLoggingService : ILoggingService // TypeDefIndex: 17286"
"1094178","class","UnityPlatformServices","17287","internal class UnityPlatformServices // TypeDefIndex: 17287"
"1094188","class","UnitySynchronizationContext.SynchronizationContextBehavoir.","17288","private sealed class UnitySynchronizationContext.SynchronizationContextBehavoir.<Start>d__3 : IEnumerator<object>, IEnumerator, IDisposable // TypeDefIndex: 17288"
"1094230","class","UnitySynchronizationContext.SynchronizationContextBehavoir","17289","private class UnitySynchronizationContext.SynchronizationContextBehavoir : MonoBehaviour // TypeDefIndex: 17289"
"1094254","class","UnitySynchronizationContext.","17290","private sealed class UnitySynchronizationContext.<SignaledCoroutine>d__13 // TypeDefIndex: 17290"
"1094259","class","UnitySynchronizationContext.","17291","private sealed class UnitySynchronizationContext.<>c__DisplayClass14_0 // TypeDefIndex: 17291"
"1094269","class","UnitySynchronizationContext.","17292","private sealed class UnitySynchronizationContext.<>c__DisplayClass14_1 // TypeDefIndex: 17292"
"1094279","class","UnitySynchronizationContext.","17293","private sealed class UnitySynchronizationContext.<>c__DisplayClass16_0 // TypeDefIndex: 17293"
"1094292","class","UnitySynchronizationContext.","17294","private sealed class UnitySynchronizationContext.<>c__DisplayClass16_1 // TypeDefIndex: 17294"
"1094309","class","UnitySynchronizationContext","17295","internal class UnitySynchronizationContext : SynchronizationContext // TypeDefIndex: 17295"
"1094343","interface","IAppConfigExtensions","17296","internal interface IAppConfigExtensions // TypeDefIndex: 17296"
"1094347","interface","IClockService","17297","internal interface IClockService // TypeDefIndex: 17297"
"1094351","interface","ILoggingService","17298","internal interface ILoggingService // TypeDefIndex: 17298"
"1094355","class","DebugLogger","17299","internal class DebugLogger : ILoggingService // TypeDefIndex: 17299"
"1094376","class","Services","17300","internal static class Services // TypeDefIndex: 17300"
"1094413","enum","PlatformLogLevel","17301","internal enum PlatformLogLevel // TypeDefIndex: 17301"
"1094426","interface","IFirebaseAppUtils","17302","internal interface IFirebaseAppUtils // TypeDefIndex: 17302"
"1094441","class","FirebaseAppUtilsStub","17303","internal class FirebaseAppUtilsStub : IFirebaseAppUtils // TypeDefIndex: 17303"
"1094471","class","MainThreadProperty","17304","internal class MainThreadProperty<T> // TypeDefIndex: 17304"
"1094519","class","FirebaseHandler.ApplicationFocusChangedEventArgs","17305","internal class FirebaseHandler.ApplicationFocusChangedEventArgs : EventArgs // TypeDefIndex: 17305"
"1094542","class","FirebaseHandler.","17306","private sealed class FirebaseHandler.<>c // TypeDefIndex: 17306"
"1094562","class","FirebaseHandler.","17307","private sealed class FirebaseHandler.<>c__DisplayClass34_0 // TypeDefIndex: 17307"
"1094577","class","FirebaseHandler","17308","internal sealed class FirebaseHandler // TypeDefIndex: 17308"
"1094699","class","PlatformInformation.","17309","private sealed class PlatformInformation.<>c // TypeDefIndex: 17309"
"1094722","class","PlatformInformation","17310","internal static class PlatformInformation // TypeDefIndex: 17310"
"1094765","class","FirebaseLogger","17311","internal class FirebaseLogger // TypeDefIndex: 17311"
"1094793","class","FirebaseMonoBehaviour","17312","internal sealed class FirebaseMonoBehaviour : MonoBehaviour // TypeDefIndex: 17312"
"1094820","class","FirebaseEditorDispatcher","17313","internal sealed class FirebaseEditorDispatcher // TypeDefIndex: 17313"
"1094866","class","AppConfigExtensions","17314","internal class AppConfigExtensions : IAppConfigExtensions // TypeDefIndex: 17314"
"1094891","class","SystemClock","17315","internal class SystemClock : IClockService // TypeDefIndex: 17315"
"1094906","class","UnityConfigExtensions","17316","internal class UnityConfigExtensions : AppConfigExtensions // TypeDefIndex: 17316"
"1094943","struct","UnitySourceGeneratedAssemblyMonoScriptTypes_v1.MonoScriptData","17320","private struct UnitySourceGeneratedAssemblyMonoScriptTypes_v1.MonoScriptData // TypeDefIndex: 17320"
"1094957","class","UnitySourceGeneratedAssemblyMonoScriptTypes_v1","17321","internal class UnitySourceGeneratedAssemblyMonoScriptTypes_v1 // TypeDefIndex: 17321"
"1094971","class","TCP2_CameraDepth","17322","public class TCP2_CameraDepth : MonoBehaviour // TypeDefIndex: 17322"
"1094992","class","TCP2_GetPosOnWater","17323","public class TCP2_GetPosOnWater : MonoBehaviour // TypeDefIndex: 17323"
"1095037","class","TCP2_GetVertexWavesPosition","17324","public class TCP2_GetVertexWavesPosition : MonoBehaviour // TypeDefIndex: 17324"
"1095108","class","TCP2_PlanarReflection","17325","public class TCP2_PlanarReflection : MonoBehaviour // TypeDefIndex: 17325"
"1095213","class","TCP2_RuntimeUtils","17326","public static class TCP2_RuntimeUtils // TypeDefIndex: 17326"
"1095232","class","TCP2_ShaderUpdateUnityTime","17327","public class TCP2_ShaderUpdateUnityTime : MonoBehaviour // TypeDefIndex: 17327"
"1095280","enum","FontStyle","17333","public enum FontStyle // TypeDefIndex: 17333"
"1095292","enum","TextGenerationError","17334","internal enum TextGenerationError // TypeDefIndex: 17334"
"1095303","struct","TextGenerationSettings","17335","public struct TextGenerationSettings // TypeDefIndex: 17335"
"1095338","class","TextGenerator.BindingsMarshaller","17336","internal static class TextGenerator.BindingsMarshaller // TypeDefIndex: 17336"
"1095349","class","TextGenerator","17337","public sealed class TextGenerator : IDisposable // TypeDefIndex: 17337"
"1095490","enum","TextAnchor","17338","public enum TextAnchor // TypeDefIndex: 17338"
"1095506","enum","TextGeneratorType","17339","public enum TextGeneratorType // TypeDefIndex: 17339"
"1095515","enum","HorizontalWrapMode","17340","public enum HorizontalWrapMode // TypeDefIndex: 17340"
"1095524","enum","VerticalWrapMode","17341","public enum VerticalWrapMode // TypeDefIndex: 17341"
"1095534","struct","UICharInfo","17342","public struct UICharInfo // TypeDefIndex: 17342"
"1095543","struct","UILineInfo","17343","public struct UILineInfo // TypeDefIndex: 17343"
"1095554","struct","UIVertex","17344","public struct UIVertex // TypeDefIndex: 17344"
"1095576","class","Font.FontTextureRebuildCallback","17345","public sealed class Font.FontTextureRebuildCallback : MulticastDelegate // TypeDefIndex: 17345"
"1095592","class","Font","17346","public sealed class Font : Object // TypeDefIndex: 17346"
"1095680","enum","TouchPhase","17348","public enum TouchPhase // TypeDefIndex: 17348"
"1095692","enum","IMECompositionMode","17349","public enum IMECompositionMode // TypeDefIndex: 17349"
"1095702","enum","TouchType","17350","public enum TouchType // TypeDefIndex: 17350"
"1095713","struct","Touch","17351","public struct Touch // TypeDefIndex: 17351"
"1095803","enum","PenStatus","17352","public enum PenStatus // TypeDefIndex: 17352"
"1095815","enum","PenEventType","17353","public enum PenEventType // TypeDefIndex: 17353"
"1095825","struct","PenData","17354","public struct PenData // TypeDefIndex: 17354"
"1095839","class","CameraRaycastHelper","17355","internal class CameraRaycastHelper // TypeDefIndex: 17355"
"1095860","class","Input","17356","public class Input // TypeDefIndex: 17356"
"1096020","struct","SendMouseEvents.HitInfo","17357","private struct SendMouseEvents.HitInfo // TypeDefIndex: 17357"
"1096039","class","SendMouseEvents","17358","internal class SendMouseEvents // TypeDefIndex: 17358"
"1096074","class","InputUnsafeUtility","17359","internal static class InputUnsafeUtility // TypeDefIndex: 17359"
"1096152","class","ITilemap","17361","public class ITilemap // TypeDefIndex: 17361"
"1096183","enum","Tile.ColliderType","17362","public enum Tile.ColliderType // TypeDefIndex: 17362"
"1096196","class","Tile","17363","public class Tile : TileBase // TypeDefIndex: 17363"
"1096267","class","TileBase","17364","public abstract class TileBase : ScriptableObject // TypeDefIndex: 17364"
"1096307","struct","Tilemap.SyncTile","17365","public struct Tilemap.SyncTile // TypeDefIndex: 17365"
"1096316","struct","Tilemap.SyncTileCallbackSettings","17366","internal struct Tilemap.SyncTileCallbackSettings // TypeDefIndex: 17366"
"1096332","class","Tilemap","17367","public sealed class Tilemap : GridLayout // TypeDefIndex: 17367"
"1096454","enum","TileFlags","17368","public enum TileFlags // TypeDefIndex: 17368"
"1096468","enum","TileAnimationFlags","17369","public enum TileAnimationFlags // TypeDefIndex: 17369"
"1096486","class","TilemapRenderer","17370","public sealed class TilemapRenderer : Renderer // TypeDefIndex: 17370"
"1096508","struct","TileData","17371","public struct TileData // TypeDefIndex: 17371"
"1096557","struct","TileDataNative","17372","internal struct TileDataNative // TypeDefIndex: 17372"
"1096572","struct","TileChangeData","17373","public struct TileChangeData // TypeDefIndex: 17373"
"1096588","struct","TileAnimationData","17374","public struct TileAnimationData // TypeDefIndex: 17374"
"1096602","struct","UnitySourceGeneratedAssemblyMonoScriptTypes_v1.MonoScriptData","17376","private struct UnitySourceGeneratedAssemblyMonoScriptTypes_v1.MonoScriptData // TypeDefIndex: 17376"
"1096616","class","UnitySourceGeneratedAssemblyMonoScriptTypes_v1","17377","internal class UnitySourceGeneratedAssemblyMonoScriptTypes_v1 // TypeDefIndex: 17377"
"1096629","class","All1CreateUnifiedOutline","17378","public class All1CreateUnifiedOutline : MonoBehaviour // TypeDefIndex: 17378"
"1096666","enum","AllIn1Shader.ShaderTypes","17379","public enum AllIn1Shader.ShaderTypes // TypeDefIndex: 17379"
"1096678","enum","AllIn1Shader.AfterSetAction","17380","private enum AllIn1Shader.AfterSetAction // TypeDefIndex: 17380"
"1096691","class","AllIn1Shader","17381","public class AllIn1Shader : MonoBehaviour // TypeDefIndex: 17381"
"1096817","class","RandomSeed","17382","public class RandomSeed : MonoBehaviour // TypeDefIndex: 17382"
"1096834","class","SetAtlasUvs","17383","public class SetAtlasUvs : MonoBehaviour // TypeDefIndex: 17383"
"1096883","class","SetGlobalTimeNew","17384","public class SetGlobalTimeNew : MonoBehaviour // TypeDefIndex: 17384"
"1096902","class","SetGlobalTimeUnity2018","17385","public class SetGlobalTimeUnity2018 : MonoBehaviour // TypeDefIndex: 17385"
"1096946","class","Terrain","17390","public sealed class Terrain : Behaviour // TypeDefIndex: 17390"
"1096989","class","TerrainCallbacks.HeightmapChangedCallback","17391","public sealed class TerrainCallbacks.HeightmapChangedCallback : MulticastDelegate // TypeDefIndex: 17391"
"1097001","class","TerrainCallbacks.TextureChangedCallback","17392","public sealed class TerrainCallbacks.TextureChangedCallback : MulticastDelegate // TypeDefIndex: 17392"
"1097014","class","TerrainCallbacks","17393","public static class TerrainCallbacks // TypeDefIndex: 17393"
"1097036","enum","TerrainData.BoundaryValueType","17394","private enum TerrainData.BoundaryValueType // TypeDefIndex: 17394"
"1097055","class","TerrainData","17395","public sealed class TerrainData : Object // TypeDefIndex: 17395"
"1097104","enum","TerrainMapStatusCode","17396","internal enum TerrainMapStatusCode // TypeDefIndex: 17396"
"1097116","struct","TerrainTileCoord","17397","public struct TerrainTileCoord // TypeDefIndex: 17397"
"1097130","class","TerrainMap.","17398","private sealed class TerrainMap.<>c__DisplayClass3_0 // TypeDefIndex: 17398"
"1097145","class","TerrainMap","17399","public class TerrainMap // TypeDefIndex: 17399"
"1097187","class","TerrainUtility.","17400","private sealed class TerrainUtility.<>c__DisplayClass2_0 // TypeDefIndex: 17400"
"1097200","class","TerrainUtility.","17401","private sealed class TerrainUtility.<>c__DisplayClass2_1 // TypeDefIndex: 17401"
"1097217","class","TerrainUtility","17402","public static class TerrainUtility // TypeDefIndex: 17402"
"1097238","class","SpeedTreeWindManager","17403","internal static class SpeedTreeWindManager // TypeDefIndex: 17403"
"1097252","struct","SpeedTreeWindParamsBufferIterator.","17404","public struct SpeedTreeWindParamsBufferIterator.<uintParamOffsets>e__FixedBuffer // TypeDefIndex: 17404"
"1097261","struct","SpeedTreeWindParamsBufferIterator","17405","internal struct SpeedTreeWindParamsBufferIterator // TypeDefIndex: 17405"
"1097277","class","RemoteSettings.UpdatedEventHandler","17407","public sealed class RemoteSettings.UpdatedEventHandler : MulticastDelegate // TypeDefIndex: 17407"
"1097291","class","RemoteSettings","17408","public static class RemoteSettings // TypeDefIndex: 17408"
"1097324","class","RemoteConfigSettings","17409","public class RemoteConfigSettings // TypeDefIndex: 17409"
"1097341","enum","RemoteConfigSettingsHelper.Tag","17410","internal enum RemoteConfigSettingsHelper.Tag // TypeDefIndex: 17410"
"1097359","class","RemoteConfigSettingsHelper","17411","internal static class RemoteConfigSettingsHelper // TypeDefIndex: 17411"
"1097368","class","ContinuousEvent","17412","public class ContinuousEvent // TypeDefIndex: 17412"
"1097373","enum","AnalyticsSessionState","17413","public enum AnalyticsSessionState // TypeDefIndex: 17413"
"1097384","class","AnalyticsSessionInfo.SessionStateChanged","17414","public sealed class AnalyticsSessionInfo.SessionStateChanged : MulticastDelegate // TypeDefIndex: 17414"
"1097396","class","AnalyticsSessionInfo.IdentityTokenChanged","17415","public sealed class AnalyticsSessionInfo.IdentityTokenChanged : MulticastDelegate // TypeDefIndex: 17415"
"1097411","class","AnalyticsSessionInfo","17416","public static class AnalyticsSessionInfo // TypeDefIndex: 17416"
"1097433","class","CustomEventData.BindingsMarshaller","17417","internal static class CustomEventData.BindingsMarshaller // TypeDefIndex: 17417"
"1097443","class","CustomEventData","17418","internal class CustomEventData : IDisposable // TypeDefIndex: 17418"
"1097523","class","Analytics","17419","public static class Analytics // TypeDefIndex: 17419"
"1097567","struct","UnitySourceGeneratedAssemblyMonoScriptTypes_v1.MonoScriptData","17421","private struct UnitySourceGeneratedAssemblyMonoScriptTypes_v1.MonoScriptData // TypeDefIndex: 17421"
"1097581","class","UnitySourceGeneratedAssemblyMonoScriptTypes_v1","17422","internal class UnitySourceGeneratedAssemblyMonoScriptTypes_v1 // TypeDefIndex: 17422"
"1097595","class","PlayAsyncOperation.","17423","private sealed class PlayAsyncOperation.<>c<TResult, TError> // TypeDefIndex: 17423"
"1097638","class","PlayAsyncOperation","17424","public abstract class PlayAsyncOperation<TResult, TError> : CustomYieldInstruction // TypeDefIndex: 17424"
"1097790","class","UnityPlayerHelper","17425","public static class UnityPlayerHelper // TypeDefIndex: 17425"
"1097799","class","VoidResult","17426","public sealed class VoidResult // TypeDefIndex: 17426"
"1097809","class","LoadingBar.","17427","private sealed class LoadingBar.<FillUntilDone>d__12 : IEnumerator<object>, IEnumerator, IDisposable // TypeDefIndex: 17427"
"1097854","class","LoadingBar","17428","public class LoadingBar : MonoBehaviour // TypeDefIndex: 17428"
"1097893","class","LoadingScreen.","17429","private sealed class LoadingScreen.<AttemptAssetBundleDownloadsCo>d__11 : IEnumerator<object>, IEnumerator, IDisposable // TypeDefIndex: 17429"
"1097934","class","LoadingScreen.","17430","private sealed class LoadingScreen.<GetAssetBundle>d__12 : IEnumerator<object>, IEnumerator, IDisposable // TypeDefIndex: 17430"
"1097974","class","LoadingScreen","17431","public class LoadingScreen : MonoBehaviour // TypeDefIndex: 17431"
"1098028","class","ScrollingFillAnimator","17432","public class ScrollingFillAnimator : MonoBehaviour // TypeDefIndex: 17432"
"1098055","class","AndroidConstants","17433","public static class AndroidConstants // TypeDefIndex: 17433"
"1098101","class","PlayAsyncOperationImpl","17434","public abstract class PlayAsyncOperationImpl<TResult, TError> : PlayAsyncOperation<TResult, TError> // TypeDefIndex: 17434"
"1098200","class","SubsystemsAnalyticBase","17439","public class SubsystemsAnalyticBase : AnalyticsEventBase // TypeDefIndex: 17439"
"1098215","class","SubsystemsAnalyticStart","17440","public class SubsystemsAnalyticStart : SubsystemsAnalyticBase // TypeDefIndex: 17440"
"1098231","class","SubsystemsAnalyticStop","17441","public class SubsystemsAnalyticStop : SubsystemsAnalyticBase // TypeDefIndex: 17441"
"1098247","class","SubsystemsAnalyticInfo","17442","public class SubsystemsAnalyticInfo : SubsystemsAnalyticBase // TypeDefIndex: 17442"
"1098269","class","VRDeviceAnalyticBase","17443","public class VRDeviceAnalyticBase : AnalyticsEventBase // TypeDefIndex: 17443"
"1098281","class","VRDeviceAnalyticAspect","17444","public class VRDeviceAnalyticAspect : VRDeviceAnalyticBase // TypeDefIndex: 17444"
"1098300","class","VRDeviceMirrorAnalytic","17445","public class VRDeviceMirrorAnalytic : VRDeviceAnalyticBase // TypeDefIndex: 17445"
"1098319","class","VRDeviceUserAnalytic","17446","public class VRDeviceUserAnalytic : VRDeviceAnalyticBase // TypeDefIndex: 17446"
"1098338","class","VRDeviceActiveControllersAnalytic","17447","public class VRDeviceActiveControllersAnalytic : VRDeviceAnalyticBase // TypeDefIndex: 17447"
"1098354","enum","AnalyticsResult","17448","public enum AnalyticsResult // TypeDefIndex: 17448"
"1098372","class","AssetDatabaseRefreshAnalytic","17449","public class AssetDatabaseRefreshAnalytic : AnalyticsEventBase // TypeDefIndex: 17449"
"1098432","class","BuildAssetBundleAnalytic","17450","public class BuildAssetBundleAnalytic : AnalyticsEventBase // TypeDefIndex: 17450"
"1098452","class","CollabOperationAnalytic","17451","public class CollabOperationAnalytic : AnalyticsEventBase // TypeDefIndex: 17451"
"1098475","class","LicensingErrorAnalytic","17452","public class LicensingErrorAnalytic : AnalyticsEventBase // TypeDefIndex: 17452"
"1098498","class","LicensingInitAnalytic","17453","public class LicensingInitAnalytic : AnalyticsEventBase // TypeDefIndex: 17453"
"1098523","class","MetalPatchShaderComputeBufferAnalytic","17454","public class MetalPatchShaderComputeBufferAnalytic : AnalyticsEventBase // TypeDefIndex: 17454"
"1098539","class","NavmeshBakingAnalytic","17455","public class NavmeshBakingAnalytic : AnalyticsEventBase // TypeDefIndex: 17455"
"1098561","class","ProjectSettingsInformationAnalytic","17456","public class ProjectSettingsInformationAnalytic : AnalyticsEventBase // TypeDefIndex: 17456"
"1098581","class","SendGameBuildAnalytic","17457","public class SendGameBuildAnalytic : AnalyticsEventBase // TypeDefIndex: 17457"
"1098600","class","PackageManagerBaseAnalytic","17458","public class PackageManagerBaseAnalytic : AnalyticsEventBase // TypeDefIndex: 17458"
"1098620","class","PackageManagerAddPackageAnalytic","17459","public class PackageManagerAddPackageAnalytic : PackageManagerBaseAnalytic // TypeDefIndex: 17459"
"1098636","class","PackageManagerTestAnalytic","17460","public class PackageManagerTestAnalytic : PackageManagerBaseAnalytic // TypeDefIndex: 17460"
"1098652","class","PackageManagerRemovePackageAnalytic","17461","public class PackageManagerRemovePackageAnalytic : PackageManagerBaseAnalytic // TypeDefIndex: 17461"
"1098668","class","PackageManagerResolvePackageAnalytic","17462","public class PackageManagerResolvePackageAnalytic : PackageManagerBaseAnalytic // TypeDefIndex: 17462"
"1098692","class","PackageManagerEmbedPackageAnalytic","17463","public class PackageManagerEmbedPackageAnalytic : PackageManagerBaseAnalytic // TypeDefIndex: 17463"
"1098708","class","PackageManagerResetPackageAnalytic","17464","public class PackageManagerResetPackageAnalytic : PackageManagerBaseAnalytic // TypeDefIndex: 17464"
"1098724","class","PackageManagerResolveErrorPackageAnalytic","17465","public class PackageManagerResolveErrorPackageAnalytic : PackageManagerBaseAnalytic // TypeDefIndex: 17465"
"1098744","class","PackageManagerStartServerPackageAnalytic","17466","public class PackageManagerStartServerPackageAnalytic : PackageManagerBaseAnalytic // TypeDefIndex: 17466"
"1098760","class","AssetImportStatusAnalytic","17467","internal class AssetImportStatusAnalytic : AnalyticsEventBase // TypeDefIndex: 17467"
"1098788","class","AssetImportAnalytic","17468","internal class AssetImportAnalytic : AnalyticsEventBase // TypeDefIndex: 17468"
"1098808","class","AssetExportAnalytic","17469","internal class AssetExportAnalytic : AnalyticsEventBase // TypeDefIndex: 17469"
"1098831","class","StallSummaryAnalytic","17470","public class StallSummaryAnalytic : AnalyticsEventBase // TypeDefIndex: 17470"
"1098850","class","StallMarkerAnalytic","17471","internal class StallMarkerAnalytic : AnalyticsEventBase // TypeDefIndex: 17471"
"1098871","class","TestAnalytic","17472","internal class TestAnalytic : AnalyticsEventBase // TypeDefIndex: 17472"
"1098890","class","VCProviderAnalytics","17473","public class VCProviderAnalytics : AnalyticsEventBase // TypeDefIndex: 17473"
"1098910","class","AudioSettings.AudioConfigurationChangeHandler","17475","public sealed class AudioSettings.AudioConfigurationChangeHandler : MulticastDelegate // TypeDefIndex: 17475"
"1098922","class","AudioSettings.Mobile","17476","public static class AudioSettings.Mobile // TypeDefIndex: 17476"
"1098968","class","AudioSettings","17477","public sealed class AudioSettings // TypeDefIndex: 17477"
"1099003","class","AudioClip.PCMReaderCallback","17478","public sealed class AudioClip.PCMReaderCallback : MulticastDelegate // TypeDefIndex: 17478"
"1099015","class","AudioClip.PCMSetPositionCallback","17479","public sealed class AudioClip.PCMSetPositionCallback : MulticastDelegate // TypeDefIndex: 17479"
"1099029","class","AudioClip","17480","public sealed class AudioClip : AudioResource // TypeDefIndex: 17480"
"1099064","class","AudioBehaviour","17481","public class AudioBehaviour : Behaviour // TypeDefIndex: 17481"
"1099075","class","AudioListener","17482","public sealed class AudioListener : AudioBehaviour // TypeDefIndex: 17482"
"1099090","class","AudioSource","17483","public sealed class AudioSource : AudioBehaviour // TypeDefIndex: 17483"
"1099194","class","AudioSampleProvider.SampleFramesHandler","17484","public sealed class AudioSampleProvider.SampleFramesHandler : MulticastDelegate // TypeDefIndex: 17484"
"1099208","class","AudioSampleProvider","17485","public class AudioSampleProvider // TypeDefIndex: 17485"
"1099231","class","AudioResource","17486","public abstract class AudioResource : Object // TypeDefIndex: 17486"
"1099245","struct","AudioClipPlayable","17487","public struct AudioClipPlayable : IEquatable<AudioClipPlayable> // TypeDefIndex: 17487"
"1099264","class","AudioMixer","17488","public class AudioMixer : Object // TypeDefIndex: 17488"
"1099281","class","AudioMixerGroup","17489","public class AudioMixerGroup : Object // TypeDefIndex: 17489"
"1099290","struct","AudioMixerPlayable","17490","public struct AudioMixerPlayable : IEquatable<AudioMixerPlayable> // TypeDefIndex: 17490"
"1099306","class","AudioMixerSnapshot","17491","public class AudioMixerSnapshot : Object // TypeDefIndex: 17491"
"1099315","struct","AudioPlayableOutput","17492","public struct AudioPlayableOutput // TypeDefIndex: 17492"
"1099327","enum","VFXCameraBufferTypes","17494","public enum VFXCameraBufferTypes // TypeDefIndex: 17494"
"1099338","class","VFXEventAttribute.BindingsMarshaller","17495","internal static class VFXEventAttribute.BindingsMarshaller // TypeDefIndex: 17495"
"1099349","class","VFXEventAttribute","17496","public sealed class VFXEventAttribute : IDisposable // TypeDefIndex: 17496"
"1099396","class","VFXExpressionValues","17497","public class VFXExpressionValues // TypeDefIndex: 17497"
"1099413","struct","VFXCameraXRSettings","17498","public struct VFXCameraXRSettings // TypeDefIndex: 17498"
"1099423","struct","VFXBatchedEffectInfo","17499","public struct VFXBatchedEffectInfo // TypeDefIndex: 17499"
"1099439","struct","VFXBatchInfo","17500","internal struct VFXBatchInfo // TypeDefIndex: 17500"
"1099451","class","VFXManager","17501","public static class VFXManager // TypeDefIndex: 17501"
"1099486","class","VFXSpawnerCallbacks","17502","public abstract class VFXSpawnerCallbacks : ScriptableObject // TypeDefIndex: 17502"
"1099506","class","VFXSpawnerState","17503","public sealed class VFXSpawnerState : IDisposable // TypeDefIndex: 17503"
"1099548","class","VisualEffectObject","17504","public abstract class VisualEffectObject : Object // TypeDefIndex: 17504"
"1099555","class","VisualEffectAsset","17505","public class VisualEffectAsset : VisualEffectObject // TypeDefIndex: 17505"
"1099568","struct","VFXOutputEventArgs","17506","public struct VFXOutputEventArgs // TypeDefIndex: 17506"
"1099588","class","VisualEffect","17507","public class VisualEffect : Behaviour // TypeDefIndex: 17507"
"1099621","class","VFXRenderer","17508","public sealed class VFXRenderer : Renderer // TypeDefIndex: 17508"
"1099636","class","AssetFileNameExtensionAttribute","17510","internal sealed class AssetFileNameExtensionAttribute : Attribute // TypeDefIndex: 17510"
"1099655","class","ThreadAndSerializationSafeAttribute","17511","internal class ThreadAndSerializationSafeAttribute : Attribute // TypeDefIndex: 17511"
"1099666","class","WritableAttribute","17512","internal class WritableAttribute : Attribute // TypeDefIndex: 17512"
"1099677","class","RejectDragAndDropMaterial","17513","internal class RejectDragAndDropMaterial : Attribute // TypeDefIndex: 17513"
"1099688","class","UnityEngineModuleAssembly","17514","internal class UnityEngineModuleAssembly : Attribute // TypeDefIndex: 17514"
"1099699","class","NativeClassAttribute","17515","internal sealed class NativeClassAttribute : Attribute // TypeDefIndex: 17515"
"1099732","class","UnityString","17516","internal sealed class UnityString // TypeDefIndex: 17516"
"1099743","class","VisibleToOtherModulesAttribute","17517","internal class VisibleToOtherModulesAttribute : Attribute // TypeDefIndex: 17517"
"1099757","class","NativeConditionalAttribute","17518","internal class NativeConditionalAttribute : Attribute // TypeDefIndex: 17518"
"1099788","class","NativeHeaderAttribute","17519","internal class NativeHeaderAttribute : Attribute // TypeDefIndex: 17519"
"1099814","class","NativeNameAttribute","17520","internal class NativeNameAttribute : Attribute // TypeDefIndex: 17520"
"1099837","class","NativeMethodAttribute","17521","internal class NativeMethodAttribute : Attribute // TypeDefIndex: 17521"
"1099900","enum","TargetType","17522","internal enum TargetType // TypeDefIndex: 17522"
"1099911","class","NativePropertyAttribute","17523","internal class NativePropertyAttribute : NativeMethodAttribute // TypeDefIndex: 17523"
"1099939","enum","CodegenOptions","17524","internal enum CodegenOptions // TypeDefIndex: 17524"
"1099951","class","NativeAsStructAttribute","17525","internal class NativeAsStructAttribute : Attribute // TypeDefIndex: 17525"
"1099962","class","NativeTypeAttribute","17526","internal class NativeTypeAttribute : Attribute // TypeDefIndex: 17526"
"1100010","class","NotNullAttribute","17527","internal class NotNullAttribute : Attribute // TypeDefIndex: 17527"
"1100021","class","UnmarshalledAttribute","17528","internal class UnmarshalledAttribute : Attribute // TypeDefIndex: 17528"
"1100032","class","FreeFunctionAttribute","17529","internal class FreeFunctionAttribute : NativeMethodAttribute // TypeDefIndex: 17529"
"1100049","class","ThreadSafeAttribute","17530","internal class ThreadSafeAttribute : NativeMethodAttribute // TypeDefIndex: 17530"
"1100059","enum","StaticAccessorType","17531","internal enum StaticAccessorType // TypeDefIndex: 17531"
"1100072","class","StaticAccessorAttribute","17532","internal class StaticAccessorAttribute : Attribute // TypeDefIndex: 17532"
"1100107","class","NativeThrowsAttribute","17533","internal class NativeThrowsAttribute : Attribute // TypeDefIndex: 17533"
"1100130","class","IgnoreAttribute","17534","internal class IgnoreAttribute : Attribute // TypeDefIndex: 17534"
"1100153","class","PreventReadOnlyInstanceModificationAttribute","17535","internal class PreventReadOnlyInstanceModificationAttribute : Attribute // TypeDefIndex: 17535"
"1100164","class","UsedByNativeCodeAttribute","17536","internal class UsedByNativeCodeAttribute : Attribute // TypeDefIndex: 17536"
"1100190","class","RequiredByNativeCodeAttribute","17537","internal class RequiredByNativeCodeAttribute : Attribute // TypeDefIndex: 17537"
"1100237","class","FirebaseAnalytics","17539","public static class FirebaseAnalytics // TypeDefIndex: 17539"
"1100369","class","Parameter","17540","public class Parameter // TypeDefIndex: 17540"
"1100409","class","FirebaseAnalyticsInternalPINVOKE.SWIGExceptionHelper.ExceptionDelegate","17541","public sealed class FirebaseAnalyticsInternalPINVOKE.SWIGExceptionHelper.ExceptionDelegate : MulticastDelegate // TypeDefIndex: 17541"
"1100421","class","FirebaseAnalyticsInternalPINVOKE.SWIGExceptionHelper.ExceptionArgumentDelegate","17542","public sealed class FirebaseAnalyticsInternalPINVOKE.SWIGExceptionHelper.ExceptionArgumentDelegate : MulticastDelegate // TypeDefIndex: 17542"
"1100433","class","FirebaseAnalyticsInternalPINVOKE.SWIGExceptionHelper","17543","protected class FirebaseAnalyticsInternalPINVOKE.SWIGExceptionHelper // TypeDefIndex: 17543"
"1100523","class","FirebaseAnalyticsInternalPINVOKE.SWIGPendingException","17544","public class FirebaseAnalyticsInternalPINVOKE.SWIGPendingException // TypeDefIndex: 17544"
"1100544","class","FirebaseAnalyticsInternalPINVOKE.SWIGStringHelper.SWIGStringDelegate","17545","public sealed class FirebaseAnalyticsInternalPINVOKE.SWIGStringHelper.SWIGStringDelegate : MulticastDelegate // TypeDefIndex: 17545"
"1100556","class","FirebaseAnalyticsInternalPINVOKE.SWIGStringHelper","17546","protected class FirebaseAnalyticsInternalPINVOKE.SWIGStringHelper // TypeDefIndex: 17546"
"1100578","class","FirebaseAnalyticsInternalPINVOKE","17547","internal class FirebaseAnalyticsInternalPINVOKE // TypeDefIndex: 17547"
"1100597","class","FirebaseAnalyticsInternal","17548","internal static class FirebaseAnalyticsInternal // TypeDefIndex: 17548"
"1100630","class","AssetBundle","17550","public class AssetBundle : Object // TypeDefIndex: 17550"
"1100742","class","AssetBundleCreateRequest.BindingsMarshaller","17551","internal static class AssetBundleCreateRequest.BindingsMarshaller // TypeDefIndex: 17551"
"1100756","class","AssetBundleCreateRequest","17552","public class AssetBundleCreateRequest : AsyncOperation // TypeDefIndex: 17552"
"1100777","class","AssetBundleRecompressOperation","17553","public class AssetBundleRecompressOperation : AsyncOperation // TypeDefIndex: 17553"
"1100781","class","AssetBundleRequest.BindingsMarshaller","17554","internal static class AssetBundleRequest.BindingsMarshaller // TypeDefIndex: 17554"
"1100795","class","AssetBundleRequest","17555","public class AssetBundleRequest : ResourceRequest // TypeDefIndex: 17555"
"1100825","class","AssetBundleUnloadOperation.BindingsMarshaller","17556","internal static class AssetBundleUnloadOperation.BindingsMarshaller // TypeDefIndex: 17556"
"1100839","class","AssetBundleUnloadOperation","17557","public class AssetBundleUnloadOperation : AsyncOperation // TypeDefIndex: 17557"
"1100859","struct","UnitySourceGeneratedAssemblyMonoScriptTypes_v1.MonoScriptData","17559","private struct UnitySourceGeneratedAssemblyMonoScriptTypes_v1.MonoScriptData // TypeDefIndex: 17559"
"1100873","class","UnitySourceGeneratedAssemblyMonoScriptTypes_v1","17560","internal class UnitySourceGeneratedAssemblyMonoScriptTypes_v1 // TypeDefIndex: 17560"
"1100885","struct","AppleAuthLoginArgs","17561","public struct AppleAuthLoginArgs // TypeDefIndex: 17561"
"1100899","class","AppleAuthManager","17562","public class AppleAuthManager : IAppleAuthManager // TypeDefIndex: 17562"
"1100938","struct","AppleAuthQuickLoginArgs","17563","public struct AppleAuthQuickLoginArgs // TypeDefIndex: 17563"
"1100951","interface","IAppleAuthManager","17564","public interface IAppleAuthManager // TypeDefIndex: 17564"
"1100981","class","AppleError","17565","internal class AppleError : IAppleError, ISerializationCallbackReceiver // TypeDefIndex: 17565"
"1101034","class","AppleIDCredential","17566","internal class AppleIDCredential : IAppleIDCredential, ICredential, ISerializationCallbackReceiver // TypeDefIndex: 17566"
"1101097","class","CredentialStateResponse","17567","internal class CredentialStateResponse : ICredentialStateResponse, ISerializationCallbackReceiver // TypeDefIndex: 17567"
"1101134","class","FullPersonName","17568","internal class FullPersonName : PersonName, IPersonName // TypeDefIndex: 17568"
"1101157","class","LoginWithAppleIdResponse","17569","internal class LoginWithAppleIdResponse : ILoginWithAppleIdResponse, ISerializationCallbackReceiver // TypeDefIndex: 17569"
"1101200","class","PasswordCredential","17570","internal class PasswordCredential : IPasswordCredential, ICredential, ISerializationCallbackReceiver // TypeDefIndex: 17570"
"1101229","class","PayloadDeserializer","17571","public class PayloadDeserializer : IPayloadDeserializer // TypeDefIndex: 17571"
"1101245","class","PersonName","17572","internal class PersonName : IPersonName, ISerializationCallbackReceiver // TypeDefIndex: 17572"
"1101298","class","SerializationTools","17573","internal static class SerializationTools // TypeDefIndex: 17573"
"1101335","interface","IAppleError","17574","public interface IAppleError // TypeDefIndex: 17574"
"1101367","interface","IAppleIDCredential","17575","public interface IAppleIDCredential : ICredential // TypeDefIndex: 17575"
"1101403","interface","ICredential","17576","public interface ICredential // TypeDefIndex: 17576"
"1101415","interface","ICredentialStateResponse","17577","public interface ICredentialStateResponse // TypeDefIndex: 17577"
"1101435","interface","ILoginWithAppleIdResponse","17578","public interface ILoginWithAppleIdResponse // TypeDefIndex: 17578"
"1101459","interface","IPasswordCredential","17579","public interface IPasswordCredential : ICredential // TypeDefIndex: 17579"
"1101471","interface","IPayloadDeserializer","17580","public interface IPayloadDeserializer // TypeDefIndex: 17580"
"1101483","interface","IPersonName","17581","public interface IPersonName // TypeDefIndex: 17581"
"1101520","class","AppleErrorExtensions","17582","public static class AppleErrorExtensions // TypeDefIndex: 17582"
"1101531","class","PersonNameExtensions","17583","public static class PersonNameExtensions // TypeDefIndex: 17583"
"1101541","enum","AuthorizationErrorCode","17584","public enum AuthorizationErrorCode // TypeDefIndex: 17584"
"1101553","enum","CredentialState","17585","public enum CredentialState // TypeDefIndex: 17585"
"1101565","enum","LoginOptions","17586","public enum LoginOptions // TypeDefIndex: 17586"
"1101575","enum","PersonNameFormatterStyle","17587","public enum PersonNameFormatterStyle // TypeDefIndex: 17587"
"1101587","enum","RealUserStatus","17588","public enum RealUserStatus // TypeDefIndex: 17588"
"1101619","class","Social","17593","public static class Social // TypeDefIndex: 17593"
"1101635","class","Local","17594","public class Local : ISocialPlatform // TypeDefIndex: 17594"
"1101665","class","ActivePlatform","17595","internal static class ActivePlatform // TypeDefIndex: 17595"
"1101687","interface","ISocialPlatform","17596","public interface ISocialPlatform // TypeDefIndex: 17596"
"1101697","interface","ILocalUser","17597","public interface ILocalUser : IUserProfile // TypeDefIndex: 17597"
"1101710","enum","UserState","17598","public enum UserState // TypeDefIndex: 17598"
"1101723","interface","IUserProfile","17599","public interface IUserProfile // TypeDefIndex: 17599"
"1101728","interface","IAchievement","17600","public interface IAchievement // TypeDefIndex: 17600"
"1101733","interface","IAchievementDescription","17601","public interface IAchievementDescription // TypeDefIndex: 17601"
"1101738","interface","IScore","17602","public interface IScore // TypeDefIndex: 17602"
"1101743","enum","UserScope","17603","public enum UserScope // TypeDefIndex: 17603"
"1101753","enum","TimeScope","17604","public enum TimeScope // TypeDefIndex: 17604"
"1101764","struct","Range","17605","public struct Range // TypeDefIndex: 17605"
"1101773","interface","ILeaderboard","17606","public interface ILeaderboard // TypeDefIndex: 17606"
"1101802","class","LocalUser","17607","public class LocalUser : UserProfile, ILocalUser, IUserProfile // TypeDefIndex: 17607"
"1101823","class","UserProfile","17608","public class UserProfile : IUserProfile // TypeDefIndex: 17608"
"1101862","class","Achievement","17609","public class Achievement : IAchievement // TypeDefIndex: 17609"
"1101867","class","AchievementDescription","17610","public class AchievementDescription : IAchievementDescription // TypeDefIndex: 17610"
"1101872","class","Leaderboard","17611","public class Leaderboard : ILeaderboard // TypeDefIndex: 17611"
"1101923","struct","CorePackageInitializer.","17613","private struct CorePackageInitializer.<GenerateProjectConfigurationAsync>d__53 : IAsyncStateMachine // TypeDefIndex: 17613"
"1101944","struct","CorePackageInitializer.","17614","private struct CorePackageInitializer.<GetSerializedConfigOrEmptyAsync>d__54 : IAsyncStateMachine // TypeDefIndex: 17614"
"1101963","struct","CorePackageInitializer.","17615","private struct CorePackageInitializer.<InitializeComponents>d__47 : IAsyncStateMachine // TypeDefIndex: 17615"
"1101983","struct","CorePackageInitializer.","17616","private struct CorePackageInitializer.<InitializeProjectConfigAsync>d__52 : IAsyncStateMachine // TypeDefIndex: 17616"
"1102003","class","CorePackageInitializer","17617","internal class CorePackageInitializer : IInitializablePackageV2, IInitializablePackage, IDiagnosticsComponentProvider // TypeDefIndex: 17617"
"1102189","class","UnityWebRequestAssetBundle","17619","public static class UnityWebRequestAssetBundle // TypeDefIndex: 17619"
"1102213","class","DownloadHandlerAssetBundle.BindingsMarshaller","17620","internal static class DownloadHandlerAssetBundle.BindingsMarshaller // TypeDefIndex: 17620"
"1102223","class","DownloadHandlerAssetBundle","17621","public sealed class DownloadHandlerAssetBundle : DownloadHandler // TypeDefIndex: 17621"
"1102299","struct","UnitySourceGeneratedAssemblyMonoScriptTypes_v1.MonoScriptData","17623","private struct UnitySourceGeneratedAssemblyMonoScriptTypes_v1.MonoScriptData // TypeDefIndex: 17623"
"1102313","class","UnitySourceGeneratedAssemblyMonoScriptTypes_v1","17624","internal class UnitySourceGeneratedAssemblyMonoScriptTypes_v1 // TypeDefIndex: 17624"
"1102325","class","ActivityResult","17625","public static class ActivityResult // TypeDefIndex: 17625"
"1102334","class","PlayCoreConstants","17626","public static class PlayCoreConstants // TypeDefIndex: 17626"
"1102345","class","PlayCoreEventHandler","17627","public class PlayCoreEventHandler : MonoBehaviour // TypeDefIndex: 17627"
"1102374","class","PlayCoreHelper","17628","public static class PlayCoreHelper // TypeDefIndex: 17628"
"1102404","class","PlayCoreOnFailureListener.","17629","private sealed class PlayCoreOnFailureListener.<>c // TypeDefIndex: 17629"
"1102424","class","PlayCoreOnFailureListener.","17630","private sealed class PlayCoreOnFailureListener.<>c__DisplayClass4_0 // TypeDefIndex: 17630"
"1102441","class","PlayCoreOnFailureListener","17631","public class PlayCoreOnFailureListener : AndroidJavaProxy // TypeDefIndex: 17631"
"1102467","class","PlayCoreOnSuccessListener.","17632","private sealed class PlayCoreOnSuccessListener.<>c<TAndroidJava> // TypeDefIndex: 17632"
"1102502","class","PlayCoreOnSuccessListener.","17633","private sealed class PlayCoreOnSuccessListener.<>c__DisplayClass4_0<TAndroidJava> // TypeDefIndex: 17633"
"1102528","class","PlayCoreOnSuccessListener","17634","public class PlayCoreOnSuccessListener<TAndroidJava> : AndroidJavaProxy // TypeDefIndex: 17634"
"1102572","class","PlayServicesTask","17635","public class PlayServicesTask<TAndroidJava> : IDisposable // TypeDefIndex: 17635"
"1102649","class","TaskOnFailureListener.","17636","private sealed class TaskOnFailureListener.<>c // TypeDefIndex: 17636"
"1102669","class","TaskOnFailureListener.","17637","private sealed class TaskOnFailureListener.<>c__DisplayClass4_0 // TypeDefIndex: 17637"
"1102686","class","TaskOnFailureListener","17638","public class TaskOnFailureListener : AndroidJavaProxy // TypeDefIndex: 17638"
"1102712","class","TaskOnSuccessListener.","17639","private sealed class TaskOnSuccessListener.<>c<TAndroidJava> // TypeDefIndex: 17639"
"1102756","class","TaskOnSuccessListener.","17640","private sealed class TaskOnSuccessListener.<>c__DisplayClass4_0<TAndroidJava> // TypeDefIndex: 17640"
"1102788","class","TaskOnSuccessListener","17641","public class TaskOnSuccessListener<TAndroidJava> : AndroidJavaProxy // TypeDefIndex: 17641"
"1102865","class","ClientBuilderBase.ExtraHeadersInitializer","17646","private class ClientBuilderBase.ExtraHeadersInitializer<TClient> : IConfigurableHttpClientInitializer // TypeDefIndex: 17646"
"1102896","class","ClientBuilderBase.ExtraHeadersInterceptor","17647","private class ClientBuilderBase.ExtraHeadersInterceptor<TClient> : IHttpExecuteInterceptor // TypeDefIndex: 17647"
"1102929","class","ClientBuilderBase.","17648","private sealed class ClientBuilderBase.<>c<TClient> // TypeDefIndex: 17648"
"1102972","class","ClientBuilderBase","17649","public abstract class ClientBuilderBase<TClient> // TypeDefIndex: 17649"
"1103236","class","ScopedCredentialProvider.","17650","private sealed class ScopedCredentialProvider.<>c // TypeDefIndex: 17650"
"1103256","struct","ScopedCredentialProvider.","17651","private struct ScopedCredentialProvider.<CreateDefaultCredentialsUncached>d__7 : IAsyncStateMachine // TypeDefIndex: 17651"
"1103275","class","ScopedCredentialProvider","17652","public sealed class ScopedCredentialProvider // TypeDefIndex: 17652"
"1103306","class","UserAgentHelper","17653","public static class UserAgentHelper // TypeDefIndex: 17653"
"1103320","class","JsonUtility","17655","public static class JsonUtility // TypeDefIndex: 17655"
"1103370","enum","DownloadedTextureFlags","17657","public enum DownloadedTextureFlags // TypeDefIndex: 17657"
"1103381","struct","DownloadedTextureParams","17658","public struct DownloadedTextureParams // TypeDefIndex: 17658"
"1103404","class","DownloadHandlerTexture.BindingsMarshaller","17659","internal static class DownloadHandlerTexture.BindingsMarshaller // TypeDefIndex: 17659"
"1103414","class","DownloadHandlerTexture","17660","public sealed class DownloadHandlerTexture : DownloadHandler // TypeDefIndex: 17660"
"1103457","class","UnityWebRequestTexture","17661","public static class UnityWebRequestTexture // TypeDefIndex: 17661"
"1103473","enum","NativeShare.ShareResult","17663","public enum NativeShare.ShareResult // TypeDefIndex: 17663"
"1103483","class","NativeShare.ShareResultCallback","17664","public sealed class NativeShare.ShareResultCallback : MulticastDelegate // TypeDefIndex: 17664"
"1103501","class","NativeShare","17665","public class NativeShare // TypeDefIndex: 17665"
"1103585","struct","UnitySourceGeneratedAssemblyMonoScriptTypes_v1.MonoScriptData","17666","private struct UnitySourceGeneratedAssemblyMonoScriptTypes_v1.MonoScriptData // TypeDefIndex: 17666"
"1103599","class","UnitySourceGeneratedAssemblyMonoScriptTypes_v1","17667","internal class UnitySourceGeneratedAssemblyMonoScriptTypes_v1 // TypeDefIndex: 17667"
"1103612","class","NSCallbackHelper.","17668","private sealed class NSCallbackHelper.<OnApplicationFocus>d__6 : IEnumerator<object>, IEnumerator, IDisposable // TypeDefIndex: 17668"
"1103651","class","NSCallbackHelper","17669","public class NSCallbackHelper : MonoBehaviour // TypeDefIndex: 17669"
"1103679","class","NSShareResultCallbackAndroid","17670","public class NSShareResultCallbackAndroid : AndroidJavaProxy // TypeDefIndex: 17670"
"1103720","class","ImageConversion","17675","public static class ImageConversion // TypeDefIndex: 17675"
"1103767","class","WWW","17677","public class WWW : CustomYieldInstruction, IDisposable // TypeDefIndex: 17677"
"1103802","class","Expiration","17679","public sealed class Expiration // TypeDefIndex: 17679"
"1103829","class","GaxEqualityHelpers","17680","public static class GaxEqualityHelpers // TypeDefIndex: 17680"
"1103841","class","GaxPreconditions","17681","public static class GaxPreconditions // TypeDefIndex: 17681"
"1103875","class","PollSettings","17682","public sealed class PollSettings // TypeDefIndex: 17682"
"1103898","class","TaskExtensions","17683","public static class TaskExtensions // TypeDefIndex: 17683"
"1103922","class","VersionHeaderBuilder.","17684","private sealed class VersionHeaderBuilder.<>c // TypeDefIndex: 17684"
"1103941","class","VersionHeaderBuilder","17685","public sealed class VersionHeaderBuilder // TypeDefIndex: 17685"
"1103989","class","NavMesh.OnNavMeshPreUpdate","17687","public sealed class NavMesh.OnNavMeshPreUpdate : MulticastDelegate // TypeDefIndex: 17687"
"1104005","class","NavMesh","17688","public static class NavMesh // TypeDefIndex: 17688"
"1104025","class","GridLayout","17690","public class GridLayout : Behaviour // TypeDefIndex: 17690"
"1104055","class","SpriteMask","17692","public sealed class SpriteMask : Renderer // TypeDefIndex: 17692"
"1104061","class","SpriteMaskUtility","17693","internal static class SpriteMaskUtility // TypeDefIndex: 17693"
"1104077","struct","UnitySourceGeneratedAssemblyMonoScriptTypes_v1.MonoScriptData","17695","private struct UnitySourceGeneratedAssemblyMonoScriptTypes_v1.MonoScriptData // TypeDefIndex: 17695"
"1104091","class","UnitySourceGeneratedAssemblyMonoScriptTypes_v1","17696","internal class UnitySourceGeneratedAssemblyMonoScriptTypes_v1 // TypeDefIndex: 17696"
"1104104","class","GraphicMaterialOverride","17697","public class GraphicMaterialOverride : MonoBehaviour, IMaterialModifier // TypeDefIndex: 17697"
"1104139","class","GraphicPropertyOverride","17698","public abstract class GraphicPropertyOverride : MonoBehaviour, IMaterialPropertyModifier // TypeDefIndex: 17698"
"1104180","class","GraphicPropertyOverride","17699","public abstract class GraphicPropertyOverride<T> : GraphicPropertyOverride // TypeDefIndex: 17699"
"1104341","class","GraphicPropertyOverrideColor","17700","public class GraphicPropertyOverrideColor : GraphicPropertyOverride<Color> // TypeDefIndex: 17700"
"1104357","class","GraphicPropertyOverrideFloat","17701","public class GraphicPropertyOverrideFloat : GraphicPropertyOverride<float> // TypeDefIndex: 17701"
"1104373","class","GraphicPropertyOverrideInt","17702","public class GraphicPropertyOverrideInt : GraphicPropertyOverride<int> // TypeDefIndex: 17702"
"1104389","class","GraphicPropertyOverrideRange","17703","public class GraphicPropertyOverrideRange : GraphicPropertyOverride<float> // TypeDefIndex: 17703"
"1104405","class","GraphicPropertyOverrideTexture","17704","public class GraphicPropertyOverrideTexture : GraphicPropertyOverride<Texture> // TypeDefIndex: 17704"
"1104421","class","GraphicPropertyOverrideVector","17705","public class GraphicPropertyOverrideVector : GraphicPropertyOverride<Vector4> // TypeDefIndex: 17705"
"1104436","interface","IMaterialPropertyModifier","17706","public interface IMaterialPropertyModifier // TypeDefIndex: 17706"
"1104484","class","SpriteShapeRenderer","17711","public class SpriteShapeRenderer : Renderer // TypeDefIndex: 17711"
"1104492","interface","INativeStore","17713","public interface INativeStore // TypeDefIndex: 17713"
"1104507","class","UnityPurchasingCallback","17714","internal sealed class UnityPurchasingCallback : MulticastDelegate // TypeDefIndex: 17714"
"1104519","class","MiniJson","17715","public class MiniJson // TypeDefIndex: 17715"
"1104531","enum","Json.Parser.TOKEN","17716","private enum Json.Parser.TOKEN // TypeDefIndex: 17716"
"1104550","class","Json.Parser","17717","private sealed class Json.Parser : IDisposable // TypeDefIndex: 17717"
"1104610","class","Json.Serializer","17718","private sealed class Json.Serializer // TypeDefIndex: 17718"
"1104640","class","Json","17719","public static class Json // TypeDefIndex: 17719"
"1104653","class","MiniJsonExtensions","17720","public static class MiniJsonExtensions // TypeDefIndex: 17720"
"1104683","class","ActionScheduler","17722","internal class ActionScheduler : IActionScheduler, IServiceComponent // TypeDefIndex: 17722"
"1104713","class","MinimumBinaryHeap","17723","internal abstract class MinimumBinaryHeap // TypeDefIndex: 17723"
"1104723","struct","MinimumBinaryHeap.","17724","private struct MinimumBinaryHeap.<>c__DisplayClass21_0<T> // TypeDefIndex: 17724"
"1104732","class","MinimumBinaryHeap","17725","internal class MinimumBinaryHeap<T> : MinimumBinaryHeap // TypeDefIndex: 17725"
"1104952","class","ScheduledInvocation","17726","internal class ScheduledInvocation // TypeDefIndex: 17726"
"1104961","class","ScheduledInvocationComparer","17727","internal class ScheduledInvocationComparer : IComparer<ScheduledInvocation> // TypeDefIndex: 17727"
"1104973","interface","ITimeProvider","17728","internal interface ITimeProvider // TypeDefIndex: 17728"
"1104985","class","UtcTimeProvider","17729","internal class UtcTimeProvider : ITimeProvider // TypeDefIndex: 17729"
"1105004","class","CloudProjectId","17731","internal class CloudProjectId : ICloudProjectId, IServiceComponent // TypeDefIndex: 17731"
"1105017","class","ConfigurationCollectionHelper","17732","internal static class ConfigurationCollectionHelper // TypeDefIndex: 17732"
"1105036","class","ConfigurationEntry","17733","internal class ConfigurationEntry // TypeDefIndex: 17733"
"1105077","class","ConfigurationUtils","17734","internal static class ConfigurationUtils // TypeDefIndex: 17734"
"1105097","class","ExternalUserId","17735","internal class ExternalUserId : IExternalUserId, IServiceComponent // TypeDefIndex: 17735"
"1105106","interface","IConfigurationLoader","17736","internal interface IConfigurationLoader // TypeDefIndex: 17736"
"1105115","class","ProjectConfiguration","17737","internal class ProjectConfiguration : IProjectConfiguration, IServiceComponent // TypeDefIndex: 17737"
"1105133","struct","SerializableProjectConfiguration","17738","internal struct SerializableProjectConfiguration // TypeDefIndex: 17738"
"1105154","struct","StreamingAssetsConfigurationLoader.","17739","private struct StreamingAssetsConfigurationLoader.<GetConfigAsync>d__2 : IAsyncStateMachine // TypeDefIndex: 17739"
"1105173","class","StreamingAssetsConfigurationLoader","17740","internal class StreamingAssetsConfigurationLoader : IConfigurationLoader // TypeDefIndex: 17740"
"1105189","class","StreamingAssetsUtils","17741","internal static class StreamingAssetsUtils // TypeDefIndex: 17741"
"1105202","class","ExternalUserIdProperty","17743","internal class ExternalUserIdProperty // TypeDefIndex: 17743"
"1105225","interface","IUnityServices","17744","public interface IUnityServices // TypeDefIndex: 17744"
"1105240","class","InitializationOptions","17745","public class InitializationOptions // TypeDefIndex: 17745"
"1105266","class","ServicesInitializationException","17746","public class ServicesInitializationException : Exception // TypeDefIndex: 17746"
"1105281","enum","ServicesInitializationState","17747","public enum ServicesInitializationState // TypeDefIndex: 17747"
"1105291","class","UnityProjectNotLinkedException","17748","internal class UnityProjectNotLinkedException : ServicesInitializationException // TypeDefIndex: 17748"
"1105301","struct","UnityServices.","17749","private struct UnityServices.<InitializeAsync>d__26 : IAsyncStateMachine // TypeDefIndex: 17749"
"1105321","class","UnityServices","17750","public static class UnityServices // TypeDefIndex: 17750"
"1105385","class","UnityServicesBuilder.CreationDelegate","17751","internal sealed class UnityServicesBuilder.CreationDelegate : MulticastDelegate // TypeDefIndex: 17751"
"1105397","class","UnityServicesBuilder","17752","internal static class UnityServicesBuilder // TypeDefIndex: 17752"
"1105414","class","UnityThreadUtils","17753","internal static class UnityThreadUtils // TypeDefIndex: 17753"
"1105444","enum","FacebookSettings.BuildTarget","17755","public enum FacebookSettings.BuildTarget // TypeDefIndex: 17755"
"1105467","class","FacebookSettings.OnChangeCallback","17756","public sealed class FacebookSettings.OnChangeCallback : MulticastDelegate // TypeDefIndex: 17756"
"1105486","class","FacebookSettings.UrlSchemes","17757","public class FacebookSettings.UrlSchemes // TypeDefIndex: 17757"
"1105510","class","FacebookSettings.","17758","private sealed class FacebookSettings.<>c // TypeDefIndex: 17758"
"1105529","class","FacebookSettings","17759","public class FacebookSettings : ScriptableObject // TypeDefIndex: 17759"
"1105730","struct","UnitySourceGeneratedAssemblyMonoScriptTypes_v1.MonoScriptData","17761","private struct UnitySourceGeneratedAssemblyMonoScriptTypes_v1.MonoScriptData // TypeDefIndex: 17761"
"1105744","class","UnitySourceGeneratedAssemblyMonoScriptTypes_v1","17762","internal class UnitySourceGeneratedAssemblyMonoScriptTypes_v1 // TypeDefIndex: 17762"
"1105756","class","PlayReviewInfo","17763","public class PlayReviewInfo // TypeDefIndex: 17763"
"1105771","enum","ReviewErrorCode","17764","public enum ReviewErrorCode // TypeDefIndex: 17764"
"1105783","class","ReviewManager.","17765","private sealed class ReviewManager.<>c__DisplayClass5_0 // TypeDefIndex: 17765"
"1105803","class","ReviewManager.","17766","private sealed class ReviewManager.<>c__DisplayClass6_0 // TypeDefIndex: 17766"
"1105822","class","ReviewManager","17767","public class ReviewManager // TypeDefIndex: 17767"
"1105847","class","ReviewAsyncOperation","17768","internal class ReviewAsyncOperation<TResult> : PlayAsyncOperationImpl<TResult, ReviewErrorCode> // TypeDefIndex: 17768"
"1105878","class","ReviewPlayServicesTaskManager","17769","internal class ReviewPlayServicesTaskManager : IDisposable // TypeDefIndex: 17769"
"1105921","enum","DebugMaterialMode","17774","public enum DebugMaterialMode // TypeDefIndex: 17774"
"1105942","enum","DebugVertexAttributeMode","17775","public enum DebugVertexAttributeMode // TypeDefIndex: 17775"
"1105958","enum","DebugMaterialValidationMode","17776","public enum DebugMaterialValidationMode // TypeDefIndex: 17776"
"1105969","enum","DebugFullScreenMode","17777","public enum DebugFullScreenMode // TypeDefIndex: 17777"
"1105986","enum","DebugSceneOverrideMode","17778","public enum DebugSceneOverrideMode // TypeDefIndex: 17778"
"1105998","enum","DebugOverdrawMode","17779","public enum DebugOverdrawMode // TypeDefIndex: 17779"
"1106010","enum","DebugMipInfoMode","17780","public enum DebugMipInfoMode // TypeDefIndex: 17780"
"1106025","enum","DebugMipMapStatusMode","17781","public enum DebugMipMapStatusMode // TypeDefIndex: 17781"
"1106035","enum","DebugMipMapModeTerrainTexture","17782","public enum DebugMipMapModeTerrainTexture // TypeDefIndex: 17782"
"1106052","enum","DebugPostProcessingMode","17783","public enum DebugPostProcessingMode // TypeDefIndex: 17783"
"1106063","enum","DebugValidationMode","17784","public enum DebugValidationMode // TypeDefIndex: 17784"
"1106076","enum","PixelValidationChannels","17785","public enum PixelValidationChannels // TypeDefIndex: 17785"
"1106089","enum","DebugLightingMode","17786","public enum DebugLightingMode // TypeDefIndex: 17786"
"1106104","enum","HDRDebugMode","17787","public enum HDRDebugMode // TypeDefIndex: 17787"
"1106117","enum","DebugLightingFeatureFlags","17788","public enum DebugLightingFeatureFlags // TypeDefIndex: 17788"
"1106132","struct","ShaderInput.LightData","17789","public struct ShaderInput.LightData // TypeDefIndex: 17789"
"1106144","class","ShaderInput","17790","public static class ShaderInput // TypeDefIndex: 17790"
"1106152","class","InstallationId","17792","internal class InstallationId : IInstallationId, IServiceComponent // TypeDefIndex: 17792"
"1106179","class","AndroidUtils","17793","internal static class AndroidUtils // TypeDefIndex: 17793"
"1106206","interface","IUserIdentifierProvider","17794","internal interface IUserIdentifierProvider // TypeDefIndex: 17794"
"1106221","class","UnityAdsIdentifier","17795","internal class UnityAdsIdentifier : IUserIdentifierProvider // TypeDefIndex: 17795"
"1106246","class","UnityAnalyticsIdentifier","17796","internal class UnityAnalyticsIdentifier : IUserIdentifierProvider // TypeDefIndex: 17796"
"1106264","class","UnityEngineIdentifier","17797","internal class UnityEngineIdentifier : IUserIdentifierProvider // TypeDefIndex: 17797"
"1106286","class","AppleReceipt","17799","public class AppleReceipt // TypeDefIndex: 17799"
"1106350","class","AppleInAppPurchaseReceipt","17800","public class AppleInAppPurchaseReceipt : IPurchaseReceipt // TypeDefIndex: 17800"
"1106476","class","IAPSecurityException","17801","public class IAPSecurityException : Exception // TypeDefIndex: 17801"
"1106488","class","InvalidSignatureException","17802","public class InvalidSignatureException : IAPSecurityException // TypeDefIndex: 17802"
"1106497","interface","IPurchaseReceipt","17803","public interface IPurchaseReceipt // TypeDefIndex: 17803"
"1106514","class","DataContractAttribute","17805","public sealed class DataContractAttribute : Attribute // TypeDefIndex: 17805"
"1106530","class","DataMemberAttribute","17806","public sealed class DataMemberAttribute : Attribute // TypeDefIndex: 17806"
"1106561","class","EnumMemberAttribute","17807","public sealed class EnumMemberAttribute : Attribute // TypeDefIndex: 17807"
"1106577","class","IgnoreDataMemberAttribute","17808","public sealed class IgnoreDataMemberAttribute : Attribute // TypeDefIndex: 17808"
"1106585","interface","IWindowsIAPCallback","17810","public interface IWindowsIAPCallback // TypeDefIndex: 17810"
"1106589","interface","IWindowsIAP","17811","public interface IWindowsIAP // TypeDefIndex: 17811"
"1106610","class","WinProductDescription","17812","public class WinProductDescription // TypeDefIndex: 17812"
"1106691","class","ConfigurationElement","17814","public abstract class ConfigurationElement // TypeDefIndex: 17814"
"1106712","class","ConfigurationSection","17815","public abstract class ConfigurationSection : ConfigurationElement // TypeDefIndex: 17815"
"1106730","enum","ConfigurationSaveMode","17816","public enum ConfigurationSaveMode // TypeDefIndex: 17816"
"1106741","class","ConfigurationPropertyCollection","17817","public class ConfigurationPropertyCollection // TypeDefIndex: 17817"
"1106746","class","ConfigurationElementCollection","17818","public abstract class ConfigurationElementCollection : ConfigurationElement // TypeDefIndex: 17818"
"1106751","class","ConfigurationCollectionAttribute","17819","public sealed class ConfigurationCollectionAttribute : Attribute // TypeDefIndex: 17819"
"1106760","class","ConfigurationSectionGroup","17820","public class ConfigurationSectionGroup // TypeDefIndex: 17820"
"1106764","class","IgnoreSection","17821","public sealed class IgnoreSection : ConfigurationSection // TypeDefIndex: 17821"
"1106794","class","ThrowStub","17822","internal sealed class ThrowStub : ObjectDisposedException // TypeDefIndex: 17822"
"1106807","class","Diagnostics","17824","internal class Diagnostics : IDiagnostics // TypeDefIndex: 17824"
"1106823","class","DiagnosticsFactory","17825","internal class DiagnosticsFactory : IDiagnosticsFactory, IServiceComponent // TypeDefIndex: 17825"
"1106839","class","Metrics","17826","internal class Metrics : IMetrics // TypeDefIndex: 17826"
"1106861","class","MetricsFactory","17827","internal class MetricsFactory : IMetricsFactory, IServiceComponent // TypeDefIndex: 17827"
"1106881","class","CameraCaptureBridge","17829","internal static class CameraCaptureBridge // TypeDefIndex: 17829"
"1106895","class","Identifiers","17831","public static class Identifiers // TypeDefIndex: 17831"
"1106918","interface","INativeAppleStore","17833","internal interface INativeAppleStore : INativeStore // TypeDefIndex: 17833"
"1106950","class","OSXStoreBindings","17835","internal class OSXStoreBindings : INativeAppleStore, INativeStore // TypeDefIndex: 17835"
"1106994","class","iOSStoreBindings","17837","internal class iOSStoreBindings : INativeAppleStore, INativeStore // TypeDefIndex: 17837"
"1107038","class","AndroidWrapper","17839","internal class AndroidWrapper : IAndroidWrapper // TypeDefIndex: 17839"
"1107072","class","Environments","17841","internal class Environments : IEnvironments, IServiceComponent // TypeDefIndex: 17841"
"1107097","class","UnityThreadUtilsInternal","17843","internal class UnityThreadUtilsInternal : IUnityThreadUtils, IServiceComponent // TypeDefIndex: 17843"
"1107110","class","Factory","17845","public class Factory // TypeDefIndex: 17845"
"1107123","interface","I25851843006f14186907b66589789599","17847","internal interface I25851843006f14186907b66589789599 // TypeDefIndex: 17847"
"1107135","class","Unsafe","17850","internal static class Unsafe // TypeDefIndex: 17850"
"1107157","class","NonVersionableAttribute","17851","internal sealed class NonVersionableAttribute : Attribute // TypeDefIndex: 17851"
"1107166","interface","IActivationFactory","17852","internal interface IActivationFactory // TypeDefIndex: 17852"
"1107175","class","__Il2CppComObject","17853","internal class __Il2CppComObject // TypeDefIndex: 17853"
"1107184","class","__Il2CppComDelegate","17854","internal sealed class __Il2CppComDelegate : __Il2CppComObject // TypeDefIndex: 17854"
"1107193","class","__Il2CppFullySharedGenericType","17855","internal abstract class __Il2CppFullySharedGenericType : ValueType // TypeDefIndex: 17855"
"1107197","struct","__Il2CppFullySharedGenericStructType","17856","internal abstract struct __Il2CppFullySharedGenericStructType // TypeDefIndex: 17856"
